"VisitorID","Gender","Age","Status","PassType","FoodBeverage","Merchandising","RollerCoaster","FantasyCarousel","DolphinDance","WaterRapidsAdventure","HauntedMansion","SpaceJourney","KiddieTrainRide","Theatre","QueueTime","Incidents","Repeat","HostRating","Pilot","Promotion","Rain","Revenue"
"DOLPHA-1","M",6,"Local","MultiPass",10,20,1,1,1,0,0,0,0,0,0,NA,4,4,1,"N","N",130
"DOLPHA-101","M",25,"Local","SinglePass",24,9,1,0,0,0,0,0,0,1,2,"WaterRapidsAdventure",2,1,1,"N","N",58
"DOLPHA-103","M",9,"Local","MultiPass",10,7,1,0,0,1,1,1,1,0,1,NA,4,3,1,"N","N",117
"DOLPHA-105","F",43,"Local","SinglePass",25,40,0,0,0,0,0,0,0,1,3,NA,3,2,1,"N","Y",65
"DOLPHA-107","F",21,"Local","SinglePass",14,5,1,0,1,0,0,0,0,1,1,NA,1,3,1,"N","N",69
"DOLPHA-109","M",36,"Local","SinglePass",14,40,0,0,0,0,0,0,0,1,1,NA,1,4,1,"N","N",54
"DOLPHA-11","M",44,"Overseas","SinglePass",16,0,0,0,0,0,0,0,0,1,1,NA,1,3,1,"N","Y",16
"DOLPHA-111","F",9,"Local","MultiPass",21,8,1,0,0,1,1,1,1,0,2,NA,3,1,1,"N","N",129
"DOLPHA-113","M",23,"Local","MultiPass",12,6,1,0,1,1,0,1,1,0,2,NA,4,1,1,"N","N",118
"DOLPHA-115","M",41,"Local","MultiPass",17,40,0,0,0,0,0,0,0,1,2,"WaterRapidsAdventure",1,1,1,"N","N",157
"DOLPHA-117","M",24,"Local","SinglePass",14,5,1,0,1,0,0,1,1,0,2,NA,2,2,1,"N","N",119
"DOLPHA-119","F",32,"Local","MultiPass",18,40,0,0,1,0,0,0,0,1,3,NA,2,2,1,"N","N",158
"DOLPHA-121","M",12,"Local","MultiPass",12,0,1,0,1,1,1,1,1,0,1,"WaterRapidsAdventure",1,3,1,"N","N",112
"DOLPHA-123","F",13,"Local","SinglePass",18,0,1,0,0,0,1,1,1,0,2,"WaterRapidsAdventure",4,2,1,"Y","Y",118
"DOLPHA-125","F",11,"Local","SinglePass",10,0,1,0,0,1,1,1,1,0,2,NA,1,2,1,"N","N",135
"DOLPHA-127","M",44,"Local","SinglePass",15,40,0,0,0,0,0,0,0,1,3,NA,3,2,1,"Y","Y",55
"DOLPHA-129","M",19,"Local","MultiPass",22,0,1,0,1,0,0,0,0,1,1,NA,2,3,1,"N","Y",122
"DOLPHA-13","M",21,"Overseas","SinglePass",14,0,0,0,0,1,0,1,1,0,1,NA,1,4,1,"N","N",89
"DOLPHA-131","F",29,"Local","SinglePass",13,40,0,0,1,0,0,1,0,0,2,NA,3,1,1,"N","Y",103
"DOLPHA-133","M",19,"Local","SinglePass",13,0,1,0,0,0,0,1,1,0,2,NA,1,2,1,"Y","Y",88
"DOLPHA-135","M",12,"Local","SinglePass",24,0,1,0,1,1,1,1,1,0,3,"FantasyCarousel",1,1,1,"Y","Y",174
"DOLPHA-137","M",39,"Local","MultiPass",15,40,0,0,0,0,0,0,0,1,1,NA,1,4,1,"N","N",155
"DOLPHA-139","F",42,"Local","MultiPass",12,40,0,0,0,0,0,1,1,0,1,NA,4,3,1,"N","N",152
"DOLPHA-141","M",18,"Local","MultiPass",24,0,1,0,1,1,0,1,0,0,1,"FantasyCarousel",1,4,1,"Y","Y",124
"DOLPHA-143","F",34,"Local","SinglePass",14,40,0,0,0,0,0,1,0,0,1,NA,1,3,1,"N","N",79
"DOLPHA-145","F",8,"Local","MultiPass",10,0,1,0,1,1,1,1,1,0,2,"FantasyCarousel",2,2,1,"N","N",110
"DOLPHA-147","M",45,"Local","MultiPass",22,40,0,0,0,0,0,0,0,1,1,NA,3,3,1,"N","N",162
"DOLPHA-149","F",19,"Local","SinglePass",23,0,1,0,0,1,0,0,0,1,1,NA,1,4,1,"N","Y",73
"DOLPHA-15","M",43,"Local","MultiPass",25,0,0,0,0,0,0,0,0,1,1,NA,1,3,1,"N","N",125
"DOLPHA-151","F",40,"Local","MultiPass",16,40,0,0,0,0,0,0,0,1,2,"WaterRapidsAdventure",2,1,1,"N","N",156
"DOLPHA-153","M",10,"Local","SinglePass",10,0,1,0,0,0,1,1,0,0,2,NA,4,1,1,"N","N",85
"DOLPHA-155","M",160,"Local","MultiPass",10,22,0,0,0,0,0,1,0,0,2,NA,2,2,1,"N","Y",132
"DOLPHA-157","F",26,"Local","MultiPass",21,40,0,0,0,1,0,1,0,0,3,"WaterRapidsAdventure",1,1,1,"N","N",161
"DOLPHA-159","M",25,"Local","SinglePass",17,0,1,0,0,0,0,0,0,1,2,"WaterRapidsAdventure",1,1,1,"N","N",42
"DOLPHA-161","M",23,"Local","SinglePass",18,0,1,0,0,0,0,1,0,0,2,"WaterRapidsAdventure",2,2,1,"Y","Y",68
"DOLPHA-163","M",25,"Local","SinglePass",23,0,1,0,0,0,0,1,0,0,2,NA,1,2,1,"N","N",73
"DOLPHA-165","F",11,"Local","MultiPass",10,0,1,0,0,1,1,1,0,0,3,"WaterRapidsAdventure",1,2,1,"N","Y",110
"DOLPHA-167","M",16,"Local","SinglePass",19,0,1,0,0,0,0,1,0,0,3,"WaterRapidsAdventure",1,2,1,"N","N",69
"DOLPHA-169","F",7,"Local","SinglePass",10,0,1,0,0,0,1,0,1,1,3,"WaterRapidsAdventure",3,2,1,"N","Y",85
"DOLPHA-17","M",49,"Local","SinglePass",23,0,0,0,0,0,0,0,0,1,1,NA,3,4,1,"N","N",23
"DOLPHA-171","F",14,"Local","SinglePass",25,0,1,0,1,0,0,1,0,0,3,NA,1,2,1,"N","N",100
"DOLPHA-173","M",24,"Local","MultiPass",15,0,1,0,1,0,0,1,0,0,2,NA,3,1,1,"Y","Y",115
"DOLPHA-175","F",9,"Local","MultiPass",10,0,1,0,0,0,1,1,1,0,2,NA,4,1,1,"N","N",110
"DOLPHA-177","F",6,"Local","MultiPass",10,0,1,0,0,0,1,1,1,0,3,NA,1,2,1,"N","Y",110
"DOLPHA-179","M",26,"Local","SinglePass",25,40,0,0,0,0,0,0,0,1,1,NA,1,3,1,"N","N",65
"DOLPHA-181","M",17,"Local","MultiPass",23,0,1,0,0,1,0,1,0,0,2,NA,1,1,1,"N","N",123
"DOLPHA-183","F",12,"Local","MultiPass",25,0,1,0,0,1,1,1,0,0,3,"WaterRapidsAdventure",1,1,1,"Y","Y",125
"DOLPHA-185","M",19,"Local","SinglePass",17,0,1,0,1,0,0,1,0,0,2,"WaterRapidsAdventure",4,1,1,"N","N",92
"DOLPHA-187","M",26,"Local","SinglePass",22,40,0,0,0,1,0,1,0,0,3,NA,1,1,1,"N","N",112
"DOLPHA-189","M",14,"Local","SinglePass",24,0,1,0,0,0,0,0,0,1,2,NA,1,2,1,"N","N",49
"DOLPHA-19","F",16,"Overseas","SinglePass",13,5,0,0,0,1,0,1,1,0,1,NA,1,4,1,"N","N",93
"DOLPHA-191","F",15,"Local","MultiPass",21,0,1,0,0,0,0,1,0,0,1,"WaterRapidsAdventure",3,3,1,"N","N",121
"DOLPHA-193","M",13,"Local","SinglePass",13,0,1,0,1,0,1,1,0,0,2,NA,3,1,1,"N","N",113
"DOLPHA-195","F",10,"Local","SinglePass",10,0,1,0,0,0,1,1,0,0,2,"WaterRapidsAdventure",4,1,1,"N","N",85
"DOLPHA-197","F",61,"Local","SinglePass",10,0,1,0,1,1,1,1,0,0,2,"WaterRapidsAdventure",1,2,1,"N","N",135
"DOLPHA-199","M",61,"Local","MultiPass",23,0,1,0,0,0,0,1,0,0,3,"WaterRapidsAdventure",1,1,1,"N","N",123
"DOLPHA-201","F",64,"Local","MultiPass",10,0,1,0,1,0,1,1,1,0,2,"WaterRapidsAdventure",1,2,1,"Y","Y",110
"DOLPHA-203","F",62,"Local","MultiPass",17,0,1,0,0,1,1,0,0,1,3,"WaterRapidsAdventure",1,2,1,"N","N",117
"DOLPHA-205","M",58,"Local","SinglePass",22,0,1,0,0,0,0,1,0,0,2,NA,1,1,1,"N","N",72
"DOLPHA-207","M",64,"Local","MultiPass",16,0,1,0,1,1,0,0,0,1,1,"WaterRapidsAdventure",1,4,1,"N","Y",116
"DOLPHA-209","F",66,"Local","MultiPass",17,0,1,0,0,0,0,0,0,1,2,NA,1,1,1,"N","N",117
"DOLPHA-21","F",27,"Local","SinglePass",15,40,0,0,0,1,0,1,0,0,1,"SpaceJourney",3,3,1,"Y","Y",105
"DOLPHA-211","M",56,"Local","SinglePass",22,0,1,0,0,0,0,1,0,0,2,NA,4,1,1,"N","N",72
"DOLPHA-213","M",56,"Local","SinglePass",17,0,1,0,0,1,0,1,0,0,2,"WaterRapidsAdventure",1,2,1,"N","Y",92
"DOLPHA-215","M",59,"Local","SinglePass",10,0,1,0,0,0,1,1,1,0,1,NA,2,4,1,"N","N",110
"DOLPHA-217","F",57,"Local","MultiPass",19,0,1,0,1,1,0,1,0,0,3,"WaterRapidsAdventure",1,1,1,"N","N",119
"DOLPHA-219","M",64,"Local","SinglePass",10,0,1,0,0,0,1,1,1,0,3,NA,2,1,1,"N","N",110
"DOLPHA-221","F",24,"Local","SinglePass",13,0,1,0,1,0,0,1,0,0,2,NA,1,2,1,"N","N",88
"DOLPHA-223","F",8,"Local","SinglePass",10,0,1,0,0,1,1,1,1,0,3,"SpaceJourney",1,2,1,"N","N",135
"DOLPHA-225","M",208,"Local","MultiPass",10,28,0,0,0,0,0,1,0,0,3,NA,1,1,1,"N","N",138
"DOLPHA-227","F",12,"Local","MultiPass",13,0,1,0,0,0,1,1,0,0,3,NA,4,2,1,"N","N",113
"DOLPHA-229","F",20,"Local","SinglePass",17,0,1,0,0,0,1,0,0,1,2,NA,1,1,1,"N","Y",67
"DOLPHA-23","M",40,"Overseas","MultiPass",25,40,0,0,0,0,0,0,0,1,1,NA,3,3,1,"N","N",165
"DOLPHA-231","M",14,"Local","SinglePass",25,0,1,0,1,1,1,1,0,0,1,"SpaceJourney",1,4,1,"Y","Y",150
"DOLPHA-233","M",18,"Local","SinglePass",12,0,1,0,1,0,1,1,0,0,2,NA,2,2,1,"N","N",112
"DOLPHA-235","F",15,"Local","MultiPass",19,0,1,0,0,0,1,1,0,0,2,NA,1,2,1,"Y","Y",119
"DOLPHA-237","M",7,"Local","MultiPass",10,0,1,0,0,1,1,1,1,0,3,"RollerCoaster",1,1,1,"N","N",110
"DOLPHA-239","M",7,"Local","MultiPass",10,0,1,0,0,1,1,0,1,1,2,"RollerCoaster",1,2,1,"N","N",110
"DOLPHA-241","F",8,"Local","SinglePass",10,0,1,0,1,1,1,1,1,0,3,"RollerCoaster",1,2,1,"N","N",160
"DOLPHA-243","M",22,"Local","MultiPass",25,0,1,0,0,0,1,1,0,0,2,NA,4,1,1,"N","N",125
"DOLPHA-245","M",24,"Local","MultiPass",21,0,1,0,1,0,0,1,0,0,3,NA,2,2,1,"Y","Y",121
"DOLPHA-247","F",15,"Local","SinglePass",23,0,1,0,1,1,1,1,0,0,2,"SpaceJourney",1,2,1,"N","N",148
"DOLPHA-249","M",26,"Local","MultiPass",18,29,0,0,0,1,0,1,0,0,2,NA,1,2,1,"N","N",147
"DOLPHA-25","M",29,"Overseas","MultiPass",25,40,0,0,1,0,0,1,0,0,1,NA,2,3,1,"N","N",165
"DOLPHA-251","M",25,"Local","MultiPass",21,0,1,0,0,0,0,1,0,0,3,NA,1,1,1,"N","N",121
"DOLPHA-253","F",11,"Local","MultiPass",10,0,1,0,0,1,1,1,0,0,2,NA,1,1,1,"N","N",110
"DOLPHA-255","M",13,"Local","MultiPass",16,0,1,0,0,0,1,1,0,0,3,NA,1,1,1,"N","Y",116
"DOLPHA-257","M",9,"Local","MultiPass",10,0,1,0,0,1,1,1,1,0,3,NA,3,2,1,"N","Y",110
"DOLPHA-259","F",11,"Local","MultiPass",10,0,1,0,0,1,1,1,0,0,2,NA,4,1,1,"N","N",110
"DOLPHA-261","M",11,"Local","MultiPass",10,0,1,0,0,0,1,1,0,0,2,NA,2,1,1,"N","N",110
"DOLPHA-263","M",7,"Local","MultiPass",10,0,1,0,1,1,1,1,1,0,3,"RollerCoaster",2,1,1,"N","N",110
"DOLPHA-265","F",7,"Local","MultiPass",10,0,1,0,1,1,1,1,1,0,3,"RollerCoaster",2,2,1,"Y","Y",110
"DOLPHA-267","M",24,"Local","MultiPass",16,10,1,0,0,0,0,1,0,0,2,NA,3,2,1,"N","N",126
"DOLPHA-269","F",20,"Local","MultiPass",15,10,1,0,0,0,1,1,0,0,1,NA,2,3,1,"N","N",125
"DOLPHA-27","M",12,"Overseas","MultiPass",20,40,1,0,0,0,0,0,0,1,2,NA,2,2,1,"N","N",160
"DOLPHA-271","F",7,"Local","MultiPass",10,0,1,0,1,0,1,1,1,0,2,NA,2,2,1,"N","N",110
"DOLPHA-273","F",15,"Local","MultiPass",22,0,1,0,1,1,1,1,0,0,2,NA,3,2,1,"N","N",122
"DOLPHA-275","F",9,"Local","MultiPass",10,0,1,0,1,0,1,1,1,0,3,NA,3,1,1,"N","Y",110
"DOLPHA-277","F",22,"Local","MultiPass",24,10,1,0,0,0,1,1,0,0,2,NA,3,1,1,"N","N",134
"DOLPHA-279","F",21,"Local","MultiPass",24,10,1,0,1,1,1,0,0,1,3,NA,1,2,1,"N","N",134
"DOLPHA-281","F",17,"Local","MultiPass",25,10,1,0,0,1,1,1,0,0,3,NA,1,1,1,"N","N",135
"DOLPHA-283","F",6,"Local","MultiPass",10,0,1,0,1,1,1,1,1,0,3,NA,1,1,1,"N","N",110
"DOLPHA-285","F",9,"Local","MultiPass",10,0,1,0,1,1,1,1,1,0,3,"RollerCoaster",1,1,1,"N","N",110
"DOLPHA-287","F",9,"Local","MultiPass",10,0,1,0,0,1,1,1,1,0,2,"RollerCoaster",1,2,1,"N","Y",110
"DOLPHA-289","F",20,"Local","MultiPass",15,10,1,0,0,1,1,0,0,1,2,"RollerCoaster",1,1,1,"N","N",125
"DOLPHA-29","M",30,"Local","SinglePass",25,40,0,0,0,0,0,1,1,0,1,NA,4,3,1,"N","Y",115
"DOLPHA-291","F",18,"Local","MultiPass",24,10,1,0,1,0,1,1,0,0,3,NA,3,1,1,"N","N",134
"DOLPHA-293","F",22,"Local","MultiPass",14,10,1,0,0,0,1,1,0,0,2,NA,2,2,1,"N","N",124
"DOLPHA-295","F",10,"Local","MultiPass",10,0,1,0,1,0,1,1,0,0,2,NA,2,2,1,"N","N",110
"DOLPHA-297","F",22,"Local","MultiPass",15,10,1,0,0,0,1,1,0,0,2,NA,4,2,1,"N","N",125
"DOLPHA-299","F",25,"Local","MultiPass",24,10,1,0,1,0,0,1,0,0,3,NA,2,2,1,"N","N",134
"DOLPHA-3","M",10,"Local","SinglePass",10,0,0,1,0,0,1,0,0,0,2,"FantasyCarousel",1,2,1,"N","Y",60
"DOLPHA-301","F",13,"Local","MultiPass",15,0,1,0,1,0,1,0,0,1,3,NA,2,2,1,"N","Y",115
"DOLPHA-303","F",6,"Local","MultiPass",10,0,1,0,1,1,1,0,1,1,3,"RollerCoaster",1,2,1,"N","N",110
"DOLPHA-305","F",13,"Local","MultiPass",23,0,1,0,0,0,1,1,0,0,2,NA,1,1,1,"Y","Y",123
"DOLPHA-307","F",17,"Local","MultiPass",15,10,1,0,0,1,1,0,0,1,3,NA,3,2,1,"Y","Y",125
"DOLPHA-309","F",17,"Local","MultiPass",12,10,1,0,1,1,1,0,0,1,3,NA,2,2,1,"N","N",122
"DOLPHA-31","F",64,"Local","MultiPass",20,40,0,0,0,0,0,0,0,1,1,NA,3,3,1,"N","N",160
"DOLPHA-311","F",16,"Local","MultiPass",18,10,1,0,0,0,1,1,0,0,2,NA,2,2,1,"N","N",128
"DOLPHA-313","F",13,"Local","MultiPass",19,0,1,0,1,1,1,1,0,0,3,NA,4,1,1,"N","N",119
"DOLPHA-315","F",11,"Local","MultiPass",10,0,1,0,0,0,1,1,0,0,2,NA,2,1,1,"N","N",110
"DOLPHA-316","F",23,"Local","SinglePass",14,10,1,0,0,1,1,1,0,0,2,NA,3,1,1,"N","N",124
"DOLPHA-317","F",9,"Local","MultiPass",10,0,1,0,0,0,1,1,1,0,2,NA,3,1,1,"Y","Y",110
"DOLPHA-318","F",21,"Overseas","SinglePass",20,10,1,0,1,0,1,1,0,0,2,NA,4,2,1,"N","N",130
"DOLPHA-319","F",11,"Local","MultiPass",10,0,1,0,1,1,1,0,0,1,3,NA,1,1,1,"N","N",110
"DOLPHA-320","F",23,"Local","SinglePass",19,10,1,0,1,0,1,1,0,0,3,NA,4,2,1,"N","N",129
"DOLPHA-321","F",21,"Local","MultiPass",23,10,1,0,0,1,1,1,0,0,2,NA,3,1,1,"N","N",133
"DOLPHA-322","F",13,"Overseas","SinglePass",14,0,1,0,1,0,1,1,0,0,3,NA,2,2,1,"N","N",114
"DOLPHA-323","F",15,"Local","MultiPass",24,0,1,0,0,0,1,1,0,0,2,NA,4,1,1,"N","Y",124
"DOLPHA-324","F",20,"Local","SinglePass",14,10,1,0,1,0,1,1,0,0,2,NA,2,2,1,"N","Y",124
"DOLPHA-325","F",10,"Local","MultiPass",10,0,1,0,1,1,1,1,0,0,2,NA,3,2,1,"N","N",110
"DOLPHA-326","F",16,"Overseas","SinglePass",25,10,1,0,1,1,1,1,0,0,2,NA,3,2,1,"Y","N",160
"DOLPHA-327","F",11,"Local","MultiPass",10,0,1,0,0,0,1,1,0,0,2,NA,3,2,1,"N","N",110
"DOLPHA-328","F",16,"Local","SinglePass",0,10,1,0,1,0,1,1,0,0,2,NA,2,2,1,"N","N",110
"DOLPHA-329","F",8,"Local","MultiPass",0,0,1,0,1,0,1,0,1,1,3,NA,4,2,1,"N","N",100
"DOLPHA-33","F",37,"Local","MultiPass",15,40,0,0,1,0,0,0,0,1,3,NA,3,1,1,"N","Y",155
"DOLPHA-330","F",16,"Overseas","SinglePass",7,10,1,0,1,0,1,1,0,0,3,NA,1,2,1,"N","N",117
"DOLPHA-331","F",21,"Local","MultiPass",6,10,1,0,0,1,1,1,0,0,2,NA,2,1,1,"N","N",116
"DOLPHA-332","F",19,"Local","SinglePass",14,10,1,0,1,1,1,1,0,0,1,"FantasyCarousel",2,4,1,"Y","N",149
"DOLPHA-333","F",26,"Local","MultiPass",6,10,0,0,1,1,0,1,0,0,3,"FantasyCarousel",3,1,1,"N","N",116
"DOLPHA-334","F",17,"Overseas","SinglePass",14,10,1,0,1,1,1,1,0,0,2,"FantasyCarousel",2,1,1,"N","N",149
"DOLPHA-335","F",23,"Local","MultiPass",7,10,1,0,0,0,1,1,0,0,2,NA,1,2,1,"Y","Y",117
"DOLPHA-336","F",17,"Local","SinglePass",14,10,1,0,0,1,1,1,0,0,2,"FantasyCarousel",3,2,1,"N","Y",124
"DOLPHA-337","F",10,"Local","MultiPass",15,0,1,0,0,1,1,1,0,0,3,"FantasyCarousel",1,2,1,"N","N",115
"DOLPHA-338","F",14,"Overseas","SinglePass",6,0,1,0,1,0,1,1,0,0,1,NA,3,3,1,"N","Y",106
"DOLPHA-339","F",26,"Local","MultiPass",5,10,0,0,1,0,0,0,0,1,3,NA,1,1,1,"N","N",115
"DOLPHA-340","F",21,"Local","SinglePass",24,10,1,0,0,0,1,1,0,0,2,NA,3,2,1,"N","N",109
"DOLPHA-341","F",14,"Local","MultiPass",15,0,1,0,1,0,1,1,0,0,3,NA,3,2,1,"N","N",115
"DOLPHA-342","F",15,"Overseas","SinglePass",14,0,1,0,1,0,1,1,0,0,2,NA,1,2,1,"N","N",114
"DOLPHA-343","F",17,"Local","MultiPass",22,10,1,0,0,1,1,1,0,0,2,NA,3,1,1,"Y","Y",132
"DOLPHA-344","F",6,"Local","SinglePass",10,0,1,0,1,0,1,1,1,0,2,NA,1,1,1,"N","N",135
"DOLPHA-345","F",19,"Local","MultiPass",14,10,1,0,0,0,1,1,0,0,2,NA,3,2,1,"N","N",124
"DOLPHA-346","F",14,"Overseas","SinglePass",18,0,1,0,0,1,1,1,0,0,3,NA,4,2,1,"Y","Y",118
"DOLPHA-347","F",17,"Local","MultiPass",21,10,1,0,0,0,1,1,0,0,2,NA,4,2,1,"N","N",131
"DOLPHA-348","F",15,"Local","SinglePass",24,0,1,0,0,0,1,1,0,0,3,NA,3,1,1,"N","N",99
"DOLPHA-349","F",18,"Local","MultiPass",19,10,1,0,1,0,1,1,0,0,3,NA,2,2,1,"N","N",129
"DOLPHA-35","M",12,"Local","SinglePass",16,10,1,0,0,0,1,1,1,0,2,NA,2,2,1,"N","N",126
"DOLPHA-350","F",22,"Overseas","SinglePass",14,10,1,0,0,1,1,1,0,0,2,NA,1,1,1,"N","N",124
"DOLPHA-351","F",14,"Local","MultiPass",24,0,1,0,0,1,1,1,0,0,2,NA,4,2,1,"N","Y",124
"DOLPHA-352","F",6,"Local","SinglePass",10,0,1,0,0,0,1,1,1,0,3,NA,4,1,1,"N","Y",110
"DOLPHA-353","F",9,"Local","MultiPass",10,0,1,0,1,1,1,1,1,0,3,NA,2,2,1,"N","Y",110
"DOLPHA-354","F",9,"Overseas","SinglePass",10,0,1,0,1,1,1,1,1,0,3,NA,1,1,1,"Y","Y",160
"DOLPHA-355","F",12,"Local","MultiPass",16,0,1,0,1,0,1,1,0,0,1,NA,3,4,1,"N","N",116
"DOLPHA-356","F",28,"Local","SinglePass",21,10,0,0,0,1,0,1,0,0,3,NA,2,2,1,"N","Y",81
"DOLPHA-357","F",24,"Local","MultiPass",12,10,1,0,0,1,0,1,0,0,2,NA,3,1,1,"N","Y",122
"DOLPHA-358","F",21,"Overseas","SinglePass",12,10,1,0,1,0,1,1,0,0,1,NA,2,3,1,"N","N",122
"DOLPHA-359","F",26,"Local","MultiPass",13,10,0,0,0,0,0,1,0,0,1,NA,2,3,1,"N","N",123
"DOLPHA-360","F",29,"Local","SinglePass",19,10,0,0,0,0,0,1,0,0,3,NA,2,1,1,"N","N",54
"DOLPHA-361","F",24,"Local","MultiPass",21,10,1,0,1,1,0,1,0,0,1,NA,1,3,1,"N","N",131
"DOLPHA-362","F",27,"Overseas","SinglePass",23,10,0,0,1,1,0,1,0,0,1,NA,4,3,1,"N","N",108
"DOLPHA-363","F",28,"Local","MultiPass",13,10,0,0,0,0,0,1,0,0,1,NA,3,4,1,"N","N",123
"DOLPHA-364","F",26,"Local","SinglePass",16,10,0,0,0,0,0,1,0,0,1,NA,4,3,1,"N","N",51
"DOLPHA-365","F",29,"Local","MultiPass",21,10,0,0,0,0,0,1,0,0,2,NA,2,1,1,"N","N",131
"DOLPHA-366","F",24,"Overseas","SinglePass",13,10,1,0,1,1,0,1,0,0,1,NA,2,3,1,"N","N",123
"DOLPHA-367","M",27,"Local","MultiPass",21,10,0,0,1,1,0,1,0,0,3,NA,2,2,1,"N","N",131
"DOLPHA-368","M",24,"Local","SinglePass",15,10,1,0,0,0,0,1,0,0,1,NA,1,4,1,"N","N",75
"DOLPHA-369","M",28,"Local","MultiPass",5,10,0,0,0,0,0,1,0,0,2,NA,1,1,1,"N","N",115
"DOLPHA-37","M",48,"Local","SinglePass",13,40,0,0,0,0,0,0,0,1,2,NA,2,1,1,"Y","Y",53
"DOLPHA-370","M",21,"Overseas","SinglePass",14,10,1,0,1,1,1,1,0,0,1,NA,3,4,1,"N","N",149
"DOLPHA-371","M",27,"Local","MultiPass",11,10,0,0,1,0,0,1,0,0,1,NA,3,4,1,"Y","Y",121
"DOLPHA-372","M",26,"Local","SinglePass",8,10,0,0,0,1,0,1,0,0,1,NA,2,4,1,"N","N",68
"DOLPHA-373","M",28,"Local","MultiPass",8,10,0,0,0,1,0,1,0,0,3,NA,3,1,1,"N","N",118
"DOLPHA-374","M",25,"Overseas","SinglePass",10,10,1,0,1,0,0,1,0,0,3,NA,5,2,1,"N","N",95
"DOLPHA-375","M",23,"Local","MultiPass",13,10,1,0,1,0,1,1,0,0,1,NA,2,3,1,"N","Y",123
"DOLPHA-376","M",26,"Local","SinglePass",14,10,0,0,0,1,0,1,0,0,2,NA,5,1,1,"N","N",74
"DOLPHA-377","M",24,"Local","MultiPass",8,10,1,0,0,0,0,1,0,0,1,NA,5,3,1,"N","N",118
"DOLPHA-378","M",29,"Overseas","SinglePass",14,10,0,0,1,1,0,1,0,0,2,NA,5,1,1,"N","N",99
"DOLPHA-379","M",23,"Local","MultiPass",5,10,1,0,0,1,1,0,0,1,1,NA,1,4,1,"N","Y",115
"DOLPHA-380","M",29,"Local","SinglePass",11,10,0,0,1,0,0,1,0,0,1,NA,1,3,1,"N","N",71
"DOLPHA-381","M",26,"Local","MultiPass",24,10,0,0,1,0,0,1,0,0,2,NA,1,2,1,"N","N",134
"DOLPHA-382","M",25,"Overseas","SinglePass",23,10,1,0,1,1,0,1,0,0,1,NA,1,4,1,"N","N",133
"DOLPHA-383","M",28,"Local","MultiPass",22,10,0,0,1,0,0,1,0,0,3,NA,1,2,1,"N","N",132
"DOLPHA-384","M",23,"Local","SinglePass",17,10,1,0,1,0,1,1,0,0,1,NA,2,4,1,"N","Y",127
"DOLPHA-385","M",26,"Local","MultiPass",20,10,0,0,1,1,0,1,0,0,1,NA,1,4,1,"N","N",130
"DOLPHA-386","M",28,"Overseas","SinglePass",15,10,0,0,0,0,0,1,0,0,1,NA,1,3,1,"N","N",50
"DOLPHA-387","M",26,"Local","MultiPass",12,10,0,0,1,1,0,1,0,0,3,NA,1,1,1,"N","N",122
"DOLPHA-388","M",25,"Local","SinglePass",14,10,1,0,1,0,0,1,0,0,1,NA,5,3,1,"N","N",99
"DOLPHA-389","M",27,"Local","MultiPass",9,10,0,0,0,1,0,1,0,0,2,NA,1,2,1,"N","N",119
"DOLPHA-39","M",47,"Local","SinglePass",22,40,0,0,0,0,0,1,1,0,3,NA,3,1,1,"N","N",112
"DOLPHA-390","M",25,"Overseas","SinglePass",7,10,1,0,1,1,0,1,0,0,1,NA,2,4,1,"N","N",117
"DOLPHA-391","M",30,"Local","MultiPass",15,10,0,0,1,0,0,1,0,0,1,NA,1,4,1,"N","N",125
"DOLPHA-392","M",29,"Local","SinglePass",12,10,0,0,1,1,0,1,0,0,1,NA,2,4,1,"N","N",97
"DOLPHA-393","M",30,"Local","MultiPass",16,10,0,0,1,0,0,1,0,0,2,NA,5,2,1,"N","N",126
"DOLPHA-394","M",25,"Overseas","SinglePass",14,10,1,0,0,1,0,1,0,0,1,NA,3,4,1,"N","Y",99
"DOLPHA-395","M",28,"Local","MultiPass",20,10,0,0,1,1,0,1,0,0,1,NA,1,4,1,"N","N",130
"DOLPHA-396","M",28,"Local","SinglePass",23,10,0,0,1,0,0,1,0,0,1,NA,5,3,1,"N","N",83
"DOLPHA-397","M",28,"Local","MultiPass",25,10,0,0,1,0,0,1,0,0,2,NA,5,1,1,"N","N",135
"DOLPHA-398","M",20,"Overseas","SinglePass",18,10,1,0,1,1,1,1,0,0,3,NA,5,2,1,"N","N",153
"DOLPHA-399","M",20,"Local","MultiPass",15,10,1,0,0,1,1,1,0,0,3,NA,5,2,1,"N","Y",125
"DOLPHA-400","M",21,"Local","SinglePass",19,10,1,0,1,0,1,0,0,1,1,NA,5,4,1,"N","N",104
"DOLPHA-401","M",27,"Local","MultiPass",20,10,0,0,0,1,0,0,0,1,3,NA,2,2,1,"N","N",130
"DOLPHA-402","M",21,"Overseas","SinglePass",25,10,1,0,1,0,1,0,0,1,2,NA,5,2,1,"N","N",110
"DOLPHA-403","M",21,"Local","MultiPass",24,10,1,0,1,0,1,1,0,0,1,NA,1,4,1,"N","Y",134
"DOLPHA-404","M",26,"Local","SinglePass",18,10,0,0,1,1,0,0,0,1,3,NA,3,2,1,"Y","Y",78
"DOLPHA-405","M",23,"Local","MultiPass",12,10,1,0,0,0,1,0,0,1,3,NA,2,1,1,"N","N",122
"DOLPHA-406","M",24,"Overseas","SinglePass",19,10,1,0,0,1,0,1,0,0,1,NA,5,3,1,"N","N",104
"DOLPHA-407","M",26,"Local","MultiPass",22,10,0,0,0,1,0,0,0,0,3,NA,5,1,1,"N","N",132
"DOLPHA-41","M",58,"Local","MultiPass",14,40,0,0,0,0,0,0,0,1,1,NA,3,4,1,"N","N",154
"DOLPHA-43","F",8,"Local","SinglePass",10,10,0,0,0,0,1,1,1,0,1,"KiddieTrainRide",1,3,1,"N","Y",95
"DOLPHA-45","F",46,"Local","SinglePass",19,40,0,0,0,0,0,0,0,1,3,NA,1,2,1,"N","N",59
"DOLPHA-47","M",35,"Local","SinglePass",22,40,0,0,1,0,0,0,0,0,3,NA,3,1,1,"N","N",87
"DOLPHA-49","M",27,"Local","MultiPass",17,40,0,0,0,0,0,1,1,0,1,NA,4,4,1,"N","N",157
"DOLPHA-5","M",19,"Overseas","MultiPass",12,10,0,0,0,0,0,1,1,0,1,NA,3,3,1,"N","N",122
"DOLPHA-51","M",25,"Local","MultiPass",16,10,0,0,1,0,0,1,1,0,1,NA,4,4,1,"N","N",126
"DOLPHA-53","M",60,"Local","MultiPass",13,40,0,0,0,0,0,0,0,1,3,NA,3,1,1,"Y","Y",153
"DOLPHA-55","F",30,"Local","SinglePass",23,40,0,0,1,0,0,1,0,0,1,NA,3,4,1,"N","Y",113
"DOLPHA-57","M",31,"Local","MultiPass",17,40,0,0,0,0,0,1,0,0,1,NA,1,4,1,"N","N",157
"DOLPHA-59","F",34,"Local","MultiPass",17,40,0,0,1,0,0,1,1,0,1,NA,2,3,1,"N","Y",157
"DOLPHA-61","M",7,"Local","SinglePass",10,8,1,0,1,1,1,1,1,0,1,"KiddieTrainRide",2,4,1,"N","N",168
"DOLPHA-63","M",19,"Local","SinglePass",20,8,0,0,0,1,0,1,1,0,1,NA,2,3,1,"N","Y",103
"DOLPHA-65","F",42,"Local","SinglePass",22,40,0,0,0,0,0,0,0,1,1,NA,2,3,1,"N","N",62
"DOLPHA-67","M",49,"Local","MultiPass",15,40,0,0,0,0,0,0,0,1,1,NA,1,4,1,"N","Y",155
"DOLPHA-69","F",34,"Local","SinglePass",22,40,1,0,0,0,0,1,1,0,1,NA,2,4,1,"N","N",137
"DOLPHA-7","F",32,"Local","MultiPass",17,20,0,0,0,0,0,1,0,0,1,NA,4,4,1,"Y","Y",137
"DOLPHA-71","M",19,"Local","SinglePass",12,8,0,0,0,1,0,1,1,0,1,"WaterRapidsAdventure",1,3,1,"N","N",95
"DOLPHA-73","M",10,"Local","SinglePass",10,6,1,0,0,0,1,1,1,0,3,NA,2,2,1,"N","N",116
"DOLPHA-75","F",34,"Local","MultiPass",16,40,0,0,1,0,0,1,0,0,1,NA,4,3,1,"N","Y",156
"DOLPHA-77","M",17,"Local","MultiPass",14,9,1,0,1,1,0,1,1,0,1,"WaterRapidsAdventure",2,3,1,"N","Y",123
"DOLPHA-79","F",10,"Local","SinglePass",10,7,1,0,0,0,1,1,0,0,1,NA,1,4,1,"N","N",92
"DOLPHA-81","M",215,"Local","SinglePass",24,10,1,0,1,1,0,1,1,0,3,"FantasyCarousel",3,1,1,"N","N",159
"DOLPHA-83","M",7,"Local","SinglePass",10,7,1,0,0,0,1,1,1,0,1,NA,4,3,1,"N","Y",117
"DOLPHA-85","M",22,"Local","MultiPass",18,5,1,0,0,1,0,1,1,0,1,"WaterRapidsAdventure",1,3,1,"N","N",123
"DOLPHA-87","F",43,"Local","MultiPass",15,40,0,0,0,0,0,0,0,1,1,NA,4,4,1,"N","N",155
"DOLPHA-89","F",29,"Local","MultiPass",18,40,0,0,0,1,0,0,0,0,2,"WaterRapidsAdventure",1,1,1,"Y","Y",158
"DOLPHA-9","F",38,"Overseas","SinglePass",17,0,0,0,0,0,0,0,0,1,1,NA,3,4,1,"N","Y",17
"DOLPHA-91","M",44,"Local","SinglePass",20,40,0,0,0,0,0,0,0,1,2,NA,3,1,1,"N","N",60
"DOLPHA-93","M",7,"Local","MultiPass",10,9,1,0,0,1,1,1,1,0,1,"WaterRapidsAdventure",4,4,1,"N","N",119
"DOLPHA-95","M",236,"Local","MultiPass",14,40,0,0,0,0,0,0,0,1,1,"WaterRapidsAdventure",3,3,1,"N","N",154
"DOLPHA-97","M",12,"Local","SinglePass",19,5,1,0,1,0,1,1,1,0,2,NA,4,2,1,"N","N",149
"DOLPHA-99","F",44,"Local","SinglePass",24,40,0,0,0,0,0,0,0,1,3,NA,4,1,1,"N","Y",64
"DOLPHB-10","M",42,"Local","MultiPass",15,20,0,0,0,0,0,0,0,1,1,NA,4,4,1,"N","N",135
"DOLPHB-100","F",14,"Local","MultiPass",15,6,1,0,1,1,0,0,0,1,2,"WaterRapidsAdventure",3,2,1,"N","Y",121
"DOLPHB-102","M",17,"Overseas","MultiPass",12,7,1,0,0,1,0,0,0,1,3,"WaterRapidsAdventure",3,1,1,"Y","Y",119
"DOLPHB-104","F",42,"Local","SinglePass",13,40,0,0,0,0,0,0,0,1,1,NA,3,3,1,"N","N",53
"DOLPHB-106","M",20,"Overseas","MultiPass",22,9,1,0,1,0,0,0,0,1,3,NA,3,1,1,"N","N",131
"DOLPHB-108","M",30,"Local","MultiPass",12,40,0,0,0,0,0,0,0,1,1,NA,1,4,1,"N","Y",152
"DOLPHB-110","M",43,"Overseas","SinglePass",15,40,0,0,0,0,0,0,0,1,3,NA,1,2,1,"N","N",55
"DOLPHB-112","F",19,"Local","SinglePass",24,8,1,0,0,1,0,1,1,0,3,NA,1,1,1,"N","N",132
"DOLPHB-114","F",15,"Overseas","SinglePass",22,8,1,0,0,0,0,1,1,0,1,"WaterRapidsAdventure",4,4,1,"N","N",105
"DOLPHB-116","M",24,"Local","MultiPass",18,7,1,0,1,1,0,1,1,0,2,"WaterRapidsAdventure",3,2,1,"N","N",125
"DOLPHB-118","M",18,"Overseas","SinglePass",19,6,1,0,0,1,0,1,1,0,1,NA,3,4,1,"N","N",125
"DOLPHB-12","M",50,"Overseas","MultiPass",12,0,0,0,0,0,0,0,0,1,1,NA,1,3,1,"N","N",112
"DOLPHB-120","M",7,"Local","SinglePass",10,0,1,0,0,0,1,1,1,0,3,NA,2,2,1,"Y","Y",110
"DOLPHB-122","M",30,"Overseas","SinglePass",25,40,0,0,0,0,0,1,0,0,3,"WaterRapidsAdventure",3,1,1,"N","N",90
"DOLPHB-124","M",15,"Local","MultiPass",12,0,1,0,0,1,0,1,1,0,2,NA,4,1,1,"Y","Y",112
"DOLPHB-126","F",213,"Overseas","MultiPass",18,0,1,0,0,0,1,1,1,0,1,NA,2,3,1,"N","Y",118
"DOLPHB-128","M",19,"Local","MultiPass",21,0,1,0,0,1,0,1,1,0,2,NA,1,1,1,"N","N",121
"DOLPHB-130","F",32,"Overseas","SinglePass",13,40,0,0,0,0,0,1,0,0,1,NA,2,4,1,"N","N",78
"DOLPHB-132","F",15,"Local","MultiPass",12,0,1,0,0,1,0,1,1,0,3,NA,2,2,1,"Y","Y",112
"DOLPHB-134","M",20,"Overseas","MultiPass",13,0,1,0,0,1,0,1,1,0,3,NA,1,2,1,"N","N",113
"DOLPHB-136","F",10,"Local","SinglePass",10,0,1,0,1,0,1,1,1,0,1,NA,4,4,1,"N","N",135
"DOLPHB-138","F",45,"Overseas","SinglePass",20,40,0,0,0,0,0,0,0,1,1,NA,4,4,1,"N","N",60
"DOLPHB-14","F",57,"Local","MultiPass",16,10,0,0,0,0,0,0,0,1,1,NA,3,4,1,"N","N",126
"DOLPHB-140","M",40,"Local","SinglePass",25,40,0,0,0,0,0,0,0,1,3,NA,4,1,1,"N","Y",65
"DOLPHB-142","M",41,"Overseas","MultiPass",18,40,0,0,0,0,0,0,0,1,1,NA,2,4,1,"Y","Y",158
"DOLPHB-144","F",39,"Local","SinglePass",15,40,0,0,0,0,0,0,0,1,2,NA,1,1,1,"N","N",55
"DOLPHB-146","M",19,"Overseas","SinglePass",20,0,1,0,0,1,0,1,0,0,1,NA,1,3,1,"N","N",95
"DOLPHB-148","M",39,"Local","SinglePass",12,40,0,0,1,0,0,0,0,1,3,NA,4,2,1,"N","Y",77
"DOLPHB-150","M",42,"Overseas","MultiPass",17,40,0,0,0,0,0,0,0,1,1,"WaterRapidsAdventure",3,3,1,"N","N",157
"DOLPHB-152","F",7,"Local","MultiPass",10,0,1,0,0,0,1,1,1,0,2,"WaterRapidsAdventure",2,1,1,"N","Y",110
"DOLPHB-154","M",16,"Overseas","SinglePass",15,0,1,0,0,0,0,1,0,0,1,"WaterRapidsAdventure",3,3,1,"N","N",65
"DOLPHB-156","F",18,"Local","SinglePass",16,0,1,0,0,1,0,1,0,0,1,"WaterRapidsAdventure",2,3,1,"N","N",91
"DOLPHB-158","F",19,"Overseas","SinglePass",12,0,1,0,0,1,0,1,0,0,2,"WaterRapidsAdventure",2,1,1,"N","N",87
"DOLPHB-16","M",50,"Overseas","SinglePass",23,20,0,0,0,0,0,0,0,1,1,NA,3,3,1,"N","N",43
"DOLPHB-160","M",7,"Local","MultiPass",10,0,1,0,0,0,1,1,1,0,3,"WaterRapidsAdventure",2,1,1,"N","N",110
"DOLPHB-162","F",20,"Overseas","MultiPass",17,0,1,0,1,0,0,1,0,0,3,"WaterRapidsAdventure",1,1,1,"N","N",117
"DOLPHB-164","F",14,"Local","MultiPass",22,0,1,0,0,0,0,1,0,0,2,NA,2,1,1,"N","N",122
"DOLPHB-166","M",24,"Overseas","SinglePass",16,0,1,0,1,0,0,1,0,0,3,"WaterRapidsAdventure",4,2,1,"N","N",91
"DOLPHB-168","M",14,"Local","MultiPass",14,0,1,0,1,1,0,1,0,0,2,"WaterRapidsAdventure",1,2,1,"N","N",114
"DOLPHB-170","F",9,"Overseas","MultiPass",10,0,1,0,1,1,1,1,1,0,3,NA,3,1,1,"N","N",110
"DOLPHB-172","M",13,"Local","SinglePass",13,0,1,0,0,0,1,1,0,0,3,NA,2,1,1,"N","N",88
"DOLPHB-174","M",12,"Overseas","SinglePass",18,0,1,0,0,1,1,1,0,0,2,NA,1,2,1,"N","N",118
"DOLPHB-176","M",18,"Local","SinglePass",14,0,1,0,0,1,0,1,0,0,2,NA,1,2,1,"N","N",89
"DOLPHB-178","F",22,"Overseas","MultiPass",13,0,1,0,0,0,0,1,0,0,1,NA,1,3,1,"N","N",113
"DOLPHB-18","F",40,"Overseas","MultiPass",22,40,0,0,0,0,0,0,0,1,1,NA,4,3,1,"N","N",162
"DOLPHB-180","M",224,"Local","SinglePass",13,28,0,0,0,0,0,1,0,0,2,NA,2,1,1,"N","N",66
"DOLPHB-182","F",13,"Overseas","SinglePass",12,0,1,0,0,1,1,1,0,0,2,"WaterRapidsAdventure",1,2,1,"N","N",112
"DOLPHB-184","F",22,"Local","SinglePass",18,0,1,0,1,0,0,1,0,0,3,NA,3,2,1,"Y","Y",93
"DOLPHB-186","M",17,"Overseas","MultiPass",16,0,1,0,0,0,0,1,0,0,1,"WaterRapidsAdventure",3,3,1,"Y","Y",116
"DOLPHB-188","F",6,"Local","MultiPass",10,0,1,0,1,1,1,1,1,0,3,NA,1,2,1,"Y","Y",110
"DOLPHB-190","F",6,"Overseas","MultiPass",10,0,1,0,0,0,1,1,1,0,2,NA,1,2,1,"N","Y",110
"DOLPHB-192","M",26,"Local","SinglePass",16,25,0,0,0,1,0,1,0,0,2,"WaterRapidsAdventure",1,2,1,"N","Y",91
"DOLPHB-194","M",10,"Overseas","MultiPass",10,0,1,0,0,1,1,1,0,0,3,"WaterRapidsAdventure",1,2,1,"N","N",110
"DOLPHB-196","F",14,"Local","MultiPass",16,0,1,0,1,1,0,1,0,0,2,NA,1,1,1,"N","N",116
"DOLPHB-198","M",66,"Overseas","SinglePass",19,0,1,0,0,0,0,1,0,0,3,"WaterRapidsAdventure",2,1,1,"N","N",69
"DOLPHB-2","F",5,"Overseas","MultiPass",10,0,1,1,1,1,0,0,0,0,1,"FantasyCarousel",1,4,1,"N","N",110
"DOLPHB-20","M",45,"Overseas","MultiPass",14,40,0,0,0,0,0,0,0,1,1,NA,1,4,1,"N","N",154
"DOLPHB-200","M",55,"Local","SinglePass",10,0,1,0,0,0,1,0,1,1,3,NA,2,2,1,"Y","Y",85
"DOLPHB-202","M",56,"Overseas","SinglePass",13,0,1,0,1,1,0,0,0,1,3,"WaterRapidsAdventure",1,2,1,"Y","Y",88
"DOLPHB-204","F",60,"Local","MultiPass",15,0,1,0,0,0,0,1,0,0,3,"WaterRapidsAdventure",3,2,1,"N","N",115
"DOLPHB-206","M",60,"Overseas","SinglePass",14,0,1,0,0,0,1,1,0,0,3,NA,4,1,1,"N","Y",89
"DOLPHB-208","F",55,"Local","SinglePass",10,27,0,0,0,0,0,0,0,1,3,NA,1,2,1,"N","N",37
"DOLPHB-210","F",61,"Overseas","SinglePass",10,0,1,0,0,0,1,1,0,0,2,NA,1,2,1,"Y","Y",85
"DOLPHB-212","M",59,"Local","MultiPass",16,0,1,0,0,0,1,1,0,0,3,NA,1,1,1,"N","N",116
"DOLPHB-214","F",58,"Overseas","MultiPass",10,0,1,0,0,1,1,1,1,0,2,"WaterRapidsAdventure",1,1,1,"N","N",110
"DOLPHB-216","F",61,"Local","MultiPass",14,29,0,0,1,0,0,1,0,0,3,NA,2,2,1,"N","N",143
"DOLPHB-218","M",56,"Overseas","SinglePass",10,0,1,0,0,0,1,1,1,0,3,NA,1,1,1,"N","N",110
"DOLPHB-22","M",43,"Local","SinglePass",18,40,0,0,0,0,0,0,0,1,1,NA,2,4,1,"N","N",58
"DOLPHB-220","M",65,"Local","MultiPass",23,0,1,0,1,0,1,1,0,0,2,NA,3,1,1,"Y","Y",123
"DOLPHB-222","F",20,"Overseas","MultiPass",25,0,1,0,0,0,1,1,0,0,3,NA,4,1,1,"N","N",125
"DOLPHB-224","M",24,"Local","SinglePass",19,0,1,0,1,1,0,1,0,0,1,NA,1,3,1,"N","Y",119
"DOLPHB-226","M",23,"Overseas","MultiPass",14,0,1,0,0,0,1,1,0,0,2,NA,3,2,1,"N","N",114
"DOLPHB-228","M",24,"Local","SinglePass",18,0,1,0,0,1,0,1,0,0,2,"SpaceJourney",1,2,1,"N","N",93
"DOLPHB-230","F",17,"Overseas","MultiPass",19,0,1,0,0,0,1,1,0,0,2,NA,3,2,1,"N","N",119
"DOLPHB-232","F",26,"Local","MultiPass",20,25,0,0,0,0,0,1,0,0,2,NA,2,2,1,"N","N",145
"DOLPHB-234","M",22,"Overseas","SinglePass",17,0,1,0,1,1,1,1,0,0,2,"SpaceJourney",1,1,1,"N","N",142
"DOLPHB-236","M",15,"Local","SinglePass",25,0,1,0,1,0,1,1,0,0,2,NA,4,1,1,"N","N",125
"DOLPHB-238","F",19,"Overseas","SinglePass",23,0,1,0,0,0,1,1,0,0,2,NA,3,2,1,"N","N",98
"DOLPHB-24","M",17,"Local","SinglePass",12,7,0,0,0,0,0,1,1,0,1,NA,2,3,1,"N","N",69
"DOLPHB-240","M",10,"Local","MultiPass",10,0,1,0,1,1,1,1,0,0,3,"RollerCoaster",1,2,1,"N","Y",110
"DOLPHB-242","M",8,"Overseas","SinglePass",10,0,1,0,0,1,1,1,1,0,3,"SpaceJourney",1,1,1,"N","N",135
"DOLPHB-244","F",8,"Local","SinglePass",10,0,1,0,0,1,1,1,1,0,3,"RollerCoaster",1,2,1,"N","Y",135
"DOLPHB-246","M",6,"Overseas","SinglePass",10,0,1,0,1,1,1,1,1,0,3,"SpaceJourney",1,1,1,"N","N",160
"DOLPHB-248","M",10,"Local","MultiPass",10,0,1,0,0,0,1,1,0,0,1,NA,1,4,1,"N","N",110
"DOLPHB-250","F",16,"Overseas","MultiPass",16,0,1,0,0,0,1,1,0,0,2,NA,3,2,1,"N","N",116
"DOLPHB-252","M",21,"Local","MultiPass",14,0,1,0,0,0,1,1,0,0,2,NA,4,2,1,"N","N",114
"DOLPHB-254","M",17,"Overseas","MultiPass",13,0,1,0,1,0,1,1,0,0,2,NA,4,1,1,"N","N",113
"DOLPHB-256","F",22,"Local","MultiPass",25,0,1,0,1,1,1,1,0,0,3,NA,1,1,1,"N","N",125
"DOLPHB-258","M",15,"Overseas","MultiPass",25,0,1,0,1,1,1,1,0,0,3,NA,3,2,1,"N","N",125
"DOLPHB-26","F",11,"Overseas","SinglePass",10,8,0,0,1,1,1,1,1,0,3,NA,4,1,1,"N","N",143
"DOLPHB-260","M",7,"Local","MultiPass",10,0,1,0,0,1,1,1,1,0,2,"RollerCoaster",1,2,1,"N","N",110
"DOLPHB-262","F",22,"Overseas","MultiPass",23,10,1,0,1,0,1,1,0,0,3,NA,2,2,1,"Y","Y",133
"DOLPHB-264","M",11,"Local","MultiPass",10,0,1,0,1,0,1,1,0,0,3,NA,3,2,1,"N","N",110
"DOLPHB-266","M",11,"Overseas","MultiPass",10,0,1,0,1,1,1,1,0,0,3,NA,3,2,1,"N","N",110
"DOLPHB-268","F",11,"Local","MultiPass",10,0,1,0,0,1,1,1,0,0,3,NA,1,1,1,"N","Y",110
"DOLPHB-270","F",26,"Overseas","MultiPass",23,10,0,0,0,1,0,1,0,0,2,NA,1,2,1,"N","N",133
"DOLPHB-272","F",12,"Local","MultiPass",14,0,1,0,0,1,1,1,0,0,3,NA,2,2,1,"N","N",114
"DOLPHB-274","F",21,"Overseas","MultiPass",17,10,1,0,0,0,1,1,0,0,3,NA,3,2,1,"N","N",127
"DOLPHB-276","F",15,"Local","MultiPass",15,0,1,0,0,0,1,1,0,0,3,NA,4,1,1,"N","N",115
"DOLPHB-278","F",6,"Overseas","MultiPass",10,0,1,0,0,0,1,1,1,0,2,NA,2,1,1,"Y","Y",110
"DOLPHB-28","M",55,"Local","MultiPass",19,40,1,0,0,0,0,0,0,1,1,NA,2,4,1,"N","N",159
"DOLPHB-280","F",16,"Local","MultiPass",16,10,1,0,1,1,1,1,0,0,2,NA,4,1,1,"N","Y",126
"DOLPHB-282","F",20,"Overseas","MultiPass",22,10,1,0,0,0,1,1,0,0,2,NA,2,1,1,"Y","Y",132
"DOLPHB-284","F",12,"Local","MultiPass",12,0,1,0,0,0,1,1,0,0,3,NA,4,1,1,"N","N",112
"DOLPHB-286","F",12,"Overseas","MultiPass",13,0,1,0,0,1,1,1,0,0,2,"RollerCoaster",4,2,1,"Y","N",113
"DOLPHB-288","F",11,"Local","MultiPass",10,0,1,0,0,1,1,1,0,0,3,"RollerCoaster",3,1,1,"N","N",110
"DOLPHB-290","F",17,"Overseas","MultiPass",25,10,1,0,0,0,1,1,0,0,2,NA,2,2,1,"N","N",135
"DOLPHB-292","F",24,"Local","MultiPass",22,10,1,0,0,1,0,1,0,0,2,"RollerCoaster",3,1,1,"N","Y",132
"DOLPHB-294","F",23,"Overseas","MultiPass",24,10,1,0,1,1,1,1,0,0,3,"RollerCoaster",2,1,1,"N","N",134
"DOLPHB-296","F",11,"Local","SinglePass",10,0,1,0,1,1,1,1,0,0,3,"RollerCoaster",1,2,1,"N","N",135
"DOLPHB-298","F",24,"Overseas","SinglePass",19,10,1,0,0,1,0,1,0,0,3,"RollerCoaster",1,2,1,"N","N",104
"DOLPHB-30","F",56,"Overseas","SinglePass",22,40,0,0,0,0,0,0,0,1,1,NA,4,4,1,"Y","Y",62
"DOLPHB-300","F",6,"Local","SinglePass",10,0,1,0,0,0,1,0,1,1,3,NA,3,2,1,"N","N",85
"DOLPHB-302","F",20,"Overseas","SinglePass",14,10,1,0,1,0,1,0,0,1,3,NA,3,2,1,"N","N",99
"DOLPHB-304","F",14,"Local","SinglePass",16,0,1,0,1,0,1,1,0,0,3,NA,1,1,1,"Y","Y",116
"DOLPHB-306","F",6,"Overseas","SinglePass",10,0,1,0,1,0,1,1,1,0,2,NA,3,1,1,"N","N",135
"DOLPHB-308","F",15,"Local","SinglePass",19,0,1,0,1,0,1,1,0,0,3,NA,4,2,1,"N","N",119
"DOLPHB-310","F",20,"Overseas","SinglePass",19,10,1,0,1,0,1,1,0,0,2,NA,4,1,1,"N","N",129
"DOLPHB-312","F",16,"Local","SinglePass",20,10,1,0,0,1,1,1,0,0,3,NA,1,1,1,"N","N",130
"DOLPHB-314","F",7,"Overseas","SinglePass",10,0,1,0,0,1,1,1,1,0,2,NA,1,2,1,"N","Y",135
"DOLPHB-32","M",56,"Local","SinglePass",18,40,0,0,0,0,0,0,0,1,1,NA,4,4,1,"N","N",58
"DOLPHB-34","M",18,"Overseas","SinglePass",17,5,1,0,1,0,0,1,1,0,2,NA,1,1,1,"N","N",122
"DOLPHB-36","M",20,"Local","MultiPass",18,9,1,0,1,0,0,1,1,0,1,NA,2,4,1,"N","Y",127
"DOLPHB-38","F",15,"Overseas","MultiPass",12,8,1,0,1,1,0,1,1,0,1,"WaterRapidsAdventure",4,4,1,"Y","Y",120
"DOLPHB-4","M",20,"Overseas","SinglePass",15,0,1,1,0,1,1,1,1,1,1,"FantasyCarousel",1,4,1,"Y","Y",165
"DOLPHB-40","M",65,"Local","MultiPass",12,40,1,0,0,0,0,0,0,1,1,NA,2,4,1,"N","N",152
"DOLPHB-42","F",53,"Overseas","SinglePass",22,40,0,0,0,0,0,0,0,1,1,NA,2,3,1,"N","N",62
"DOLPHB-44","M",40,"Local","MultiPass",14,40,0,0,0,0,0,0,0,1,1,NA,3,3,1,"N","N",154
"DOLPHB-46","M",18,"Overseas","MultiPass",24,6,1,0,1,0,0,1,1,0,1,NA,3,3,1,"N","N",130
"DOLPHB-48","M",22,"Local","SinglePass",17,6,1,0,1,0,0,1,1,0,1,NA,4,4,1,"N","N",123
"DOLPHB-50","F",35,"Overseas","SinglePass",25,40,0,0,0,0,0,0,0,1,1,NA,1,4,1,"N","N",65
"DOLPHB-52","M",37,"Local","SinglePass",25,40,0,0,1,0,0,0,0,1,1,NA,1,3,1,"N","N",90
"DOLPHB-54","F",12,"Overseas","MultiPass",20,7,1,0,1,1,1,1,1,0,1,NA,4,3,1,"N","N",127
"DOLPHB-56","M",31,"Local","SinglePass",17,40,0,0,0,0,0,1,0,0,1,NA,4,4,1,"Y","Y",82
"DOLPHB-58","M",56,"Overseas","SinglePass",14,40,0,0,0,0,0,0,0,1,1,NA,2,4,1,"N","N",54
"DOLPHB-6","F",18,"Overseas","SinglePass",23,0,0,0,0,0,0,1,1,0,1,NA,3,4,1,"Y","Y",73
"DOLPHB-60","F",56,"Local","SinglePass",17,40,0,0,0,0,0,0,0,1,2,NA,1,1,1,"N","Y",57
"DOLPHB-62","M",23,"Overseas","MultiPass",10,8,0,0,0,1,1,1,1,0,1,NA,3,3,1,"Y","Y",118
"DOLPHB-64","F",46,"Local","MultiPass",16,40,0,0,0,0,0,0,0,1,1,NA,2,3,1,"N","N",156
"DOLPHB-66","M",61,"Overseas","MultiPass",20,40,0,0,0,0,0,0,0,1,1,NA,1,4,1,"N","N",160
"DOLPHB-68","M",41,"Local","SinglePass",22,40,0,0,0,0,0,0,0,1,2,NA,1,2,1,"N","N",62
"DOLPHB-70","F",24,"Overseas","MultiPass",16,5,0,0,0,1,0,1,1,0,1,"SpaceJourney",1,3,1,"N","Y",121
"DOLPHB-72","M",20,"Local","MultiPass",23,7,0,0,1,0,0,1,1,0,3,NA,1,1,1,"N","N",130
"DOLPHB-74","F",30,"Overseas","SinglePass",18,6,1,0,0,1,0,1,1,0,1,"WaterRapidsAdventure",4,3,1,"N","Y",124
"DOLPHB-76","M",28,"Local","MultiPass",18,40,0,0,0,1,0,1,0,0,3,"WaterRapidsAdventure",1,2,1,"N","N",158
"DOLPHB-78","M",32,"Overseas","SinglePass",19,40,0,0,0,0,0,1,0,0,3,NA,2,2,1,"N","N",84
"DOLPHB-8","M",35,"Local","SinglePass",17,0,0,0,0,0,0,0,0,0,1,NA,2,3,1,"N","N",17
"DOLPHB-80","F",44,"Local","MultiPass",24,40,0,0,0,0,0,0,0,1,3,NA,3,2,1,"N","N",164
"DOLPHB-82","F",10,"Overseas","MultiPass",10,9,1,0,1,1,1,1,1,0,2,"RollerCoaster",3,1,1,"N","N",119
"DOLPHB-84","M",45,"Local","SinglePass",12,40,0,0,0,0,0,0,0,1,2,NA,4,1,1,"Y","Y",52
"DOLPHB-86","F",44,"Overseas","SinglePass",22,40,0,0,0,0,0,0,0,1,1,NA,1,3,1,"N","N",62
"DOLPHB-88","M",34,"Local","SinglePass",25,40,0,0,1,0,0,1,0,0,1,NA,3,3,1,"N","N",115
"DOLPHB-90","M",13,"Overseas","MultiPass",15,5,1,0,1,0,1,1,1,0,1,NA,4,3,1,"N","N",120
"DOLPHB-92","M",21,"Local","SinglePass",25,6,1,0,1,0,0,1,1,0,2,NA,3,1,1,"N","N",131
"DOLPHB-94","F",27,"Overseas","SinglePass",23,40,0,0,1,1,0,1,0,0,1,"WaterRapidsAdventure",2,3,1,"N","N",138
"DOLPHB-96","M",45,"Local","SinglePass",15,40,0,0,0,0,0,0,0,1,3,NA,2,1,1,"N","N",55
"DOLPHB-98","F",6,"Overseas","MultiPass",10,9,1,0,0,1,1,1,1,0,1,NA,2,4,1,"N","N",119
"DOLPHC-408","M",25,"Local","SinglePass",13,10,1,0,1,0,0,1,0,0,2,NA,2,2,1,"N","Y",98
"DOLPHC-409","M",20,"Local","MultiPass",15,10,1,0,0,1,1,0,0,1,3,NA,4,1,1,"N","N",125
"DOLPHC-410","M",24,"Overseas","SinglePass",25,10,1,0,0,1,0,1,0,0,2,NA,4,1,1,"N","N",110
"DOLPHC-411","M",22,"Local","MultiPass",12,10,1,0,1,1,1,1,0,0,3,NA,4,1,1,"N","N",122
"DOLPHC-412","M",24,"Local","SinglePass",15,10,1,0,0,1,0,1,0,0,2,NA,2,2,1,"N","Y",100
"DOLPHC-413","M",24,"Local","MultiPass",23,10,1,0,1,1,0,1,0,0,3,NA,1,2,1,"N","N",133
"DOLPHC-414","M",20,"Overseas","SinglePass",17,10,1,0,1,0,1,1,0,0,2,NA,4,1,1,"N","N",127
"DOLPHC-415","M",24,"Local","MultiPass",22,10,1,0,0,0,0,1,0,0,1,NA,3,3,1,"Y","Y",132
"DOLPHC-416","M",26,"Local","SinglePass",20,10,0,0,0,1,0,1,0,0,3,NA,1,2,1,"N","N",80
"DOLPHC-417","M",23,"Local","MultiPass",25,10,1,0,1,0,1,1,0,0,1,NA,1,4,1,"N","N",135
"DOLPHC-418","M",30,"Overseas","SinglePass",16,10,0,0,1,0,1,1,0,0,1,NA,1,4,1,"N","N",101
"DOLPHC-419","M",26,"Local","MultiPass",12,10,0,0,0,1,0,0,0,1,2,NA,1,2,1,"N","Y",122
"DOLPHC-420","M",25,"Local","SinglePass",15,10,1,0,1,1,0,1,0,0,3,NA,3,2,1,"N","N",125
"DOLPHC-421","M",21,"Local","MultiPass",20,10,1,0,1,1,0,1,0,0,3,NA,3,1,1,"N","N",130
"DOLPHC-422","M",20,"Overseas","SinglePass",13,10,1,0,0,0,0,1,0,0,1,NA,4,4,1,"N","N",73
"DOLPHC-423","M",29,"Local","MultiPass",17,10,0,0,0,0,0,1,0,0,1,NA,1,3,1,"N","N",127
"DOLPHC-424","M",30,"Local","SinglePass",16,10,0,0,1,0,1,1,0,0,1,NA,1,3,1,"N","N",101
"DOLPHC-425","F",28,"Local","MultiPass",17,10,0,0,0,1,1,1,0,0,1,NA,4,4,1,"N","N",127
"DOLPHC-426","M",28,"Overseas","SinglePass",24,10,0,0,0,0,0,1,0,0,1,NA,4,4,1,"N","N",59
"DOLPHC-427","M",27,"Local","MultiPass",18,10,0,0,1,0,0,1,0,0,1,NA,2,3,1,"N","N",128
"DOLPHC-428","M",28,"Local","SinglePass",22,10,0,0,0,1,0,1,0,0,2,NA,3,1,1,"N","Y",82
"DOLPHC-429","M",21,"Local","MultiPass",12,10,1,0,0,1,0,0,0,0,3,NA,4,2,1,"N","N",122
"DOLPHC-430","M",20,"Overseas","SinglePass",25,10,1,0,1,1,1,1,0,0,3,NA,4,1,1,"N","N",160
"DOLPHC-431","M",24,"Local","MultiPass",19,10,1,0,1,1,0,1,0,0,2,NA,1,1,1,"Y","Y",129
"DOLPHC-432","M",24,"Local","SinglePass",20,10,1,0,1,0,0,1,0,0,3,NA,1,2,1,"Y","Y",105
"DOLPHC-433","M",23,"Local","MultiPass",20,10,1,0,0,0,1,1,0,0,2,NA,3,1,1,"N","N",130
"DOLPHC-434","M",22,"Overseas","SinglePass",20,10,1,0,1,0,0,1,0,0,2,NA,1,2,1,"N","N",105
"DOLPHC-435","M",25,"Local","MultiPass",19,10,1,0,0,1,1,1,0,0,3,NA,3,2,1,"N","N",129
"DOLPHC-436","M",21,"Local","SinglePass",23,10,1,0,0,1,0,1,0,0,1,NA,4,4,1,"N","N",108
"DOLPHC-437","M",29,"Local","MultiPass",24,10,0,0,1,0,1,1,0,0,1,NA,1,4,1,"N","N",134
"DOLPHC-438","M",30,"Overseas","SinglePass",13,10,0,0,1,0,0,1,0,0,1,NA,2,4,1,"N","Y",73
"DOLPHC-439","M",26,"Local","MultiPass",25,10,0,0,0,1,1,1,0,1,1,NA,4,3,1,"N","N",135
"DOLPHC-440","M",30,"Local","SinglePass",24,10,0,0,0,0,0,1,0,0,1,NA,3,4,1,"N","N",59
"DOLPHC-441","M",26,"Local","MultiPass",17,10,0,0,1,0,1,1,0,0,3,NA,3,1,1,"N","Y",127
"DOLPHC-442","M",25,"Overseas","SinglePass",12,10,1,0,0,1,0,1,0,0,1,NA,2,3,1,"Y","Y",97
"DOLPHC-443","M",26,"Local","MultiPass",19,10,0,0,1,0,1,1,0,0,1,NA,1,3,1,"N","N",129
"DOLPHC-444","M",30,"Local","SinglePass",22,10,0,0,0,0,0,1,0,0,1,NA,2,4,1,"N","Y",57
"DOLPHC-445","M",30,"Local","MultiPass",18,10,0,0,0,0,1,1,0,0,1,NA,3,3,1,"N","Y",128
"DOLPHC-446","M",26,"Overseas","SinglePass",25,10,0,0,1,0,1,1,0,0,1,NA,4,4,1,"Y","Y",110
"DOLPHC-447","M",27,"Local","MultiPass",25,10,0,0,1,0,0,1,0,0,1,NA,1,4,1,"N","N",135
"DOLPHC-448","M",27,"Local","SinglePass",22,10,0,0,1,0,0,1,0,0,2,NA,3,1,1,"N","Y",82
"DOLPHC-449","M",22,"Local","MultiPass",15,10,1,0,1,0,1,0,0,0,1,NA,1,3,1,"Y","Y",125
"DOLPHC-450","M",29,"Overseas","SinglePass",19,10,0,0,0,0,0,1,0,0,3,NA,4,2,1,"N","N",54
"DOLPHC-451","M",24,"Local","MultiPass",21,10,1,0,1,1,0,1,0,0,2,NA,3,1,1,"N","N",131
"DOLPHC-452","M",23,"Local","SinglePass",17,10,1,0,1,1,0,1,0,0,1,NA,3,4,1,"N","N",127
"DOLPHC-453","M",26,"Local","MultiPass",18,10,0,0,1,0,0,1,0,0,2,NA,4,2,1,"N","Y",128
"DOLPHC-454","M",20,"Overseas","SinglePass",13,10,1,0,0,0,1,1,0,0,1,NA,2,4,1,"N","Y",98
"DOLPHC-455","M",30,"Local","MultiPass",19,10,0,0,1,0,0,1,0,0,2,NA,3,1,1,"N","N",129
"DOLPHC-456","M",23,"Local","SinglePass",21,10,1,0,1,1,0,1,0,0,1,NA,1,4,1,"N","Y",131
"DOLPHC-457","M",26,"Local","MultiPass",22,10,0,0,0,1,1,1,0,0,1,NA,1,4,1,"N","N",132
"DOLPHC-458","M",26,"Overseas","SinglePass",17,10,0,0,1,0,1,1,0,0,3,NA,4,2,1,"N","N",102
"DOLPHC-459","M",22,"Local","SinglePass",17,10,1,0,0,0,0,0,0,0,2,NA,3,1,1,"N","N",52
"DOLPHC-460","M",22,"Local","MultiPass",15,10,1,0,1,1,1,1,0,0,1,NA,2,4,1,"N","N",125
"DOLPHC-461","M",27,"Local","MultiPass",18,10,0,0,1,1,1,1,0,0,1,NA,4,3,1,"N","Y",128
"DOLPHC-462","M",26,"Overseas","SinglePass",12,10,0,0,1,0,1,1,0,0,1,NA,1,4,1,"N","N",97
"DOLPHC-463","M",28,"Local","MultiPass",24,10,0,0,0,1,1,1,0,0,1,NA,1,3,1,"N","N",134
"DOLPHC-464","M",30,"Local","SinglePass",14,10,0,0,1,0,1,1,0,0,1,NA,1,4,1,"N","N",99
"DOLPHC-465","M",27,"Local","SinglePass",22,10,0,0,1,1,0,1,0,0,1,NA,1,4,1,"N","Y",107
"DOLPHC-466","M",28,"Overseas","MultiPass",18,10,0,0,1,0,0,1,0,0,3,NA,1,1,1,"N","N",128
"DOLPHC-467","M",22,"Local","MultiPass",23,10,1,0,0,1,1,1,0,0,2,NA,1,1,1,"N","Y",133
"DOLPHC-468","M",25,"Local","SinglePass",22,10,1,0,1,1,1,1,0,0,3,NA,1,2,1,"N","Y",157
"DOLPHC-469","M",22,"Local","MultiPass",25,10,1,0,0,0,1,1,0,0,1,NA,1,3,1,"N","N",135
"DOLPHC-470","M",29,"Overseas","SinglePass",17,10,0,0,1,0,1,1,0,0,2,NA,1,2,1,"N","N",102
"DOLPHC-471","M",21,"Local","SinglePass",20,10,1,0,0,1,1,1,0,0,1,NA,1,4,1,"N","N",130
"DOLPHC-472","M",28,"Local","MultiPass",22,10,0,0,0,0,1,1,0,0,1,NA,1,4,1,"N","N",132
"DOLPHC-473","M",27,"Local","MultiPass",22,10,0,0,0,0,1,1,0,0,1,NA,1,3,1,"N","N",132
"DOLPHC-474","M",28,"Overseas","SinglePass",19,10,0,0,0,0,0,1,0,0,3,NA,1,1,1,"Y","Y",54
"DOLPHC-475","M",22,"Local","MultiPass",25,10,1,0,0,1,0,1,0,0,3,NA,1,2,1,"N","N",135
"DOLPHC-476","M",20,"Local","SinglePass",16,10,1,0,1,1,1,1,0,0,3,NA,1,2,1,"N","Y",151
"DOLPHC-477","M",21,"Local","SinglePass",18,10,1,0,0,0,1,1,0,0,2,NA,1,2,1,"N","Y",103
"DOLPHC-478","M",24,"Overseas","MultiPass",16,10,1,0,0,1,0,1,0,0,1,NA,1,3,1,"N","N",126
"DOLPHC-479","M",30,"Local","MultiPass",15,10,0,0,1,0,0,0,0,0,3,NA,1,2,1,"N","N",125
"DOLPHC-480","M",22,"Local","SinglePass",21,10,1,0,0,1,0,1,0,0,2,NA,1,1,1,"N","Y",106
"DOLPHC-481","M",20,"Local","MultiPass",12,10,1,0,0,0,0,1,0,0,3,NA,1,1,1,"N","N",122
"DOLPHC-482","M",25,"Overseas","SinglePass",20,10,1,0,1,0,1,1,0,0,1,NA,1,4,1,"N","N",130
"DOLPHC-483","M",27,"Local","SinglePass",17,10,0,0,1,1,1,1,0,0,2,NA,1,1,1,"Y","Y",127
"DOLPHC-484","M",25,"Local","MultiPass",21,10,1,0,1,1,1,1,0,0,2,NA,1,2,1,"N","N",131
"DOLPHC-485","M",21,"Local","MultiPass",22,10,1,0,0,1,0,1,0,0,2,NA,1,2,1,"N","N",132
"DOLPHC-486","M",25,"Overseas","SinglePass",20,10,1,0,1,1,0,1,0,0,1,NA,1,3,1,"N","N",130
"DOLPHC-487","M",29,"Local","MultiPass",12,10,0,0,1,0,1,1,0,0,1,NA,1,4,1,"N","Y",122
"DOLPHC-488","M",29,"Local","SinglePass",17,10,0,0,1,1,0,1,0,0,1,NA,1,3,1,"N","N",102
"DOLPHC-489","M",29,"Local","SinglePass",15,10,0,0,0,0,0,1,0,0,3,NA,1,2,1,"N","N",50
"DOLPHC-490","M",22,"Overseas","MultiPass",24,10,1,0,1,0,1,1,0,0,1,NA,1,3,1,"N","N",134
"DOLPHC-491","M",26,"Local","MultiPass",15,10,0,0,1,1,1,1,0,0,2,NA,1,2,1,"N","N",125
"DOLPHC-492","M",22,"Local","SinglePass",20,10,1,0,0,1,0,1,0,0,3,NA,1,1,1,"N","N",105
"DOLPHC-493","M",22,"Local","MultiPass",16,10,1,0,1,1,1,1,0,0,2,NA,1,2,1,"Y","Y",126
"DOLPHC-494","M",20,"Overseas","SinglePass",23,10,1,0,1,0,1,1,0,0,3,NA,1,1,1,"N","N",133
"DOLPHC-495","M",23,"Local","SinglePass",23,10,1,0,0,0,0,1,0,0,1,NA,1,3,1,"N","N",83
"DOLPHC-496","M",27,"Local","MultiPass",18,10,0,0,1,0,1,1,0,0,2,NA,1,2,1,"N","N",128
"DOLPHC-497","M",22,"Local","MultiPass",25,10,1,0,1,1,1,1,0,0,2,NA,1,1,1,"Y","Y",135
"DOLPHC-498","M",20,"Overseas","SinglePass",23,10,1,0,0,1,0,1,0,0,2,NA,1,2,1,"N","Y",108
"DOLPHC-499","M",10,"Local","MultiPass",10,0,1,0,0,1,0,1,0,0,2,NA,3,1,1,"N","N",110
"DOLPHC-500","M",11,"Local","SinglePass",10,0,1,0,0,0,1,0,0,0,2,NA,3,2,1,"N","N",60
"DOLPHC-501","M",15,"Local","SinglePass",14,0,1,0,1,0,0,1,0,0,3,NA,2,2,1,"N","N",89
"DOLPHC-502","M",15,"Overseas","MultiPass",19,0,1,0,1,1,0,0,0,0,2,NA,4,2,1,"N","N",119
"DOLPHC-503","M",25,"Local","MultiPass",14,10,1,0,0,1,0,0,0,0,1,NA,1,3,1,"N","N",124
"DOLPHC-504","M",28,"Local","SinglePass",14,10,0,0,1,0,1,1,0,0,3,NA,1,1,1,"N","N",99
"DOLPHC-505","M",16,"Local","MultiPass",15,10,1,0,0,1,0,1,0,0,3,NA,4,1,1,"N","Y",125
"DOLPHC-506","M",20,"Overseas","SinglePass",19,10,1,0,1,1,1,1,0,0,3,NA,1,2,1,"N","N",154
"DOLPHC-507","F",16,"Local","SinglePass",18,10,1,0,0,1,1,1,0,0,2,NA,4,1,1,"Y","Y",128
"DOLPHC-508","F",15,"Local","MultiPass",15,0,1,0,0,1,0,0,0,0,1,NA,2,3,1,"N","N",115
"DOLPHC-509","F",27,"Local","MultiPass",16,10,0,0,1,0,0,0,0,0,2,NA,1,2,1,"N","Y",126
"DOLPHC-510","F",22,"Overseas","SinglePass",21,10,1,0,1,0,0,1,0,0,1,NA,1,3,1,"N","N",106
"DOLPHC-511","M",27,"Local","MultiPass",25,10,0,0,0,1,1,1,0,0,2,NA,1,1,1,"N","Y",135
"DOLPHC-512","M",22,"Local","SinglePass",13,10,1,0,1,1,0,1,0,0,1,NA,1,4,1,"N","Y",123
"DOLPHC-513","F",30,"Local","SinglePass",17,10,0,0,1,0,0,1,0,0,2,NA,1,2,1,"N","N",77
"DOLPHC-514","F",24,"Overseas","MultiPass",21,10,1,0,1,0,1,1,0,0,2,"DolphinDance",1,2,1,"N","N",131
"DOLPHC-515","F",8,"Local","MultiPass",10,0,1,0,1,0,1,1,1,1,2,"DolphinDance",4,2,1,"N","N",110
"DOLPHC-516","F",14,"Local","SinglePass",25,0,1,0,1,0,1,1,0,0,2,"DolphinDance",2,2,1,"N","N",125
"DOLPHC-517","M",9,"Local","MultiPass",10,0,1,0,1,0,0,1,1,1,3,"DolphinDance",2,2,1,"N","N",110
"DOLPHC-518","M",16,"Overseas","SinglePass",16,10,1,0,1,0,0,1,0,0,2,NA,3,2,1,"N","N",101
"DOLPHC-519","F",24,"Local","SinglePass",14,10,1,0,0,0,1,1,0,0,3,NA,1,2,1,"N","N",99
"DOLPHC-520","F",20,"Local","MultiPass",15,10,1,0,1,0,1,1,0,0,3,NA,1,1,1,"N","N",125
"DOLPHC-521","F",6,"Local","MultiPass",10,0,1,0,0,0,0,1,1,1,2,NA,4,1,1,"N","N",110
"DOLPHC-522","F",15,"Overseas","SinglePass",18,0,1,0,1,1,0,1,0,0,2,NA,4,1,1,"N","N",118
"DOLPHC-523","M",12,"Local","MultiPass",15,0,1,0,0,1,1,1,0,0,3,NA,3,1,1,"N","N",115
"DOLPHC-524","M",12,"Local","SinglePass",15,0,1,0,1,1,0,1,0,0,3,NA,2,1,1,"N","N",115
"DOLPHC-525","F",21,"Local","SinglePass",21,10,1,0,0,0,0,1,0,0,3,NA,1,1,1,"Y","Y",81
"DOLPHC-526","F",21,"Overseas","MultiPass",18,10,1,0,1,0,0,1,0,0,3,NA,1,2,1,"N","N",128
"DOLPHC-527","F",18,"Local","MultiPass",12,10,1,0,0,1,1,1,0,0,3,NA,3,1,1,"N","N",122
"DOLPHC-528","F",12,"Local","SinglePass",15,0,1,0,0,1,1,1,0,0,3,NA,4,2,1,"N","Y",115
"DOLPHC-529","M",9,"Local","MultiPass",10,0,1,0,1,1,0,0,1,0,3,NA,4,2,1,"Y","Y",110
"DOLPHC-530","M",13,"Overseas","SinglePass",15,0,1,0,1,0,0,1,0,0,3,NA,2,1,1,"N","N",90
"DOLPHC-531","M",7,"Local","SinglePass",10,0,1,0,1,1,0,1,1,1,3,NA,2,1,1,"N","Y",135
"DOLPHC-532","M",19,"Local","MultiPass",22,10,1,0,1,1,1,1,0,0,2,NA,2,2,1,"N","N",132
"DOLPHC-533","M",15,"Local","MultiPass",12,0,1,0,0,0,0,1,0,0,3,NA,4,1,1,"N","N",112
"DOLPHC-534","M",12,"Overseas","SinglePass",16,0,1,0,0,0,0,1,0,0,3,NA,2,2,1,"N","Y",66
"DOLPHC-535","M",16,"Local","MultiPass",12,10,1,0,0,1,0,1,0,0,3,NA,3,2,1,"N","N",122
"DOLPHC-536","M",25,"Local","SinglePass",24,10,1,0,0,0,0,1,0,0,2,NA,1,1,1,"Y","Y",84
"DOLPHC-537","M",21,"Local","SinglePass",24,10,1,0,1,0,1,1,0,0,2,NA,1,2,1,"N","N",134
"DOLPHC-538","M",17,"Overseas","MultiPass",21,10,1,0,0,1,0,1,0,0,1,NA,2,3,1,"Y","Y",131
"DOLPHC-539","M",27,"Local","MultiPass",23,10,0,0,1,0,0,0,0,0,2,NA,1,2,1,"N","N",133
"DOLPHC-540","M",16,"Local","SinglePass",24,10,1,0,1,0,0,1,0,0,1,NA,3,3,1,"N","Y",109
"DOLPHC-541","M",29,"Local","MultiPass",24,10,0,0,1,0,0,1,0,0,1,NA,1,3,1,"N","N",134
"DOLPHC-542","M",27,"Overseas","SinglePass",13,10,0,0,0,0,1,1,0,0,1,NA,1,4,1,"N","N",73
"DOLPHC-543","M",29,"Local","SinglePass",24,10,0,0,0,0,1,1,0,0,2,NA,1,2,1,"N","Y",84
"DOLPHC-544","M",15,"Local","MultiPass",20,0,1,0,0,1,1,1,0,0,2,NA,3,2,1,"N","N",120
"DOLPHC-545","M",16,"Local","MultiPass",16,10,1,0,1,0,1,1,0,0,1,NA,4,4,1,"N","Y",126
"DOLPHC-546","M",29,"Overseas","SinglePass",20,10,0,0,0,1,1,1,0,0,2,NA,1,2,1,"N","N",105
"DOLPHC-547","M",16,"Local","MultiPass",23,10,1,0,0,0,0,1,0,0,1,NA,2,4,1,"N","N",133
"DOLPHC-548","M",28,"Local","SinglePass",13,10,0,0,1,1,1,1,0,0,3,NA,1,1,1,"Y","Y",123
"DOLPHC-549","M",20,"Local","SinglePass",21,10,1,0,1,1,1,1,0,0,1,NA,1,3,1,"N","N",156
"DOLPHC-550","M",27,"Overseas","MultiPass",25,10,0,0,1,1,0,1,0,0,3,NA,1,2,1,"N","N",135
"DOLPHC-551","M",16,"Local","MultiPass",16,10,1,0,0,0,0,1,0,0,3,NA,2,2,1,"N","N",126
"DOLPHC-552","M",13,"Local","SinglePass",13,0,1,0,1,1,0,1,0,0,3,NA,2,2,1,"N","N",113
"DOLPHC-553","M",21,"Local","MultiPass",19,10,1,0,1,1,1,1,0,0,2,NA,1,1,1,"N","N",129
"DOLPHC-554","M",17,"Overseas","SinglePass",22,10,1,0,1,0,0,1,0,0,1,NA,3,4,1,"N","N",107
"DOLPHC-555","M",26,"Local","SinglePass",25,10,0,0,1,0,1,1,0,0,2,NA,1,1,1,"N","N",110
"DOLPHC-556","M",14,"Local","MultiPass",14,0,1,0,0,1,1,1,0,0,2,NA,3,1,1,"N","N",114
"DOLPHC-557","M",7,"Local","MultiPass",10,0,1,0,1,0,0,1,1,1,2,NA,2,2,1,"Y","Y",110
"DOLPHC-558","M",11,"Overseas","SinglePass",10,0,1,0,0,1,1,1,0,1,2,NA,2,2,1,"Y","Y",110
"DOLPHC-559","M",21,"Local","MultiPass",21,10,1,0,0,0,1,1,0,0,3,NA,1,1,1,"N","N",131
"DOLPHC-560","M",21,"Local","SinglePass",20,10,1,0,1,1,0,1,0,0,3,NA,1,2,1,"N","N",130
"DOLPHC-561","M",19,"Local","SinglePass",18,10,1,0,1,0,0,1,0,0,2,NA,2,2,1,"N","N",103
"DOLPHC-562","M",15,"Overseas","MultiPass",23,0,1,0,0,1,1,1,0,0,2,NA,4,1,1,"N","Y",123
"DOLPHC-563","M",21,"Local","MultiPass",18,10,1,0,0,1,1,1,0,0,3,NA,1,2,1,"N","N",128
"DOLPHC-564","M",13,"Local","SinglePass",23,0,1,0,0,0,1,1,0,0,2,NA,3,2,1,"N","N",98
"DOLPHC-565","M",6,"Local","MultiPass",10,0,1,0,1,1,1,1,1,1,2,NA,3,2,1,"N","N",110
"DOLPHC-566","M",10,"Overseas","SinglePass",10,0,1,0,0,0,0,1,0,1,3,NA,4,1,1,"N","N",60
"DOLPHC-567","M",6,"Local","SinglePass",10,8,1,0,1,1,0,1,1,1,3,NA,2,1,1,"N","N",143
"DOLPHC-568","M",20,"Local","MultiPass",17,10,1,0,1,1,0,1,0,0,2,NA,1,2,1,"N","N",127
"DOLPHC-569","M",24,"Local","MultiPass",19,10,1,0,0,1,1,1,0,0,3,NA,1,1,1,"N","N",129
"DOLPHC-570","M",8,"Overseas","SinglePass",10,5,1,0,0,0,0,1,1,1,3,NA,3,1,1,"N","N",90
"DOLPHC-571","M",12,"Local","MultiPass",14,5,1,0,0,0,1,1,0,0,3,NA,3,2,1,"N","Y",119
"DOLPHC-572","M",22,"Local","SinglePass",22,10,1,0,1,0,0,1,0,0,3,NA,1,1,1,"N","N",107
"DOLPHC-573","M",24,"Local","SinglePass",17,10,1,0,1,0,1,1,0,0,3,NA,1,2,1,"N","N",127
"DOLPHC-574","M",15,"Overseas","MultiPass",16,0,1,0,1,0,1,1,0,0,2,NA,4,2,1,"N","N",116
"DOLPHC-575","M",23,"Local","MultiPass",13,10,1,0,0,0,1,1,0,0,2,NA,1,2,1,"N","N",123
"DOLPHC-576","M",24,"Local","SinglePass",22,10,1,0,0,1,0,1,0,0,2,NA,1,1,1,"N","N",107
"DOLPHC-577","M",23,"Local","MultiPass",25,10,1,0,1,0,1,1,0,0,3,NA,1,1,1,"N","N",135
"DOLPHC-578","M",9,"Overseas","SinglePass",10,8,1,0,0,0,1,1,1,1,3,NA,4,1,1,"N","Y",118
"DOLPHC-579","M",9,"Local","SinglePass",10,10,1,0,1,1,1,1,1,0,2,NA,4,1,1,"N","N",170
"DOLPHC-580","M",21,"Local","MultiPass",14,10,1,0,1,0,1,1,0,0,3,NA,1,2,1,"N","N",124
"DOLPHC-581","M",17,"Local","MultiPass",13,10,1,0,0,1,0,1,0,0,1,NA,2,3,1,"N","Y",123
"DOLPHC-582","M",29,"Overseas","SinglePass",13,10,0,0,1,1,1,1,0,0,1,NA,1,3,1,"N","Y",123
"DOLPHC-583","M",29,"Local","MultiPass",13,10,0,0,1,1,1,1,0,0,3,NA,1,2,1,"Y","Y",123
"DOLPHC-584","M",24,"Local","SinglePass",23,10,1,0,0,1,0,1,0,0,3,NA,1,1,1,"N","N",108
"DOLPHC-585","M",16,"Local","SinglePass",21,10,1,0,1,0,0,1,0,0,3,NA,3,1,1,"N","N",106
"DOLPHC-586","M",16,"Overseas","MultiPass",20,10,1,0,0,1,1,1,0,0,2,NA,3,1,1,"N","N",130
"DOLPHC-587","M",19,"Local","MultiPass",23,10,1,0,1,1,0,1,0,0,3,NA,3,2,1,"N","N",133
"DOLPHC-588","M",16,"Local","SinglePass",21,10,1,0,0,0,0,1,0,0,3,NA,3,2,1,"N","N",81
"DOLPHC-589","M",9,"Local","MultiPass",10,5,1,0,0,1,0,0,1,0,2,NA,4,2,1,"N","Y",115
"DOLPHC-590","M",8,"Overseas","SinglePass",10,6,1,0,0,1,1,1,1,1,2,NA,3,1,1,"N","Y",141
"DOLPHC-591","M",10,"Local","SinglePass",10,5,1,0,1,0,0,1,0,1,2,NA,2,1,1,"N","N",90
"DOLPHC-592","M",18,"Local","MultiPass",16,10,1,0,0,0,1,1,0,0,1,NA,3,4,1,"N","N",126
"DOLPHC-593","M",30,"Local","MultiPass",21,10,0,0,1,0,1,1,0,0,3,NA,1,2,1,"Y","Y",131
"DOLPHC-594","F",9,"Overseas","SinglePass",10,6,1,0,1,1,0,1,1,1,2,NA,3,1,1,"N","N",141
"DOLPHC-595","F",18,"Local","MultiPass",15,10,1,0,1,1,0,1,0,0,2,NA,2,2,1,"N","N",125
"DOLPHC-596","M",10,"Local","SinglePass",10,10,1,0,1,1,1,1,0,1,3,NA,4,2,1,"N","Y",145
"DOLPHC-597","F",24,"Local","SinglePass",17,10,1,0,0,0,0,1,0,0,1,NA,1,4,1,"N","N",77
"DOLPHC-598","F",28,"Overseas","MultiPass",23,10,0,0,1,1,0,1,0,0,3,NA,1,1,1,"N","N",133
"DOLPHC-599","M",23,"Local","MultiPass",16,10,1,0,1,0,0,1,0,0,2,NA,1,1,1,"Y","Y",126
"DOLPHC-600","F",9,"Local","SinglePass",10,10,1,0,0,1,1,0,1,0,1,NA,4,4,1,"N","N",120
"DOLPHC-601","F",26,"Local","MultiPass",25,10,0,0,0,1,0,1,0,1,2,NA,1,1,1,"Y","Y",135
"DOLPHC-602","M",10,"Overseas","SinglePass",10,6,1,0,0,1,1,1,0,1,3,NA,3,2,1,"N","N",116
"DOLPHC-603","F",10,"Local","SinglePass",10,6,1,0,0,0,1,1,0,0,3,NA,2,2,1,"Y","Y",91
"DOLPHC-604","F",11,"Local","MultiPass",10,9,1,0,1,1,1,0,0,0,1,"DolphinDance",4,4,1,"N","N",119
"DOLPHC-605","M",29,"Local","MultiPass",13,10,0,0,0,0,1,0,0,0,3,"DolphinDance",1,1,1,"N","N",123
"DOLPHC-606","F",11,"Overseas","SinglePass",10,9,1,0,1,0,0,0,0,0,3,"DolphinDance",4,2,1,"Y","N",69
"DOLPHC-607","F",8,"Local","MultiPass",10,7,1,0,1,0,1,0,1,0,3,"DolphinDance",3,1,1,"N","N",117
"DOLPHC-608","M",12,"Local","SinglePass",22,5,1,0,1,1,0,0,0,0,3,"DolphinDance",3,1,1,"N","N",102
"DOLPHC-609","F",19,"Local","SinglePass",17,10,1,0,1,1,0,0,0,0,3,"DolphinDance",4,1,1,"N","N",102
"DOLPHC-610","F",23,"Overseas","MultiPass",17,10,1,0,1,1,1,1,0,0,1,"DolphinDance",1,4,1,"N","N",127
"DOLPHC-611","M",30,"Local","MultiPass",21,10,0,0,1,0,1,1,0,0,1,NA,1,4,1,"N","N",131
"DOLPHC-612","F",29,"Local","SinglePass",13,10,0,0,0,0,1,1,0,0,2,NA,1,1,1,"N","N",73
"DOLPHC-613","F",6,"Local","MultiPass",10,9,1,0,1,1,1,1,1,1,1,NA,3,4,1,"N","N",119
"DOLPHC-614","M",30,"Overseas","SinglePass",21,10,0,0,1,0,1,1,0,0,2,NA,1,1,1,"N","N",106
"DOLPHC-615","F",8,"Local","SinglePass",10,5,1,0,1,0,0,1,1,1,3,NA,3,1,1,"N","N",115
"DOLPHC-616","F",21,"Local","MultiPass",25,10,1,0,0,1,0,1,0,0,3,NA,1,2,1,"Y","Y",135
"DOLPHC-617","M",22,"Local","MultiPass",16,10,1,0,1,1,0,1,0,0,3,NA,1,1,1,"N","N",126
"DOLPHC-618","F",20,"Overseas","SinglePass",13,10,1,0,0,0,0,1,0,0,2,NA,1,2,1,"N","N",73
"DOLPHC-619","F",6,"Local","MultiPass",10,6,1,0,1,1,1,1,1,1,3,NA,3,2,1,"Y","Y",116
"DOLPHC-620","M",24,"Local","SinglePass",19,10,1,0,1,0,1,1,0,0,3,NA,1,1,1,"N","N",129
"DOLPHC-621","F",15,"Local","SinglePass",18,0,1,0,0,0,0,1,0,0,2,NA,4,2,1,"N","N",68
"DOLPHC-622","F",11,"Overseas","MultiPass",10,9,1,0,1,1,1,1,0,1,1,NA,3,3,1,"N","N",119
"DOLPHC-623","M",29,"Local","MultiPass",13,10,0,0,1,1,1,1,0,0,2,NA,1,2,1,"N","N",123
"DOLPHC-624","F",15,"Local","SinglePass",16,0,1,0,0,1,1,1,0,0,2,NA,4,1,1,"N","N",116
"DOLPHC-625","F",16,"Local","MultiPass",21,10,1,0,0,1,0,1,0,0,2,NA,3,1,1,"N","Y",131
"DOLPHC-626","M",21,"Overseas","SinglePass",13,10,1,0,1,0,0,1,0,0,3,NA,1,1,1,"N","Y",98
"DOLPHC-627","F",13,"Local","SinglePass",25,10,1,0,1,0,0,1,0,0,3,NA,2,2,1,"N","Y",110
"DOLPHC-628","F",22,"Local","MultiPass",13,10,1,0,0,1,1,1,0,0,1,NA,1,4,1,"N","N",123
"DOLPHC-629","M",28,"Local","MultiPass",17,10,0,0,1,0,1,1,0,1,3,NA,1,2,1,"N","N",127
"DOLPHC-630","F",6,"Overseas","SinglePass",10,8,1,0,0,0,1,1,1,1,3,NA,2,2,1,"N","N",118
"DOLPHC-631","F",8,"Local","MultiPass",10,6,1,0,1,0,1,1,1,1,3,NA,4,2,1,"N","N",116
"DOLPHC-632","M",21,"Local","SinglePass",15,10,1,0,0,0,0,1,0,0,3,NA,1,1,1,"Y","Y",75
"DOLPHC-633","F",18,"Local","SinglePass",13,10,1,0,0,1,1,1,0,0,1,NA,3,4,1,"N","N",123
"DOLPHC-634","F",29,"Overseas","MultiPass",21,10,0,0,0,1,0,1,0,0,3,NA,1,1,1,"N","Y",131
"DOLPHC-635","M",19,"Local","MultiPass",16,10,1,0,1,0,1,1,0,0,3,NA,2,1,1,"N","Y",126
"DOLPHC-636","F",8,"Local","SinglePass",10,6,1,0,1,1,0,1,1,1,2,NA,2,2,1,"N","N",141
"DOLPHC-637","F",16,"Local","MultiPass",11,10,1,0,0,0,0,1,0,0,3,NA,4,1,1,"N","N",121
"DOLPHC-638","M",18,"Overseas","SinglePass",12,10,1,0,0,1,0,1,0,0,1,NA,2,4,1,"N","Y",97
"DOLPHC-639","F",27,"Local","SinglePass",13,10,0,0,0,1,0,1,0,0,2,NA,1,2,1,"N","N",73
"DOLPHC-640","F",12,"Local","MultiPass",19,7,1,0,0,0,0,1,0,0,2,NA,2,2,1,"N","N",126
"DOLPHC-641","M",13,"Local","MultiPass",10,6,1,0,0,0,1,1,0,0,3,NA,3,1,1,"N","N",116
"DOLPHC-642","F",20,"Overseas","SinglePass",11,10,1,0,0,0,0,1,0,0,3,NA,1,1,1,"N","N",71
"DOLPHC-643","F",20,"Local","MultiPass",20,10,1,0,0,1,1,1,0,0,1,NA,1,4,1,"N","N",130
"DOLPHC-644","M",29,"Local","SinglePass",12,10,0,0,0,0,1,1,0,0,1,NA,1,4,1,"N","Y",72
"DOLPHC-645","F",29,"Local","SinglePass",10,10,0,0,1,0,1,1,0,0,3,NA,1,2,1,"N","N",95
"DOLPHC-646","F",24,"Overseas","MultiPass",19,10,1,0,0,0,1,1,0,0,2,NA,1,2,1,"Y","Y",129
"DOLPHC-647","M",15,"Local","MultiPass",20,0,1,0,0,1,1,1,0,0,3,NA,2,2,1,"N","N",120
"DOLPHC-648","F",22,"Local","SinglePass",18,5,1,0,0,1,1,1,0,0,2,NA,1,1,1,"N","N",123
"DOLPHC-649","F",11,"Local","MultiPass",11,5,1,0,0,0,1,0,0,0,2,NA,4,1,1,"N","N",116
"DOLPHC-650","M",12,"Overseas","SinglePass",14,5,1,0,0,1,0,1,0,0,2,NA,4,2,1,"N","N",94
"DOLPHC-651","F",6,"Local","SinglePass",19,5,1,0,1,0,1,1,1,1,3,NA,4,2,1,"N","N",149
"DOLPHC-652","F",11,"Local","MultiPass",19,5,1,0,1,1,1,1,0,1,2,NA,2,1,1,"N","N",124
"DOLPHC-653","M",15,"Local","MultiPass",14,5,1,0,0,1,0,1,0,0,2,NA,2,2,1,"N","N",119
"DOLPHC-654","F",18,"Overseas","SinglePass",13,5,1,0,1,0,0,0,0,0,3,NA,2,2,1,"N","N",68
"DOLPHC-655","F",13,"Local","MultiPass",13,5,1,0,1,0,1,0,0,0,2,NA,3,2,1,"N","N",118
"DOLPHC-656","M",21,"Local","SinglePass",17,5,1,0,0,0,0,1,0,0,2,NA,1,1,1,"N","N",72
"DOLPHC-657","F",25,"Local","SinglePass",18,5,1,0,0,0,1,0,0,0,2,NA,1,2,1,"N","N",73
"DOLPHC-658","F",12,"Overseas","MultiPass",19,5,1,0,1,0,0,1,0,0,2,NA,2,1,1,"N","N",124
"DOLPHC-659","M",14,"Local","MultiPass",17,5,1,0,0,0,0,1,0,0,2,NA,2,2,1,"N","N",122
"DOLPHC-660","F",10,"Local","SinglePass",13,5,1,0,1,0,0,0,0,1,3,NA,2,2,1,"N","Y",68
"DOLPHC-661","F",10,"Local","MultiPass",14,5,1,0,1,1,1,1,0,1,2,NA,4,1,1,"N","Y",119
"DOLPHC-662","M",14,"Overseas","SinglePass",19,5,1,0,0,1,0,1,0,0,2,NA,4,1,1,"N","Y",99
"DOLPHC-663","F",9,"Local","SinglePass",10,5,1,0,1,0,0,0,1,1,2,NA,2,1,1,"N","N",90
"DOLPHC-664","F",12,"Local","MultiPass",10,5,1,0,1,0,0,1,0,0,2,NA,3,2,1,"N","N",115
"DOLPHC-665","M",13,"Local","MultiPass",11,5,1,0,0,1,1,1,0,0,2,NA,4,1,1,"N","Y",116
"DOLPHC-666","F",10,"Overseas","SinglePass",13,5,1,0,0,1,0,1,0,1,3,NA,3,1,1,"N","N",93
"DOLPHC-667","F",8,"Local","MultiPass",20,5,1,0,1,0,0,0,1,1,3,NA,2,2,1,"N","N",125
"DOLPHC-668","M",11,"Local","SinglePass",18,5,1,0,0,1,0,1,0,1,3,NA,4,2,1,"Y","Y",98
"DOLPHC-669","F",6,"Local","SinglePass",16,5,1,0,1,0,0,0,1,0,2,NA,2,1,1,"N","N",96
"DOLPHC-670","F",11,"Overseas","SinglePass",18,5,1,0,1,1,0,1,0,1,3,NA,3,2,1,"Y","Y",123
"DOLPHC-671","M",7,"Local","SinglePass",12,5,1,0,1,0,1,0,1,1,2,NA,3,2,1,"N","N",117
"DOLPHC-672","F",11,"Local","SinglePass",12,5,1,0,1,1,1,0,0,1,2,NA,2,1,1,"N","N",117
"DOLPHC-673","F",14,"Local","SinglePass",16,5,1,0,1,0,1,0,0,0,3,NA,4,2,1,"N","N",96
"DOLPHC-674","M",6,"Overseas","SinglePass",19,5,1,0,1,1,0,0,1,1,2,NA,4,1,1,"N","N",124
"DOLPHC-675","F",13,"Local","SinglePass",20,5,1,0,1,1,0,1,0,0,2,NA,3,1,1,"N","N",125
"DOLPHC-676","F",12,"Local","SinglePass",12,5,1,0,1,1,0,1,0,0,3,NA,2,1,1,"N","N",117
"DOLPHC-677","M",11,"Local","SinglePass",19,5,1,0,0,0,0,1,0,1,2,NA,4,2,1,"N","N",74
"DOLPHC-678","F",9,"Overseas","SinglePass",10,5,1,0,1,1,0,1,1,1,2,NA,2,1,1,"N","N",140
"DOLPHC-679","M",9,"Local","SinglePass",19,5,1,0,0,1,1,1,1,0,3,NA,3,2,1,"N","Y",149
"DOLPHC-680","F",13,"Local","SinglePass",19,5,1,0,1,0,1,1,0,0,3,NA,3,1,1,"N","N",124
"DOLPHC-681","F",6,"Local","SinglePass",15,5,1,0,0,0,1,1,1,1,2,NA,4,2,1,"N","Y",120
"DOLPHC-682","M",8,"Overseas","SinglePass",13,5,1,0,0,0,1,0,1,1,3,NA,3,1,1,"N","Y",93
"DOLPHC-683","F",7,"Local","SinglePass",11,5,1,0,0,0,1,1,1,1,2,NA,4,2,1,"N","N",116
"DOLPHC-684","F",14,"Local","SinglePass",10,5,1,0,1,0,1,0,0,0,2,NA,2,1,1,"N","N",90
"DOLPHC-685","M",9,"Local","SinglePass",12,5,1,0,1,0,0,1,1,1,3,NA,2,1,1,"N","N",117
"DOLPHC-686","F",10,"Overseas","SinglePass",0,5,1,0,0,0,1,0,0,1,3,NA,4,1,1,"N","N",55
"DOLPHC-687","F",13,"Local","SinglePass",0,5,1,0,0,0,0,0,0,0,3,NA,3,2,1,"N","N",30
"DOLPHC-688","M",9,"Local","SinglePass",0,5,1,0,0,0,0,1,1,1,2,NA,4,2,1,"N","N",80
"DOLPHC-689","F",14,"Local","SinglePass",0,5,1,0,1,1,0,1,0,0,3,NA,2,1,1,"N","N",105
"DOLPHC-690","F",8,"Overseas","SinglePass",0,5,1,0,1,1,0,1,1,1,2,NA,3,1,1,"N","N",130
"DOLPHC-691","M",9,"Local","SinglePass",0,5,1,0,1,1,0,0,1,1,3,NA,3,1,1,"N","N",105
"DOLPHC-692","F",11,"Local","SinglePass",0,5,1,0,0,1,0,1,0,1,3,NA,2,1,1,"N","N",80
"DOLPHC-693","F",8,"Local","SinglePass",0,5,1,0,0,0,0,1,1,1,2,NA,2,2,1,"N","N",80
"DOLPHC-694","M",10,"Overseas","SinglePass",0,5,1,0,0,0,1,0,0,1,3,NA,4,2,1,"N","N",55
"DOLPHC-695","F",8,"Local","SinglePass",0,5,1,0,1,1,0,0,1,1,2,NA,2,1,1,"N","N",105
"DOLPHC-696","F",12,"Local","SinglePass",0,5,1,0,0,0,0,1,0,0,3,NA,3,1,1,"N","N",55
"DOLPHC-697","M",6,"Local","SinglePass",0,5,1,0,0,0,0,1,1,1,2,NA,3,2,1,"N","N",80
"DOLPHC-698","F",7,"Overseas","SinglePass",0,5,1,0,1,0,0,0,1,1,2,NA,3,1,1,"N","Y",80
"DOLPHC-699","F",10,"Local","SinglePass",0,5,1,0,0,1,0,1,0,0,3,NA,3,1,1,"N","N",80
"DOLPHC-700","M",12,"Local","SinglePass",0,5,1,0,1,1,0,0,0,0,2,NA,4,1,1,"N","N",80
"DOLPHC-701","F",12,"Local","SinglePass",0,5,1,0,1,1,0,0,0,0,3,NA,4,1,1,"N","N",80
"DOLPHC-702","F",6,"Overseas","SinglePass",0,5,1,0,1,1,1,0,1,0,2,NA,3,1,1,"N","N",130
"DOLPHC-703","M",6,"Local","SinglePass",0,5,1,0,1,0,1,1,1,1,2,NA,4,2,1,"N","Y",130
"DOLPHC-704","F",8,"Local","SinglePass",0,5,1,0,1,1,0,1,1,0,2,NA,2,1,1,"N","Y",130
"DOLPHC-705","F",14,"Local","SinglePass",0,5,1,0,0,1,0,0,0,0,3,NA,2,1,1,"N","Y",55
"DOLPHC-706","M",10,"Overseas","SinglePass",0,5,1,0,0,0,0,0,0,0,2,NA,4,2,1,"N","Y",30
"DOLPHC-707","M",13,"Local","SinglePass",0,5,1,0,0,1,1,1,0,0,2,NA,2,1,1,"N","N",105
"DOLPHC-708","F",11,"Local","SinglePass",0,5,1,0,0,0,1,1,0,0,3,NA,2,2,1,"N","N",80
"DOLPHC-709","M",7,"Local","SinglePass",0,5,1,0,1,1,0,1,1,0,3,NA,2,1,1,"N","Y",130
"DOLPHC-710","M",7,"Overseas","SinglePass",0,5,1,0,1,0,0,0,1,1,2,NA,2,2,1,"N","N",80
"DOLPHC-711","F",12,"Local","SinglePass",0,5,1,0,0,1,1,0,0,0,3,NA,2,2,1,"N","N",80
"DOLPHC-712","M",10,"Local","SinglePass",0,5,1,0,0,0,0,0,0,1,2,NA,3,2,1,"N","N",30
"DOLPHC-713","M",6,"Local","SinglePass",0,5,1,0,1,0,0,1,1,1,2,NA,4,1,1,"N","N",105
"DOLPHC-714","F",6,"Overseas","SinglePass",0,5,1,0,1,1,1,0,1,1,2,NA,3,2,1,"N","N",130
"DOLPHC-715","M",11,"Local","SinglePass",0,5,1,0,0,0,0,0,0,1,2,NA,3,1,1,"N","Y",30
"DOLPHC-716","M",11,"Local","SinglePass",0,5,1,0,0,1,1,1,0,1,3,NA,2,2,1,"N","N",105
"DOLPHC-717","F",6,"Local","SinglePass",0,5,1,0,1,0,0,0,1,1,2,NA,3,2,1,"N","N",80
"DOLPHC-718","M",13,"Overseas","SinglePass",0,5,1,0,0,0,1,0,0,0,3,NA,4,2,1,"N","N",55
"DOLPHC-719","M",6,"Local","SinglePass",0,5,1,0,1,0,1,1,1,0,2,NA,2,2,1,"N","N",130
"DOLPHC-720","F",12,"Local","SinglePass",0,5,1,0,0,0,0,0,0,0,3,NA,3,2,1,"Y","Y",30
"DOLPHC-721","M",12,"Local","SinglePass",0,5,1,0,0,1,1,1,0,0,2,NA,4,1,1,"N","N",105
"DOLPHC-722","M",6,"Overseas","SinglePass",0,5,1,0,1,0,0,1,1,1,3,NA,2,1,1,"N","Y",105
"DOLPHC-723","F",13,"Local","SinglePass",0,5,1,0,0,1,0,0,0,0,2,NA,3,1,1,"N","N",55
"DOLPHC-724","M",13,"Local","SinglePass",0,5,1,0,0,1,0,1,0,0,2,NA,4,1,1,"Y","Y",80
"DOLPHC-725","M",9,"Local","SinglePass",10,5,1,0,1,1,0,0,1,1,3,NA,4,1,1,"N","N",115
"DOLPHC-726","F",7,"Overseas","SinglePass",10,5,1,0,1,0,0,1,1,1,3,NA,4,1,1,"Y","Y",115
"DOLPHC-727","M",11,"Local","SinglePass",10,5,1,0,0,0,0,1,0,1,3,NA,4,2,1,"N","N",65
"DOLPHC-728","M",7,"Local","SinglePass",10,5,1,0,1,1,0,0,1,1,3,NA,2,2,1,"N","N",115
"DOLPHC-729","F",13,"Local","SinglePass",30,5,1,0,0,0,1,0,0,0,2,NA,2,2,1,"N","Y",85
"DOLPHC-730","M",8,"Overseas","SinglePass",10,5,1,0,1,1,0,1,1,1,3,NA,3,1,1,"N","N",140
"DOLPHC-731","M",13,"Local","SinglePass",26,5,1,0,0,1,1,0,0,0,2,NA,3,2,1,"N","N",106
"DOLPHC-732","F",9,"Local","SinglePass",10,5,1,0,1,0,0,0,1,1,2,NA,3,2,1,"Y","Y",90
"DOLPHC-733","M",12,"Local","SinglePass",32,5,1,0,0,0,0,1,0,0,3,NA,2,2,1,"N","N",87
"DOLPHC-734","M",8,"Overseas","SinglePass",10,5,1,0,1,0,1,0,1,1,3,NA,4,1,1,"N","N",115
"DOLPHC-735","F",10,"Local","SinglePass",10,5,1,0,0,1,1,0,0,1,2,NA,3,2,1,"N","N",90
"DOLPHC-736","M",10,"Local","SinglePass",10,5,1,0,0,1,0,0,0,1,2,NA,4,2,1,"N","N",65
"DOLPHC-737","M",10,"Local","SinglePass",10,5,1,0,0,1,1,1,0,1,2,NA,4,2,1,"N","Y",115
"DOLPHC-738","F",10,"Overseas","SinglePass",10,5,1,0,0,0,1,0,0,1,3,NA,4,2,1,"N","N",65
"DOLPHC-739","M",10,"Local","SinglePass",10,5,1,0,0,0,0,1,0,1,3,NA,4,1,1,"N","N",65
"DOLPHC-740","M",10,"Local","SinglePass",10,5,1,0,0,1,0,1,0,1,2,NA,3,2,1,"N","N",90
"DOLPHC-741","F",12,"Local","SinglePass",23,0,1,0,0,1,0,1,0,0,2,NA,3,1,1,"N","N",98
"DOLPHC-742","M",14,"Overseas","SinglePass",25,0,1,0,0,0,1,0,0,0,2,NA,4,2,1,"N","N",75
"DOLPHC-743","M",13,"Local","SinglePass",30,0,1,0,0,0,1,0,0,0,2,NA,4,1,1,"N","N",80
"DOLPHC-744","F",14,"Local","SinglePass",20,5,1,0,0,0,0,0,0,0,2,NA,2,1,1,"N","Y",50
"DOLPHC-745","M",11,"Local","SinglePass",10,5,1,0,0,0,1,0,0,1,2,NA,3,1,1,"Y","Y",65
"DOLPHC-746","M",7,"Overseas","SinglePass",10,5,1,0,1,1,1,0,1,1,3,NA,2,1,1,"N","N",140
"DOLPHC-747","F",12,"Local","SinglePass",24,0,1,0,0,1,0,1,0,0,3,NA,3,2,1,"N","N",99
"DOLPHC-748","M",10,"Local","SinglePass",10,0,1,0,0,0,0,0,0,1,2,NA,4,2,1,"N","N",35
"DOLPHC-749","M",12,"Local","SinglePass",35,0,1,0,0,1,1,1,0,0,3,NA,2,1,1,"N","Y",135
"DOLPHC-750","F",6,"Overseas","SinglePass",10,7,1,0,1,0,1,0,1,1,3,NA,3,2,1,"N","N",117
"DOLPHC-751","M",12,"Local","SinglePass",24,10,1,0,0,1,0,0,0,0,2,NA,2,2,1,"N","Y",84
"DOLPHC-752","M",11,"Local","SinglePass",10,10,1,0,0,0,0,1,0,1,2,NA,3,1,1,"Y","Y",70
"DOLPHC-753","F",8,"Overseas","SinglePass",10,10,1,0,1,1,0,0,1,1,2,NA,4,1,1,"N","N",120
"DOLPHC-754","M",13,"Overseas","MultiPass",32,8,1,0,0,0,0,1,0,0,3,NA,4,1,1,"N","N",140
"DOLPHC-755","M",10,"Overseas","MultiPass",10,10,1,0,0,0,1,0,0,1,2,NA,3,2,1,"N","Y",120
"DOLPHC-756","F",6,"Overseas","MultiPass",10,13,1,0,1,1,0,1,1,1,3,NA,2,1,1,"N","N",123
"DOLPHD-1000","F",10,"Local","MultiPass",0,0,0,1,0,1,1,1,0,0,2,NA,4,1,1,"N","N",100
"DOLPHD-1001","M",8,"Local","MultiPass",0,0,0,1,1,0,1,1,1,0,3,NA,3,1,1,"Y","N",100
"DOLPHD-1002","M",6,"Local","SinglePass",0,0,0,1,1,0,1,1,1,0,1,NA,1,4,1,"N","N",125
"DOLPHD-1003","M",12,"Local","SinglePass",3,NA,0,0,0,0,0,0,1,0,3,NA,3,1,0,"N","N",28
"DOLPHD-1004","M",10,"Overseas","SinglePass",3,6,0,0,0,1,0,0,0,1,3,NA,2,2,0,"N","N",59
"DOLPHD-1005","M",11,"Local","MultiPass",3,6,1,0,0,1,0,1,0,0,1,NA,2,4,0,"N","N",109
"DOLPHD-1010","M",8,"Local","MultiPass",3,6,1,1,1,0,0,1,0,1,1,NA,4,3,0,"N","N",109
"DOLPHD-1011","M",12,"Overseas","MultiPass",3,NA,1,0,0,1,1,0,0,1,2,NA,3,2,0,"N","N",103
"DOLPHD-1013","M",7,"Local","SinglePass",3,6,1,1,0,0,0,0,1,0,1,NA,4,4,0,"N","N",84
"DOLPHD-1018","M",9,"Overseas","SinglePass",3,6,1,0,1,0,1,0,0,1,2,NA,3,2,0,"N","Y",109
"DOLPHD-1021","M",10,"Overseas","MultiPass",3,6,0,0,1,1,0,0,0,1,1,NA,4,3,0,"N","N",109
"DOLPHD-1023","M",6,"Local","SinglePass",3,6,1,0,1,0,0,0,1,1,1,NA,3,4,0,"N","N",109
"DOLPHD-1024","M",12,"Local","SinglePass",3,NA,0,1,1,0,0,1,0,0,1,NA,2,4,0,"N","Y",78
"DOLPHD-1029","M",7,"Overseas","SinglePass",3,6,1,0,1,0,0,0,0,1,1,NA,3,3,0,"N","N",109
"DOLPHD-1033","M",5,"Local","SinglePass",3,6,1,0,0,0,0,1,1,1,3,NA,4,1,0,"N","Y",109
"DOLPHD-1034","M",10,"Local","SinglePass",3,6,0,0,0,0,0,1,0,0,1,NA,4,3,0,"Y","N",59
"DOLPHD-1038","M",9,"Local","SinglePass",3,6,1,0,0,0,1,1,0,1,1,NA,2,4,0,"N","N",134
"DOLPHD-1039","M",8,"Overseas","SinglePass",3,6,1,0,1,0,1,1,0,0,1,NA,2,4,0,"N","N",134
"DOLPHD-1042","M",12,"Overseas","SinglePass",3,NA,1,0,0,0,1,0,0,0,1,NA,4,3,0,"N","Y",78
"DOLPHD-1045","M",11,"Local","MultiPass",3,6,1,1,1,1,0,0,0,1,2,NA,3,2,0,"N","N",109
"DOLPHD-1046","M",6,"Overseas","MultiPass",3,6,1,0,1,1,0,1,0,0,1,NA,2,3,0,"N","N",109
"DOLPHD-1047","M",6,"Local","SinglePass",3,6,1,0,1,0,0,0,0,0,2,NA,4,1,0,"Y","Y",59
"DOLPHD-1049","M",11,"Overseas","SinglePass",3,6,0,1,1,0,0,1,0,0,1,NA,3,4,0,"N","N",84
"DOLPHD-1052","M",9,"Local","SinglePass",3,6,0,0,1,0,0,1,0,1,2,NA,4,1,0,"Y","Y",109
"DOLPHD-1055","M",6,"Local","SinglePass",3,6,1,0,1,0,1,1,1,0,3,NA,4,2,0,"N","N",159
"DOLPHD-1068","M",9,"Local","SinglePass",3,6,0,0,0,0,0,1,0,1,1,NA,2,3,0,"N","Y",59
"DOLPHD-1069","M",5,"Local","SinglePass",3,6,0,0,0,0,1,0,0,0,1,NA,4,4,0,"N","N",59
"DOLPHD-1070","M",5,"Overseas","SinglePass",3,6,0,0,0,0,0,1,0,1,1,NA,3,3,0,"N","N",59
"DOLPHD-1071","M",5,"Overseas","MultiPass",3,6,0,0,0,0,1,1,0,1,3,NA,2,2,0,"N","N",109
"DOLPHD-1074","M",8,"Overseas","SinglePass",3,6,0,0,1,0,0,0,0,0,1,NA,4,3,0,"N","N",59
"DOLPHD-1076","M",6,"Local","MultiPass",3,6,1,0,0,1,0,0,0,0,3,NA,2,2,0,"N","N",109
"DOLPHD-1077","M",10,"Overseas","MultiPass",3,6,1,0,1,0,1,1,1,1,1,NA,4,4,0,"N","Y",109
"DOLPHD-1078","M",8,"Overseas","SinglePass",3,6,1,0,0,0,0,1,0,0,2,NA,2,1,0,"Y","N",59
"DOLPHD-1081","M",5,"Overseas","MultiPass",3,6,1,0,1,0,0,1,1,1,2,NA,4,1,0,"N","N",109
"DOLPHD-1082","M",6,"Local","MultiPass",3,6,1,0,1,1,0,0,0,0,1,NA,3,4,0,"N","Y",109
"DOLPHD-1083","M",9,"Local","SinglePass",3,6,1,1,1,0,1,1,1,1,2,NA,3,2,0,"N","Y",209
"DOLPHD-1087","M",6,"Local","MultiPass",3,6,1,0,0,1,0,1,0,1,3,NA,4,1,0,"N","N",109
"DOLPHD-1088","M",7,"Overseas","SinglePass",3,6,0,1,1,0,0,0,0,0,2,NA,3,1,0,"N","N",84
"DOLPHD-1089","M",5,"Local","SinglePass",3,6,1,1,0,0,0,1,1,0,3,NA,4,1,0,"N","Y",134
"DOLPHD-1090","M",11,"Local","SinglePass",3,6,0,0,0,0,0,0,1,1,3,NA,4,1,0,"N","N",84
"DOLPHD-1091","M",11,"Overseas","MultiPass",3,6,1,0,1,1,0,1,0,1,1,NA,4,3,0,"N","Y",109
"DOLPHD-1092","M",11,"Overseas","MultiPass",3,6,1,0,0,1,0,0,0,0,2,NA,2,2,0,"N","Y",109
"DOLPHD-1096","M",8,"Local","MultiPass",3,6,0,0,1,1,0,0,0,0,1,NA,2,4,0,"N","N",109
"DOLPHD-1097","M",10,"Local","MultiPass",3,6,0,0,0,1,0,1,0,0,1,NA,4,3,0,"N","N",109
"DOLPHD-1099","M",11,"Overseas","SinglePass",3,6,1,0,0,0,0,1,1,0,2,NA,3,2,0,"N","N",109
"DOLPHD-1102","M",12,"Overseas","MultiPass",3,NA,1,1,0,0,1,1,0,0,1,NA,2,4,0,"N","Y",103
"DOLPHD-1104","M",5,"Local","SinglePass",3,6,0,0,0,0,0,0,0,0,1,NA,4,3,0,"N","Y",34
"DOLPHD-1105","M",5,"Overseas","SinglePass",3,6,1,1,1,0,0,0,1,1,2,NA,3,1,0,"Y","Y",159
"DOLPHD-1106","M",7,"Overseas","MultiPass",3,6,0,0,1,0,0,1,0,1,3,NA,4,1,0,"N","N",109
"DOLPHD-1114","M",7,"Local","SinglePass",3,6,1,0,1,0,0,1,0,1,2,NA,3,1,0,"N","N",109
"DOLPHD-1120","M",12,"Overseas","SinglePass",3,NA,1,0,0,0,1,0,0,1,3,NA,3,2,0,"N","N",78
"DOLPHD-1125","M",12,"Local","SinglePass",3,NA,1,0,0,0,0,1,0,0,1,NA,3,4,0,"N","Y",53
"DOLPHD-1126","M",6,"Overseas","SinglePass",3,6,0,0,0,0,1,1,0,1,3,NA,2,2,0,"N","Y",109
"DOLPHD-1127","M",12,"Overseas","MultiPass",3,NA,0,1,1,0,0,0,0,1,1,NA,4,4,0,"N","Y",103
"DOLPHD-1130","M",12,"Overseas","SinglePass",3,NA,1,0,0,0,0,1,0,0,3,NA,4,2,0,"N","N",53
"DOLPHD-1131","M",5,"Local","SinglePass",3,6,0,0,1,0,0,1,0,0,3,NA,4,2,0,"N","N",59
"DOLPHD-1134","M",6,"Overseas","SinglePass",3,6,0,0,0,0,1,0,0,0,1,NA,4,4,0,"N","Y",59
"DOLPHD-1135","M",7,"Local","SinglePass",3,6,0,1,0,0,1,1,1,0,1,NA,3,3,0,"N","N",134
"DOLPHD-1136","M",12,"Local","SinglePass",3,NA,1,0,0,0,0,0,0,0,1,NA,2,3,0,"Y","Y",28
"DOLPHD-1137","M",12,"Overseas","MultiPass",3,NA,1,0,1,1,0,0,0,0,2,NA,4,1,0,"N","N",103
"DOLPHD-1140","M",7,"Overseas","SinglePass",3,6,0,0,1,0,0,0,0,1,1,NA,2,3,0,"N","N",84
"DOLPHD-1141","M",10,"Overseas","SinglePass",3,6,1,0,0,0,1,1,0,1,1,NA,2,3,0,"N","N",109
"DOLPHD-1142","M",6,"Local","MultiPass",3,6,1,0,0,1,0,0,0,1,3,NA,2,1,0,"N","N",109
"DOLPHD-1143","M",12,"Local","MultiPass",3,NA,0,0,0,1,0,1,1,1,1,NA,2,4,0,"N","Y",103
"DOLPHD-1144","M",6,"Overseas","SinglePass",3,6,1,1,0,0,0,1,0,0,2,NA,3,2,0,"N","N",84
"DOLPHD-1146","M",6,"Local","SinglePass",3,6,0,0,1,0,0,0,0,1,1,NA,3,4,0,"N","N",84
"DOLPHD-1148","M",6,"Overseas","MultiPass",3,6,1,0,1,0,0,1,0,1,2,NA,3,1,0,"N","N",109
"DOLPHD-1150","M",12,"Local","SinglePass",3,NA,0,0,1,0,0,1,0,1,1,NA,3,4,0,"N","Y",103
"DOLPHD-1151","M",8,"Overseas","SinglePass",3,6,0,1,1,0,0,0,1,1,2,NA,2,1,0,"Y","Y",134
"DOLPHD-1154","M",10,"Overseas","SinglePass",3,6,1,0,0,0,0,1,1,0,1,NA,4,4,0,"N","N",109
"DOLPHD-1155","M",6,"Overseas","SinglePass",3,6,1,0,1,0,0,1,0,0,1,NA,3,3,0,"Y","Y",109
"DOLPHD-1157","M",9,"Local","MultiPass",3,6,0,0,0,1,1,1,1,1,2,NA,4,2,0,"N","N",109
"DOLPHD-1162","M",12,"Overseas","MultiPass",3,NA,1,0,1,1,0,0,0,0,2,NA,4,2,0,"N","N",103
"DOLPHD-1164","M",8,"Local","SinglePass",3,6,1,1,1,0,0,1,0,0,2,NA,3,2,0,"N","N",109
"DOLPHD-1166","M",9,"Local","SinglePass",3,6,0,1,1,0,1,0,1,0,1,NA,3,4,0,"N","N",134
"DOLPHD-1169","M",11,"Overseas","MultiPass",3,6,0,1,1,1,1,1,0,1,2,NA,4,1,0,"N","N",109
"DOLPHD-1173","M",11,"Local","MultiPass",3,6,0,0,0,1,0,1,1,1,2,NA,4,1,0,"N","N",109
"DOLPHD-1174","M",9,"Local","MultiPass",3,6,1,0,1,1,1,1,1,1,1,NA,3,3,0,"Y","Y",109
"DOLPHD-1176","M",7,"Overseas","SinglePass",3,6,0,0,1,0,0,1,1,1,3,NA,2,2,0,"N","N",134
"DOLPHD-1181","M",7,"Local","SinglePass",3,6,1,0,0,0,0,0,0,1,2,NA,3,1,0,"N","N",59
"DOLPHD-1184","M",7,"Local","MultiPass",3,6,0,0,1,1,0,0,0,1,3,NA,2,2,0,"N","Y",109
"DOLPHD-1188","M",9,"Local","MultiPass",3,6,0,0,0,0,1,1,1,0,1,NA,3,3,0,"Y","Y",109
"DOLPHD-1194","M",8,"Local","MultiPass",3,6,1,0,0,1,0,1,0,1,2,NA,3,1,0,"N","N",109
"DOLPHD-1196","M",11,"Overseas","SinglePass",3,6,0,0,0,0,0,0,0,1,3,NA,4,2,0,"N","N",59
"DOLPHD-1204","M",12,"Overseas","MultiPass",3,NA,1,0,0,1,0,0,1,1,1,NA,2,3,0,"N","N",103
"DOLPHD-1205","M",7,"Local","SinglePass",3,6,0,1,0,0,0,1,0,1,1,NA,2,4,0,"Y","Y",109
"DOLPHD-1207","M",7,"Overseas","SinglePass",3,6,1,0,0,0,0,1,0,1,1,NA,3,3,0,"N","Y",109
"DOLPHD-1209","M",11,"Local","MultiPass",3,6,1,0,0,1,0,1,1,0,1,NA,2,4,0,"N","N",109
"DOLPHD-1210","M",5,"Overseas","SinglePass",3,6,1,1,0,0,0,1,0,0,3,NA,4,1,0,"N","N",109
"DOLPHD-1214","M",7,"Overseas","MultiPass",3,6,1,1,0,0,0,1,0,0,2,NA,2,2,0,"N","N",109
"DOLPHD-1215","M",5,"Local","SinglePass",3,6,0,0,0,0,1,0,0,0,1,NA,3,4,0,"N","N",59
"DOLPHD-1216","M",12,"Local","SinglePass",3,NA,1,0,0,0,0,1,0,0,1,NA,3,3,0,"N","N",78
"DOLPHD-1217","M",5,"Overseas","SinglePass",3,6,0,0,1,0,0,0,0,0,3,NA,2,2,0,"Y","Y",59
"DOLPHD-1219","M",9,"Local","MultiPass",3,6,0,0,1,0,0,0,0,1,2,NA,2,2,0,"N","Y",109
"DOLPHD-1225","M",6,"Overseas","MultiPass",3,6,1,1,1,0,0,1,1,1,1,NA,3,3,0,"N","Y",109
"DOLPHD-1229","M",7,"Local","MultiPass",3,6,1,0,1,0,1,1,0,0,1,NA,3,3,0,"N","N",109
"DOLPHD-1231","M",6,"Overseas","SinglePass",3,6,1,1,0,0,0,0,0,1,3,NA,2,2,0,"Y","Y",84
"DOLPHD-1235","M",6,"Overseas","MultiPass",3,6,1,0,0,0,1,0,0,0,1,NA,4,4,0,"N","N",109
"DOLPHD-1236","M",11,"Local","SinglePass",3,6,1,1,0,0,0,1,1,0,1,NA,4,3,0,"N","N",134
"DOLPHD-1237","M",5,"Local","SinglePass",3,6,0,0,0,0,0,1,1,0,2,NA,3,1,0,"N","N",84
"DOLPHD-1238","M",12,"Overseas","SinglePass",3,NA,0,0,0,0,0,1,1,1,2,NA,4,2,0,"N","N",78
"DOLPHD-1240","M",8,"Local","MultiPass",3,6,1,0,0,1,1,1,1,0,2,NA,3,1,0,"N","N",109
"DOLPHD-1241","M",9,"Local","SinglePass",3,6,1,0,0,0,0,0,0,1,3,NA,2,2,0,"N","N",84
"DOLPHD-1251","M",7,"Local","SinglePass",3,6,1,0,0,0,0,1,1,0,3,NA,2,2,0,"N","N",109
"DOLPHD-1252","M",8,"Overseas","SinglePass",3,6,0,0,0,0,0,1,0,0,2,NA,2,2,0,"N","N",59
"DOLPHD-1253","M",10,"Overseas","SinglePass",3,6,1,1,0,0,0,0,1,1,1,NA,3,4,0,"N","N",109
"DOLPHD-1255","M",7,"Local","MultiPass",3,6,0,0,0,1,0,0,1,1,1,NA,3,3,0,"N","Y",109
"DOLPHD-1257","M",12,"Local","SinglePass",3,NA,1,1,1,0,0,1,0,0,3,NA,4,1,0,"N","N",128
"DOLPHD-1262","M",8,"Local","SinglePass",3,6,1,1,0,0,0,1,1,0,3,NA,4,1,0,"N","N",109
"DOLPHD-1263","M",12,"Overseas","SinglePass",3,NA,1,0,0,0,1,0,0,1,3,NA,4,1,0,"N","Y",103
"DOLPHD-1267","M",6,"Overseas","SinglePass",3,6,0,0,0,0,0,1,0,0,1,NA,2,4,0,"N","N",59
"DOLPHD-1268","M",12,"Local","SinglePass",3,NA,1,0,0,0,0,0,0,0,3,NA,2,1,0,"N","N",28
"DOLPHD-1271","M",7,"Local","SinglePass",3,6,0,0,0,0,0,1,0,0,1,NA,2,4,0,"N","N",34
"DOLPHD-1272","M",6,"Local","SinglePass",3,6,1,0,0,0,0,1,0,1,2,NA,2,2,0,"N","N",84
"DOLPHD-1275","M",6,"Local","MultiPass",3,6,1,0,0,1,1,1,0,0,3,NA,2,2,0,"N","N",109
"DOLPHD-1276","M",7,"Local","SinglePass",3,6,0,0,0,0,0,0,1,1,3,NA,2,1,0,"N","N",84
"DOLPHD-1279","M",10,"Local","SinglePass",3,6,1,1,0,0,0,1,0,1,1,NA,4,4,0,"N","N",109
"DOLPHD-1281","M",6,"Overseas","MultiPass",3,6,0,0,1,0,0,1,1,0,1,NA,3,3,0,"N","N",109
"DOLPHD-1282","M",10,"Local","SinglePass",3,6,0,1,1,0,0,1,1,1,2,NA,2,2,0,"Y","Y",159
"DOLPHD-1284","M",10,"Overseas","SinglePass",3,6,0,0,0,0,0,0,1,0,1,NA,2,3,0,"N","Y",59
"DOLPHD-1285","M",11,"Local","MultiPass",3,6,1,0,0,1,0,1,0,0,1,NA,3,4,0,"N","N",109
"DOLPHD-1288","M",9,"Overseas","SinglePass",3,6,1,0,0,0,1,1,0,0,1,NA,3,3,0,"N","N",84
"DOLPHD-1290","M",7,"Local","MultiPass",3,6,0,1,0,1,0,1,0,1,1,NA,3,4,0,"N","N",109
"DOLPHD-1291","M",7,"Overseas","MultiPass",3,6,1,0,1,0,0,1,1,0,1,NA,2,3,0,"Y","Y",109
"DOLPHD-1292","M",12,"Local","SinglePass",3,NA,1,0,0,0,0,0,0,1,1,NA,2,3,0,"N","N",78
"DOLPHD-1296","M",5,"Local","MultiPass",3,6,0,0,0,1,0,0,1,0,1,NA,2,4,0,"N","Y",109
"DOLPHD-1297","M",9,"Local","SinglePass",3,6,0,0,1,0,0,1,0,0,2,NA,2,1,0,"Y","Y",84
"DOLPHD-1298","M",6,"Overseas","SinglePass",3,6,0,0,0,0,0,0,1,1,1,NA,2,4,0,"Y","Y",84
"DOLPHD-1302","M",6,"Overseas","SinglePass",3,6,1,0,1,0,0,0,0,1,2,NA,4,2,0,"N","N",84
"DOLPHD-1306","M",7,"Local","MultiPass",3,6,1,0,0,1,0,0,1,0,1,NA,4,3,0,"Y","Y",109
"DOLPHD-1312","M",6,"Overseas","SinglePass",3,6,0,0,1,0,1,1,0,0,1,NA,3,3,0,"Y","Y",109
"DOLPHD-1313","M",5,"Local","SinglePass",3,6,1,1,0,0,1,0,0,0,3,NA,2,1,0,"N","Y",109
"DOLPHD-1314","M",5,"Local","SinglePass",3,6,0,0,1,0,0,1,0,1,3,NA,4,1,0,"N","N",109
"DOLPHD-1315","M",11,"Overseas","MultiPass",3,6,1,0,1,1,0,1,0,1,1,NA,4,4,0,"N","Y",109
"DOLPHD-1323","M",10,"Overseas","SinglePass",3,6,1,1,1,0,0,0,0,1,1,NA,3,4,0,"Y","N",134
"DOLPHD-1325","M",8,"Local","MultiPass",3,6,1,0,0,0,1,1,1,0,3,NA,4,1,0,"Y","N",109
"DOLPHD-1327","M",7,"Local","SinglePass",3,6,1,0,1,0,1,0,0,0,3,NA,2,2,0,"N","N",109
"DOLPHD-1328","M",10,"Local","SinglePass",3,6,1,0,1,0,1,1,0,1,2,NA,2,2,0,"N","N",134
"DOLPHD-1332","M",12,"Local","SinglePass",3,NA,0,0,1,0,0,0,1,1,1,NA,2,4,0,"N","N",103
"DOLPHD-1337","M",8,"Overseas","MultiPass",3,6,0,0,1,0,0,1,1,0,1,NA,2,3,0,"N","N",109
"DOLPHD-1338","M",11,"Local","SinglePass",3,6,0,0,0,0,0,1,0,0,1,NA,4,4,0,"N","N",59
"DOLPHD-1341","M",9,"Local","MultiPass",3,6,1,0,1,1,0,0,1,0,3,NA,4,2,0,"N","N",109
"DOLPHD-1342","M",5,"Local","MultiPass",3,6,1,1,1,0,1,0,0,0,3,NA,4,1,0,"N","N",109
"DOLPHD-1344","M",6,"Overseas","SinglePass",3,6,0,0,0,0,1,0,1,1,1,NA,2,4,0,"N","N",84
"DOLPHD-1345","M",7,"Local","SinglePass",3,6,0,1,0,0,0,0,0,0,1,NA,3,3,0,"N","N",59
"DOLPHD-1348","M",8,"Local","SinglePass",3,6,1,0,0,0,0,0,0,1,1,NA,2,3,0,"N","N",84
"DOLPHD-1349","M",9,"Local","SinglePass",3,6,0,0,1,0,0,0,0,0,2,NA,3,1,0,"N","N",59
"DOLPHD-1351","M",7,"Overseas","MultiPass",3,6,1,1,1,1,0,1,0,0,2,NA,4,1,0,"N","N",109
"DOLPHD-1353","M",12,"Local","SinglePass",3,NA,1,1,0,0,0,1,0,1,1,NA,4,4,0,"N","N",128
"DOLPHD-1354","M",10,"Overseas","SinglePass",3,6,1,0,0,0,1,1,0,1,3,NA,4,1,0,"N","Y",109
"DOLPHD-1356","M",8,"Local","MultiPass",3,6,1,0,0,1,0,1,1,0,1,NA,3,4,0,"N","N",109
"DOLPHD-1360","M",12,"Local","SinglePass",3,NA,0,0,1,0,1,1,0,1,3,NA,3,2,0,"N","N",128
"DOLPHD-1361","M",5,"Overseas","MultiPass",3,6,1,0,0,0,1,0,0,0,1,NA,4,3,0,"N","N",109
"DOLPHD-1366","M",8,"Local","MultiPass",3,6,1,0,0,0,0,1,0,1,2,NA,3,2,0,"N","Y",109
"DOLPHD-1367","M",10,"Local","MultiPass",3,6,0,0,1,1,0,1,1,1,1,NA,4,4,0,"N","N",109
"DOLPHD-1368","M",12,"Overseas","SinglePass",3,NA,1,0,1,0,1,0,1,0,3,NA,4,2,0,"N","N",128
"DOLPHD-1369","M",6,"Local","SinglePass",3,6,1,0,0,0,0,0,0,0,3,NA,2,1,0,"N","N",59
"DOLPHD-1372","M",6,"Overseas","MultiPass",3,6,1,0,1,1,0,0,0,1,1,NA,2,4,0,"N","N",109
"DOLPHD-1373","M",10,"Local","SinglePass",3,6,0,0,0,0,1,1,1,1,3,NA,3,1,0,"N","N",109
"DOLPHD-1374","M",7,"Local","SinglePass",3,6,0,1,0,0,0,0,0,0,1,NA,2,4,0,"N","N",34
"DOLPHD-1380","M",10,"Local","SinglePass",3,6,1,0,1,0,1,0,0,0,2,NA,2,2,0,"N","N",109
"DOLPHD-1383","M",6,"Local","SinglePass",3,6,1,0,1,0,0,1,1,0,1,NA,4,4,0,"N","N",134
"DOLPHD-1384","M",9,"Local","SinglePass",3,6,0,1,1,0,0,1,1,0,1,NA,2,3,0,"N","N",109
"DOLPHD-1386","M",9,"Overseas","MultiPass",3,6,1,0,0,1,0,0,1,1,1,NA,2,4,0,"N","N",109
"DOLPHD-1387","M",8,"Local","MultiPass",3,6,0,0,0,1,0,0,0,0,2,NA,2,2,0,"Y","N",109
"DOLPHD-1390","M",5,"Local","SinglePass",3,6,0,1,1,0,0,1,0,0,1,NA,3,4,0,"N","N",109
"DOLPHD-1391","M",8,"Local","SinglePass",3,6,0,1,1,0,0,0,1,0,2,NA,2,1,0,"N","N",84
"DOLPHD-1392","M",12,"Overseas","MultiPass",3,NA,1,0,0,0,0,0,0,1,1,NA,3,4,0,"N","N",103
"DOLPHD-1394","M",11,"Local","SinglePass",3,6,1,0,0,0,1,0,0,0,1,NA,2,3,0,"N","N",84
"DOLPHD-1395","M",12,"Local","SinglePass",3,NA,0,0,0,0,1,0,0,1,1,NA,2,4,0,"N","N",78
"DOLPHD-1396","M",7,"Overseas","SinglePass",3,6,0,0,0,0,0,1,0,0,1,NA,3,4,0,"N","N",59
"DOLPHD-1398","M",7,"Local","MultiPass",3,6,1,0,0,1,0,1,0,0,1,NA,4,3,0,"N","N",109
"DOLPHD-1400","M",6,"Overseas","SinglePass",3,6,1,0,0,0,0,0,0,1,1,NA,2,4,0,"N","Y",59
"DOLPHD-1401","M",10,"Local","SinglePass",3,6,1,0,1,0,0,1,1,0,1,NA,3,3,0,"N","N",134
"DOLPHD-1402","M",12,"Local","MultiPass",3,NA,1,1,1,0,0,0,0,0,3,NA,4,2,0,"N","N",103
"DOLPHD-1406","M",11,"Overseas","SinglePass",3,6,1,0,0,0,1,0,1,1,3,NA,2,2,0,"N","N",109
"DOLPHD-1409","M",5,"Local","SinglePass",3,6,0,0,0,0,0,0,0,0,3,NA,4,2,0,"N","N",9
"DOLPHD-1410","M",9,"Overseas","SinglePass",3,6,0,0,0,0,0,1,1,1,1,NA,2,3,0,"N","N",84
"DOLPHD-1411","M",10,"Local","SinglePass",3,6,0,0,0,0,1,1,0,1,3,NA,2,1,0,"N","N",109
"DOLPHD-1413","M",7,"Overseas","MultiPass",3,6,1,0,0,1,0,0,1,1,2,NA,2,2,0,"N","N",109
"DOLPHD-1417","M",10,"Overseas","MultiPass",3,6,1,0,1,1,1,1,0,1,3,NA,4,2,0,"N","N",109
"DOLPHD-1418","M",8,"Local","MultiPass",3,6,0,0,0,0,1,1,0,0,2,NA,2,1,0,"N","N",109
"DOLPHD-1420","M",7,"Overseas","SinglePass",3,6,0,0,0,0,0,0,1,1,1,NA,2,3,0,"N","N",59
"DOLPHD-1422","M",9,"Local","MultiPass",3,6,1,0,1,0,0,0,0,1,3,NA,2,2,0,"N","N",109
"DOLPHD-1423","M",8,"Local","MultiPass",3,6,0,0,0,1,0,0,0,1,3,NA,2,2,0,"Y","Y",109
"DOLPHD-1424","M",8,"Overseas","SinglePass",3,6,1,0,0,0,0,1,0,1,1,NA,2,3,0,"N","N",109
"DOLPHD-1425","M",10,"Local","SinglePass",3,6,1,0,0,0,0,0,0,1,1,NA,2,4,0,"N","N",84
"DOLPHD-1426","M",11,"Local","SinglePass",3,6,1,1,1,0,0,0,0,1,2,NA,2,1,0,"N","N",134
"DOLPHD-1429","M",12,"Local","SinglePass",3,NA,1,1,0,0,0,1,0,0,1,NA,3,3,0,"N","Y",103
"DOLPHD-1432","M",5,"Local","MultiPass",3,6,0,0,0,1,1,1,0,1,1,NA,2,3,0,"N","N",109
"DOLPHD-1433","M",5,"Local","MultiPass",3,6,0,1,0,0,0,0,0,0,3,NA,4,1,0,"N","N",109
"DOLPHD-1435","M",10,"Overseas","SinglePass",3,6,1,0,1,0,0,0,0,0,2,NA,2,2,0,"Y","Y",84
"DOLPHD-1439","M",11,"Local","SinglePass",3,6,1,0,1,0,0,0,0,1,1,NA,3,4,0,"N","N",84
"DOLPHD-1442","M",5,"Overseas","MultiPass",3,6,1,0,1,0,0,1,0,0,1,NA,4,4,0,"N","N",109
"DOLPHD-1446","M",12,"Local","SinglePass",3,NA,1,0,0,0,0,1,1,0,2,NA,3,1,0,"N","N",78
"DOLPHD-1448","M",12,"Overseas","MultiPass",3,NA,1,0,1,0,1,1,0,0,2,NA,3,2,0,"N","N",103
"DOLPHD-1450","M",10,"Local","SinglePass",3,6,0,0,1,0,0,0,0,1,2,NA,4,1,0,"Y","Y",84
"DOLPHD-1451","M",6,"Local","SinglePass",3,6,0,0,0,0,0,0,0,1,2,NA,4,1,0,"N","N",34
"DOLPHD-1454","M",10,"Local","MultiPass",3,6,0,0,1,1,0,0,0,0,3,NA,2,2,0,"N","Y",109
"DOLPHD-1456","M",12,"Overseas","SinglePass",3,NA,1,0,0,0,0,1,0,1,2,NA,4,1,0,"N","N",78
"DOLPHD-1457","M",10,"Local","SinglePass",3,6,0,0,1,0,0,1,0,0,2,NA,2,1,0,"Y","Y",59
"DOLPHD-1458","M",10,"Local","MultiPass",3,6,0,1,0,0,0,0,0,0,3,NA,2,2,0,"N","N",109
"DOLPHD-1459","M",6,"Overseas","MultiPass",3,6,1,1,1,1,1,1,0,0,2,NA,4,2,0,"N","N",109
"DOLPHD-1460","M",7,"Local","SinglePass",3,6,0,0,0,0,0,0,1,1,3,NA,2,2,0,"N","N",84
"DOLPHD-1463","M",7,"Overseas","MultiPass",3,6,1,1,1,1,0,0,1,0,1,NA,2,4,0,"N","N",109
"DOLPHD-1466","M",10,"Overseas","SinglePass",3,6,0,0,0,0,0,0,0,0,1,NA,4,3,0,"N","N",34
"DOLPHD-1470","M",6,"Overseas","SinglePass",3,6,0,0,0,0,0,1,0,0,3,NA,3,2,0,"N","N",34
"DOLPHD-1472","M",6,"Local","SinglePass",3,6,0,0,1,0,1,1,1,0,3,NA,2,1,0,"N","N",134
"DOLPHD-1473","M",6,"Overseas","MultiPass",3,6,1,1,0,0,0,0,1,1,1,NA,3,3,0,"N","N",109
"DOLPHD-1483","M",12,"Overseas","MultiPass",3,NA,0,0,1,0,0,0,0,0,3,NA,3,1,0,"N","N",103
"DOLPHD-1485","M",6,"Local","SinglePass",3,6,1,1,0,0,0,1,0,0,2,NA,2,2,0,"N","N",109
"DOLPHD-1489","M",12,"Local","MultiPass",3,NA,0,0,0,1,0,1,0,0,1,NA,2,4,0,"N","N",103
"DOLPHD-1492","M",7,"Local","SinglePass",3,6,0,0,1,0,1,0,0,0,2,NA,4,1,0,"N","N",84
"DOLPHD-1493","M",5,"Local","MultiPass",3,6,0,0,0,1,1,1,0,0,2,NA,2,1,0,"N","N",109
"DOLPHD-1496","M",12,"Local","SinglePass",3,NA,0,1,1,0,1,0,1,0,2,NA,4,2,0,"N","N",128
"DOLPHD-1497","M",6,"Overseas","SinglePass",3,6,1,0,1,0,1,0,0,1,1,NA,3,4,0,"N","N",109
"DOLPHD-1498","M",10,"Overseas","MultiPass",3,6,0,1,0,0,0,0,0,0,2,NA,3,2,0,"N","N",109
"DOLPHD-1500","M",12,"Local","SinglePass",3,NA,0,0,1,0,1,1,1,1,1,NA,3,4,0,"N","N",128
"DOLPHD-1501","M",6,"Overseas","SinglePass",3,6,0,1,1,0,1,0,0,1,3,NA,4,2,0,"N","Y",134
"DOLPHD-1503","M",11,"Local","SinglePass",3,6,1,1,0,0,0,0,1,0,1,NA,3,3,0,"N","Y",109
"DOLPHD-1504","M",11,"Overseas","MultiPass",3,6,0,0,1,1,0,1,1,1,2,NA,2,1,0,"N","Y",109
"DOLPHD-1507","M",7,"Local","SinglePass",3,6,1,1,1,0,1,1,0,0,1,NA,2,3,0,"N","Y",134
"DOLPHD-1510","M",5,"Local","MultiPass",3,6,1,0,0,1,0,0,1,1,1,NA,3,4,0,"N","N",109
"DOLPHD-1513","M",7,"Local","SinglePass",3,6,1,0,1,0,0,1,0,0,3,NA,4,2,0,"N","Y",109
"DOLPHD-1514","M",8,"Local","MultiPass",3,6,1,1,0,0,0,1,0,0,3,NA,2,2,0,"N","N",109
"DOLPHD-1515","M",5,"Overseas","MultiPass",3,6,1,0,0,0,1,1,1,0,3,NA,4,1,0,"N","N",109
"DOLPHD-1519","M",8,"Overseas","MultiPass",3,6,1,0,0,1,0,1,0,0,1,NA,2,3,0,"N","N",109
"DOLPHD-1520","M",10,"Local","MultiPass",3,6,0,0,0,1,0,0,0,1,1,NA,3,3,0,"N","N",109
"DOLPHD-1521","M",12,"Local","SinglePass",3,NA,1,1,0,0,0,0,0,1,3,NA,2,1,0,"N","N",103
"DOLPHD-1526","M",5,"Overseas","SinglePass",3,6,1,0,0,0,1,0,1,0,3,NA,4,2,0,"N","N",109
"DOLPHD-1527","M",12,"Local","SinglePass",3,NA,1,0,0,0,0,0,0,0,2,NA,3,2,0,"N","N",28
"DOLPHD-1528","M",11,"Local","SinglePass",3,6,0,0,0,0,0,1,0,0,1,NA,2,4,0,"N","Y",59
"DOLPHD-1529","M",8,"Overseas","MultiPass",3,6,1,0,0,0,0,1,0,1,2,NA,3,2,0,"N","N",109
"DOLPHD-1530","M",5,"Local","MultiPass",3,6,0,0,0,1,1,1,1,0,1,NA,2,4,0,"N","N",109
"DOLPHD-1533","M",6,"Overseas","SinglePass",3,6,1,0,0,0,0,1,0,0,3,NA,3,1,0,"N","Y",84
"DOLPHD-1536","M",8,"Overseas","SinglePass",3,6,1,0,0,0,0,1,1,1,2,NA,3,2,0,"N","N",109
"DOLPHD-1537","M",12,"Local","SinglePass",3,NA,1,0,0,0,0,0,1,1,2,NA,2,2,0,"N","N",78
"DOLPHD-1538","M",8,"Local","SinglePass",3,6,0,0,0,0,1,1,1,1,3,NA,3,1,0,"N","N",109
"DOLPHD-1543","M",10,"Overseas","SinglePass",3,6,1,0,0,0,1,1,0,1,1,NA,2,3,0,"N","Y",134
"DOLPHD-1545","M",7,"Local","MultiPass",3,6,1,0,1,1,1,1,0,1,1,NA,4,3,0,"N","Y",109
"DOLPHD-1551","M",8,"Local","SinglePass",3,6,1,0,0,0,0,0,0,1,1,NA,3,4,0,"N","N",84
"DOLPHD-1553","M",12,"Overseas","SinglePass",3,NA,1,0,0,0,0,0,0,0,1,NA,4,4,0,"N","N",28
"DOLPHD-1557","M",8,"Overseas","SinglePass",3,6,1,0,0,0,1,1,0,0,3,NA,3,1,0,"N","N",84
"DOLPHD-1560","M",9,"Overseas","MultiPass",3,6,0,0,1,0,0,0,0,1,3,NA,3,2,0,"N","N",109
"DOLPHD-1561","M",8,"Overseas","MultiPass",3,6,1,0,1,0,1,1,0,1,3,NA,2,1,0,"Y","Y",109
"DOLPHD-1562","M",8,"Local","SinglePass",3,6,0,0,1,0,0,0,0,0,3,NA,4,2,0,"N","N",59
"DOLPHD-1564","M",12,"Overseas","SinglePass",3,NA,1,0,0,0,1,0,1,1,1,NA,2,3,0,"N","N",128
"DOLPHD-1565","M",11,"Local","MultiPass",3,6,1,0,0,0,0,1,0,1,3,NA,4,2,0,"N","N",109
"DOLPHD-1568","M",6,"Overseas","SinglePass",3,6,1,0,0,0,0,1,1,0,2,NA,3,1,0,"N","Y",109
"DOLPHD-1570","M",8,"Local","MultiPass",3,6,1,0,1,1,0,1,1,0,2,NA,2,2,0,"N","N",109
"DOLPHD-1575","M",11,"Overseas","MultiPass",3,6,0,0,1,0,0,1,1,1,1,NA,2,4,0,"N","Y",109
"DOLPHD-1577","M",10,"Local","SinglePass",3,6,1,0,1,0,1,1,0,1,2,NA,3,2,0,"N","Y",159
"DOLPHD-1582","M",5,"Overseas","SinglePass",3,6,1,1,1,0,0,0,0,1,3,NA,3,1,0,"N","N",109
"DOLPHD-1584","M",12,"Local","SinglePass",3,NA,0,0,0,0,0,0,0,0,3,NA,2,2,0,"N","N",28
"DOLPHD-1587","M",9,"Local","SinglePass",3,6,1,0,0,0,1,1,0,0,3,NA,4,1,0,"N","N",109
"DOLPHD-1588","M",9,"Overseas","SinglePass",3,6,1,0,0,0,0,0,0,0,3,NA,4,2,0,"N","N",34
"DOLPHD-1592","M",5,"Overseas","SinglePass",3,6,0,1,0,0,0,0,0,1,2,NA,2,2,0,"N","N",59
"DOLPHD-1595","M",9,"Overseas","MultiPass",3,6,1,0,1,1,0,1,0,1,2,NA,3,2,0,"Y","Y",109
"DOLPHD-1598","M",6,"Local","SinglePass",3,6,0,0,0,0,0,1,0,1,1,NA,3,4,0,"Y","Y",84
"DOLPHD-1601","M",12,"Local","MultiPass",3,NA,1,0,0,1,0,1,0,0,3,NA,2,2,0,"Y","Y",103
"DOLPHD-1602","M",6,"Overseas","SinglePass",3,6,1,0,0,0,0,1,1,1,1,NA,3,4,0,"N","N",134
"DOLPHD-1611","M",9,"Local","MultiPass",3,6,0,1,1,1,0,0,0,0,2,NA,3,1,0,"N","N",109
"DOLPHD-1612","M",6,"Local","SinglePass",3,6,1,0,0,0,0,0,0,0,2,NA,4,1,0,"N","Y",59
"DOLPHD-1613","M",9,"Overseas","SinglePass",3,6,0,0,1,0,0,1,1,1,2,NA,3,1,0,"N","N",134
"DOLPHD-1616","M",12,"Overseas","MultiPass",3,NA,0,0,0,1,1,1,0,0,1,NA,2,4,0,"N","Y",103
"DOLPHD-1618","M",6,"Local","SinglePass",3,6,1,0,1,0,0,0,1,1,2,NA,4,2,0,"Y","Y",134
"DOLPHD-1620","M",7,"Overseas","SinglePass",3,6,1,0,1,0,0,0,0,0,3,NA,2,1,0,"N","Y",84
"DOLPHD-1621","M",12,"Local","MultiPass",3,NA,1,0,0,0,0,1,0,0,3,NA,4,1,0,"Y","Y",103
"DOLPHD-1623","M",10,"Overseas","SinglePass",3,6,0,1,0,0,1,1,0,0,2,NA,4,2,0,"N","Y",109
"DOLPHD-1627","M",10,"Overseas","MultiPass",3,6,1,1,0,0,0,0,1,1,3,NA,2,1,0,"N","Y",109
"DOLPHD-1628","M",6,"Local","SinglePass",3,6,0,1,1,0,0,1,0,1,3,NA,3,2,0,"N","N",109
"DOLPHD-1634","M",12,"Overseas","SinglePass",3,NA,0,1,1,0,0,0,0,0,1,NA,0,3,0,"N","N",78
"DOLPHD-1636","M",10,"Local","MultiPass",3,6,1,1,0,0,0,1,1,0,1,NA,4,4,0,"N","Y",109
"DOLPHD-1637","M",9,"Overseas","MultiPass",3,6,1,0,1,1,0,0,0,0,3,NA,4,1,0,"N","Y",109
"DOLPHD-1638","M",5,"Overseas","SinglePass",3,6,1,0,1,0,1,1,1,1,3,NA,4,1,0,"N","N",159
"DOLPHD-1644","M",9,"Overseas","SinglePass",3,6,1,0,0,0,1,1,0,0,1,NA,3,4,0,"N","N",109
"DOLPHD-1645","M",6,"Overseas","SinglePass",3,6,0,0,1,0,0,1,0,0,3,NA,0,1,0,"N","Y",59
"DOLPHD-1646","M",6,"Local","MultiPass",3,6,0,1,1,1,0,1,0,0,1,NA,4,4,0,"N","Y",109
"DOLPHD-1647","M",6,"Local","MultiPass",3,6,0,0,1,0,0,0,1,1,2,NA,2,2,0,"N","N",109
"DOLPHD-1650","M",12,"Local","SinglePass",3,NA,1,0,1,0,0,1,0,1,3,NA,2,1,0,"N","N",103
"DOLPHD-1652","M",7,"Overseas","MultiPass",3,6,1,0,0,1,0,1,0,1,3,NA,0,2,0,"N","Y",109
"DOLPHD-1653","M",8,"Local","SinglePass",3,6,1,0,0,0,0,0,1,0,1,NA,3,3,0,"N","N",84
"DOLPHD-1654","M",8,"Local","SinglePass",3,6,1,0,1,0,0,1,0,0,1,NA,2,4,0,"Y","N",109
"DOLPHD-1655","M",12,"Overseas","SinglePass",3,NA,1,1,0,0,0,0,0,0,2,NA,0,1,0,"N","N",78
"DOLPHD-1657","M",7,"Local","MultiPass",3,6,0,0,0,0,0,0,0,1,3,NA,2,1,0,"N","N",109
"DOLPHD-1662","M",9,"Overseas","MultiPass",3,6,1,0,1,0,0,1,0,1,1,NA,2,4,0,"N","N",109
"DOLPHD-1663","M",12,"Local","SinglePass",3,NA,0,1,0,0,0,1,0,1,3,NA,0,1,0,"N","N",78
"DOLPHD-1664","M",9,"Local","SinglePass",3,6,0,0,0,0,0,0,0,1,3,NA,0,1,0,"N","N",34
"DOLPHD-1667","M",12,"Local","MultiPass",3,NA,1,0,1,1,0,0,1,0,1,NA,2,3,0,"N","N",103
"DOLPHD-1668","M",9,"Local","SinglePass",3,6,1,0,0,0,1,1,0,1,1,NA,0,4,0,"N","N",109
"DOLPHD-1669","M",11,"Overseas","SinglePass",3,6,1,0,0,0,0,1,1,0,1,NA,4,4,0,"N","N",84
"DOLPHD-1671","M",9,"Local","SinglePass",3,6,0,0,0,0,1,0,0,0,3,NA,0,1,0,"N","N",34
"DOLPHD-1672","M",9,"Overseas","MultiPass",3,6,1,0,0,0,0,0,0,0,3,NA,0,2,0,"N","N",109
"DOLPHD-1674","M",8,"Local","SinglePass",3,6,1,1,0,0,0,0,1,1,3,NA,2,1,0,"N","N",134
"DOLPHD-1675","M",12,"Local","SinglePass",3,NA,0,0,1,0,0,0,0,1,2,NA,0,1,0,"N","Y",78
"DOLPHD-1676","M",7,"Overseas","SinglePass",3,6,1,0,1,0,0,1,0,1,1,NA,0,4,0,"N","N",109
"DOLPHD-1678","M",7,"Local","MultiPass",3,6,0,0,0,1,0,0,0,1,3,NA,0,1,0,"N","N",109
"DOLPHD-1679","M",9,"Overseas","SinglePass",3,6,1,0,1,0,0,1,0,1,3,NA,2,1,0,"N","N",109
"DOLPHD-1680","M",9,"Overseas","SinglePass",3,6,1,0,0,0,0,0,0,1,3,NA,2,1,0,"N","N",59
"DOLPHD-1681","M",11,"Local","SinglePass",3,6,1,1,1,0,0,1,0,0,2,NA,3,2,0,"N","N",109
"DOLPHD-1685","M",12,"Local","SinglePass",3,NA,1,0,0,0,0,0,0,0,2,NA,0,2,0,"N","N",53
"DOLPHD-1689","M",9,"Local","SinglePass",3,6,0,0,1,0,0,0,1,0,1,NA,0,4,0,"N","Y",59
"DOLPHD-1690","M",8,"Overseas","SinglePass",3,6,1,0,0,0,1,1,0,1,3,NA,3,2,0,"N","N",134
"DOLPHD-1695","M",8,"Local","SinglePass",3,6,0,0,0,0,0,0,0,0,1,NA,3,4,0,"N","N",9
"DOLPHD-1698","M",8,"Local","MultiPass",3,6,1,1,0,0,0,1,0,0,1,NA,0,4,0,"N","Y",109
"DOLPHD-1699","M",8,"Local","SinglePass",3,6,1,0,1,0,0,1,1,1,1,NA,4,3,0,"N","N",159
"DOLPHD-1700","M",5,"Overseas","SinglePass",3,6,0,0,0,0,0,0,0,1,3,NA,2,1,0,"N","N",59
"DOLPHD-1704","M",12,"Overseas","SinglePass",3,NA,0,0,1,0,0,1,0,0,1,NA,4,3,0,"N","N",78
"DOLPHD-1707","M",11,"Overseas","MultiPass",3,6,0,1,0,1,1,0,1,0,2,NA,2,1,0,"N","Y",109
"DOLPHD-1708","M",9,"Overseas","MultiPass",3,6,0,0,0,0,1,1,0,0,1,NA,4,4,0,"N","Y",109
"DOLPHD-1710","M",12,"Local","SinglePass",3,NA,1,0,1,0,0,0,1,1,2,NA,4,2,0,"Y","Y",128
"DOLPHD-1711","M",7,"Overseas","SinglePass",3,6,1,1,0,0,0,0,0,0,2,NA,0,2,0,"N","N",84
"DOLPHD-1715","M",5,"Overseas","SinglePass",3,6,0,0,1,0,1,0,1,0,3,NA,0,2,0,"N","Y",84
"DOLPHD-1717","M",12,"Local","SinglePass",3,NA,1,0,0,0,0,1,0,1,1,NA,0,3,0,"Y","Y",78
"DOLPHD-1718","M",10,"Overseas","SinglePass",3,6,0,0,0,0,0,0,1,0,1,NA,4,4,0,"N","N",34
"DOLPHD-1719","M",7,"Local","SinglePass",3,6,1,0,1,0,1,0,1,1,1,NA,3,3,0,"N","N",134
"DOLPHD-1724","M",9,"Local","SinglePass",3,6,1,0,0,0,0,0,0,0,3,NA,0,1,0,"Y","Y",34
"DOLPHD-1726","M",11,"Local","SinglePass",3,6,1,0,0,0,0,0,1,0,3,NA,3,1,0,"N","Y",84
"DOLPHD-1729","M",10,"Overseas","SinglePass",3,6,1,1,0,0,0,1,0,0,1,NA,4,4,0,"N","N",109
"DOLPHD-1732","M",6,"Overseas","SinglePass",3,6,1,0,0,0,0,1,0,0,3,NA,4,2,0,"N","N",59
"DOLPHD-1733","M",10,"Local","SinglePass",3,6,0,0,1,0,0,1,0,0,1,NA,3,3,0,"Y","Y",84
"DOLPHD-1735","M",5,"Overseas","SinglePass",3,6,0,0,0,0,0,0,0,1,1,NA,4,4,0,"N","N",59
"DOLPHD-1736","M",9,"Overseas","SinglePass",3,6,1,0,0,0,0,1,0,0,1,NA,4,4,0,"N","N",84
"DOLPHD-1739","M",12,"Overseas","SinglePass",3,NA,0,0,0,0,0,0,1,0,3,NA,0,2,0,"N","N",28
"DOLPHD-1741","M",6,"Local","SinglePass",3,6,0,0,1,0,0,0,0,1,3,NA,0,1,0,"N","N",59
"DOLPHD-1742","M",10,"Overseas","SinglePass",3,6,1,0,0,0,0,0,0,1,1,NA,2,3,0,"N","N",59
"DOLPHD-1743","M",6,"Overseas","SinglePass",3,6,1,1,0,0,1,0,0,1,2,NA,2,1,0,"N","Y",134
"DOLPHD-1745","M",5,"Local","SinglePass",3,6,1,0,0,0,0,1,1,1,1,NA,2,3,0,"Y","Y",109
"DOLPHD-1746","M",8,"Overseas","SinglePass",3,6,0,0,0,0,1,0,1,1,3,NA,4,1,0,"N","N",109
"DOLPHD-1747","M",8,"Local","SinglePass",3,6,0,0,0,0,0,1,1,1,1,NA,0,3,0,"N","N",109
"DOLPHD-1749","M",6,"Overseas","SinglePass",3,6,1,0,0,0,1,1,0,0,1,NA,4,4,0,"N","N",109
"DOLPHD-1750","M",9,"Overseas","SinglePass",3,6,0,0,0,0,0,0,0,0,3,NA,4,2,0,"N","N",9
"DOLPHD-1753","M",8,"Overseas","SinglePass",3,6,0,0,0,0,0,1,0,0,1,NA,3,4,0,"N","Y",59
"DOLPHD-1755","M",5,"Overseas","SinglePass",3,6,1,0,1,0,1,0,0,1,2,NA,4,2,0,"N","N",134
"DOLPHD-1756","M",5,"Local","SinglePass",3,6,0,0,1,0,0,1,1,0,2,NA,3,2,0,"N","N",109
"DOLPHD-1763","M",12,"Local","SinglePass",3,NA,1,0,0,0,0,1,0,0,2,NA,4,1,0,"N","N",53
"DOLPHD-1767","M",11,"Overseas","SinglePass",3,6,1,1,0,0,1,1,0,1,3,NA,3,2,0,"Y","Y",159
"DOLPHD-1769","M",10,"Local","SinglePass",3,6,0,0,1,0,1,1,0,0,1,NA,4,3,0,"N","N",109
"DOLPHD-1771","M",8,"Local","SinglePass",3,6,0,0,0,0,0,1,0,1,1,NA,4,3,0,"N","N",84
"DOLPHD-1774","M",9,"Overseas","SinglePass",3,6,1,0,0,0,0,1,0,1,1,NA,3,4,0,"N","N",84
"DOLPHD-1775","M",6,"Local","SinglePass",3,6,1,0,1,0,1,0,1,1,2,NA,4,2,0,"N","N",134
"DOLPHD-1778","M",12,"Local","SinglePass",3,NA,0,0,0,0,0,0,1,1,3,NA,0,2,0,"N","N",53
"DOLPHD-1780","M",9,"Local","SinglePass",3,6,1,1,1,0,0,0,0,1,3,NA,0,1,0,"N","Y",109
"DOLPHD-1781","M",8,"Local","SinglePass",3,6,1,1,1,0,0,1,0,0,1,NA,4,3,0,"N","N",109
"DOLPHD-1783","M",5,"Local","SinglePass",3,6,0,0,1,0,1,0,0,1,2,NA,0,2,0,"N","N",84
"DOLPHD-1784","M",7,"Local","SinglePass",3,6,1,0,0,0,0,1,0,1,3,NA,2,2,0,"N","N",84
"DOLPHD-1788","M",8,"Local","SinglePass",3,6,0,0,0,0,0,1,0,1,3,NA,0,1,0,"N","Y",84
"DOLPHD-1790","M",7,"Local","SinglePass",3,6,1,0,1,0,0,0,0,1,3,NA,3,2,0,"N","N",84
"DOLPHD-1791","M",8,"Overseas","SinglePass",3,6,1,1,0,0,0,0,0,0,1,NA,0,3,0,"N","N",84
"DOLPHD-1792","M",11,"Local","SinglePass",3,6,0,0,0,0,0,0,0,0,3,NA,0,1,0,"N","N",34
"DOLPHD-1795","M",7,"Local","SinglePass",3,6,1,0,0,0,1,1,1,1,3,NA,2,1,0,"N","N",134
"DOLPHD-1800","M",8,"Local","SinglePass",3,6,1,1,0,0,0,1,0,1,3,NA,4,1,0,"N","N",109
"DOLPHD-1802","M",9,"Local","SinglePass",3,6,1,1,0,0,0,0,1,0,3,NA,2,1,0,"N","N",109
"DOLPHD-1803","M",11,"Overseas","SinglePass",3,6,0,0,0,0,1,0,0,0,3,NA,0,2,0,"N","N",59
"DOLPHD-1810","M",7,"Overseas","SinglePass",3,6,1,1,1,0,0,1,0,0,1,NA,3,4,0,"N","N",134
"DOLPHD-1811","M",10,"Local","SinglePass",3,6,0,0,0,0,1,0,1,0,2,NA,2,2,0,"N","N",84
"DOLPHD-1812","M",9,"Local","SinglePass",3,6,0,0,1,0,0,1,0,1,1,NA,2,3,0,"N","N",84
"DOLPHD-1815","M",6,"Overseas","SinglePass",3,6,1,0,0,0,1,1,0,1,1,NA,3,3,0,"N","Y",134
"DOLPHD-1818","M",12,"Overseas","SinglePass",3,NA,0,0,1,0,0,1,0,1,3,NA,0,1,0,"N","Y",103
"DOLPHD-1821","M",10,"Local","SinglePass",3,6,1,0,0,0,1,1,0,0,1,NA,4,4,0,"N","Y",109
"DOLPHD-1825","M",9,"Overseas","SinglePass",3,6,0,0,1,0,0,0,0,0,3,NA,0,2,0,"N","Y",34
"DOLPHD-1830","M",5,"Overseas","SinglePass",3,6,0,0,1,0,0,1,1,1,1,NA,0,3,0,"N","Y",109
"DOLPHD-1831","M",11,"Local","SinglePass",3,6,1,0,0,0,0,1,0,0,1,NA,0,3,0,"N","N",59
"DOLPHD-1832","M",5,"Local","SinglePass",3,6,0,0,0,0,0,1,1,0,1,NA,4,3,0,"N","Y",84
"DOLPHD-1834","M",10,"Overseas","SinglePass",3,6,1,0,0,0,0,1,0,1,1,NA,0,3,0,"N","Y",109
"DOLPHD-1836","M",10,"Local","SinglePass",3,6,0,1,1,0,0,0,0,0,1,NA,4,4,0,"N","Y",84
"DOLPHD-1837","M",12,"Overseas","SinglePass",3,NA,1,0,0,0,1,1,1,1,2,NA,3,2,0,"N","N",128
"DOLPHD-1840","M",12,"Local","SinglePass",3,NA,1,0,0,0,0,1,0,0,3,NA,0,1,0,"N","N",78
"DOLPHD-1843","M",9,"Local","SinglePass",3,6,0,1,0,0,1,0,0,0,1,NA,3,3,0,"N","N",84
"DOLPHD-1844","M",9,"Local","SinglePass",3,6,1,0,0,0,0,1,0,1,2,NA,4,1,0,"N","Y",109
"DOLPHD-1845","M",8,"Local","SinglePass",3,6,1,1,0,0,1,0,0,0,1,NA,0,3,0,"Y","Y",84
"DOLPHD-1850","M",5,"Local","SinglePass",3,6,0,1,0,0,0,1,1,1,2,NA,3,2,0,"N","N",134
"DOLPHD-1852","M",8,"Local","SinglePass",3,6,1,0,1,0,0,0,0,1,3,NA,0,1,0,"N","Y",109
"DOLPHD-1853","M",8,"Local","SinglePass",3,6,1,1,1,0,0,1,0,1,1,NA,4,4,0,"N","Y",134
"DOLPHD-1854","M",10,"Overseas","SinglePass",3,6,0,0,0,0,0,0,0,0,3,NA,3,2,0,"Y","Y",9
"DOLPHD-1856","M",7,"Local","SinglePass",3,6,0,1,1,0,0,1,0,1,1,NA,2,4,0,"Y","Y",134
"DOLPHD-1857","M",7,"Local","SinglePass",3,6,1,0,0,0,0,1,0,1,3,NA,4,999,0,"N","N",109
"DOLPHD-1859","M",10,"Local","SinglePass",3,6,0,0,0,0,0,0,0,1,3,NA,0,2,0,"N","N",59
"DOLPHD-1860","M",8,"Local","SinglePass",3,6,0,0,0,0,1,1,0,0,3,"KiddieTrainRide",0,1,0,"N","Y",59
"DOLPHD-1861","M",7,"Overseas","SinglePass",3,6,0,0,1,0,0,0,0,0,2,NA,0,2,0,"N","N",59
"DOLPHD-1866","M",12,"Overseas","SinglePass",3,NA,1,1,0,0,0,0,0,0,2,NA,0,2,0,"N","N",53
"DOLPHD-1867","M",11,"Local","SinglePass",3,6,0,0,0,0,0,1,0,1,2,NA,0,2,0,"Y","N",59
"DOLPHD-1868","M",9,"Local","SinglePass",3,6,1,0,0,0,0,1,0,0,3,NA,0,1,0,"N","N",59
"DOLPHD-1870","M",9,"Overseas","SinglePass",3,6,1,0,0,0,0,0,1,0,3,NA,4,2,0,"N","N",59
"DOLPHD-1873","M",7,"Overseas","SinglePass",3,6,1,1,1,0,1,0,1,0,2,NA,4,1,0,"N","N",159
"DOLPHD-1876","M",8,"Local","SinglePass",3,6,1,0,1,0,0,0,1,0,3,NA,4,2,0,"N","N",109
"DOLPHD-1877","M",11,"Local","SinglePass",3,6,1,0,0,0,0,1,1,0,1,NA,3,3,0,"N","N",84
"DOLPHD-1879","M",11,"Local","SinglePass",3,6,1,0,0,0,0,1,0,0,3,"KiddieTrainRide",0,2,0,"N","N",84
"DOLPHD-1882","M",9,"Overseas","SinglePass",3,6,1,0,0,0,0,0,0,0,2,NA,4,1,0,"N","N",34
"DOLPHD-1883","M",11,"Local","SinglePass",3,6,1,0,1,0,0,0,0,0,3,NA,3,1,0,"N","N",84
"DOLPHD-1887","M",9,"Overseas","SinglePass",3,6,1,0,0,0,0,1,0,0,1,NA,4,4,0,"N","Y",84
"DOLPHD-1891","M",10,"Local","SinglePass",3,6,0,1,0,0,0,0,1,1,3,NA,2,2,0,"N","N",84
"DOLPHD-1892","M",8,"Local","SinglePass",3,6,1,1,0,0,0,1,1,1,3,"KiddieTrainRide",3,2,0,"N","Y",159
"DOLPHD-1894","M",5,"Overseas","SinglePass",3,6,0,1,0,0,1,1,0,1,1,NA,2,4,0,"Y","Y",134
"DOLPHD-1896","M",11,"Local","SinglePass",3,6,1,0,0,0,0,0,0,1,3,NA,0,2,0,"N","N",84
"DOLPHD-1899","M",6,"Overseas","SinglePass",3,6,1,0,0,0,0,0,0,0,3,NA,3,2,0,"Y","Y",59
"DOLPHD-1906","M",5,"Overseas","SinglePass",3,6,0,0,1,0,0,0,1,0,1,NA,0,4,0,"N","N",59
"DOLPHD-1908","M",6,"Local","SinglePass",3,6,0,0,0,0,1,0,0,0,3,NA,0,2,0,"N","Y",59
"DOLPHD-1909","M",12,"Overseas","SinglePass",3,NA,0,0,0,0,1,1,0,0,3,NA,2,1,0,"N","N",78
"DOLPHD-1911","M",5,"Overseas","SinglePass",3,6,0,0,0,0,0,1,0,0,2,NA,3,1,0,"N","N",34
"DOLPHD-1914","M",12,"Overseas","SinglePass",3,NA,0,0,0,0,1,1,0,0,1,NA,0,3,0,"N","N",78
"DOLPHD-1916","M",8,"Local","SinglePass",3,6,1,0,0,0,1,1,1,1,3,NA,3,1,0,"N","N",134
"DOLPHD-1924","M",9,"Local","SinglePass",3,6,0,0,0,0,0,1,1,1,1,"KiddieTrainRide",0,4,0,"N","N",84
"DOLPHD-1926","M",11,"Overseas","SinglePass",3,6,1,1,0,0,0,1,1,1,3,NA,2,2,0,"N","N",134
"DOLPHD-1932","M",5,"Local","MultiPass",3,6,1,0,1,0,1,1,0,1,3,NA,3,999,0,"Y","Y",109
"DOLPHD-1934","M",6,"Local","MultiPass",3,6,1,0,1,0,0,0,0,1,1,NA,2,4,0,"N","N",109
"DOLPHD-1935","M",11,"Overseas","SinglePass",3,6,1,1,0,0,1,0,1,0,1,NA,4,3,0,"N","Y",134
"DOLPHD-1936","M",10,"Local","MultiPass",3,6,1,0,0,0,0,1,1,1,3,NA,3,2,0,"N","N",109
"DOLPHD-1940","M",5,"Local","SinglePass",3,6,1,0,1,0,0,1,0,1,3,NA,2,2,0,"N","Y",134
"DOLPHD-1942","M",10,"Overseas","MultiPass",3,6,1,0,0,1,0,1,0,0,3,NA,3,2,0,"N","N",109
"DOLPHD-1947","M",19,"Overseas","MultiPass",10,11,0,0,1,1,0,1,0,0,3,NA,0,1,0,"N","N",121
"DOLPHD-1948","M",19,"Local","SinglePass",10,11,0,1,1,0,0,0,1,0,3,NA,0,1,0,"N","N",96
"DOLPHD-1950","M",15,"Overseas","SinglePass",10,11,1,0,0,0,0,1,1,0,1,NA,4,4,0,"Y","Y",96
"DOLPHD-1951","M",15,"Local","SinglePass",10,11,0,0,1,0,1,0,0,0,1,NA,0,3,0,"Y","Y",71
"DOLPHD-1957","M",13,"Overseas","SinglePass",10,11,0,1,1,0,0,1,0,0,3,NA,3,1,0,"N","Y",121
"DOLPHD-1960","M",17,"Local","SinglePass",10,11,0,0,0,0,0,0,0,0,3,NA,2,1,0,"N","N",21
"DOLPHD-1964","M",15,"Local","MultiPass",10,11,1,0,0,1,0,0,0,0,2,NA,2,1,0,"N","N",121
"DOLPHD-1967","M",16,"Local","MultiPass",10,11,1,0,0,1,0,1,0,0,3,NA,0,1,0,"N","N",121
"DOLPHD-1969","M",16,"Overseas","MultiPass",10,11,0,0,0,0,0,0,0,0,3,NA,0,2,0,"N","N",121
"DOLPHD-1972","M",13,"Local","SinglePass",10,11,1,0,0,0,0,0,0,0,1,NA,3,3,0,"N","N",71
"DOLPHD-1973","M",17,"Local","SinglePass",10,11,1,1,0,0,1,0,1,0,1,NA,3,3,0,"N","Y",121
"DOLPHD-1979","M",16,"Local","SinglePass",10,11,1,1,0,0,0,1,0,0,2,NA,2,1,0,"N","N",121
"DOLPHD-1982","M",14,"Local","SinglePass",10,11,1,1,0,0,0,0,0,0,2,NA,0,1,0,"N","Y",96
"DOLPHD-1984","M",14,"Local","SinglePass",10,11,0,0,0,0,0,1,1,0,1,NA,2,3,0,"N","N",71
"DOLPHD-1985","M",17,"Local","SinglePass",10,11,1,0,0,0,0,1,1,0,3,NA,2,1,0,"N","N",121
"DOLPHD-1986","M",17,"Overseas","MultiPass",10,11,1,0,1,0,0,0,0,0,2,NA,3,2,0,"N","N",121
"DOLPHD-1989","M",16,"Local","MultiPass",10,11,1,0,1,1,0,1,1,0,3,NA,3,2,0,"N","N",121
"DOLPHD-1990","M",19,"Overseas","SinglePass",10,11,1,0,0,0,0,0,0,0,1,NA,4,4,0,"Y","Y",46
"DOLPHD-1991","M",17,"Local","MultiPass",10,11,1,0,0,0,0,0,0,0,2,NA,2,2,0,"N","Y",121
"DOLPHD-1994","M",13,"Local","SinglePass",10,11,1,1,1,0,0,0,0,0,1,NA,0,3,0,"N","N",96
"DOLPHD-2002","M",13,"Overseas","MultiPass",10,11,1,0,0,1,0,1,0,0,1,NA,0,4,0,"N","N",121
"DOLPHD-2003","M",16,"Local","SinglePass",10,11,1,0,1,0,0,1,0,0,2,NA,4,2,0,"N","Y",96
"DOLPHD-2004","M",19,"Local","SinglePass",10,11,1,0,0,0,0,0,1,0,1,NA,2,3,0,"N","N",96
"DOLPHD-2005","M",15,"Overseas","SinglePass",10,11,0,1,1,0,0,1,1,0,3,NA,3,2,0,"N","N",121
"DOLPHD-2012","M",18,"Local","SinglePass",10,11,0,0,0,0,1,1,1,0,3,NA,2,1,0,"N","N",96
"DOLPHD-2015","M",18,"Local","SinglePass",10,11,1,0,0,0,0,1,0,0,1,NA,2,4,0,"N","Y",96
"DOLPHD-2016","M",19,"Local","SinglePass",10,11,0,0,0,0,0,1,1,0,3,NA,0,2,0,"N","N",96
"DOLPHD-2018","M",18,"Local","SinglePass",10,11,1,0,0,0,1,0,1,0,1,NA,3,4,0,"N","N",121
"DOLPHD-2021","M",17,"Local","SinglePass",10,11,1,1,1,0,0,0,0,0,3,NA,3,1,0,"N","N",121
"DOLPHD-2022","M",19,"Overseas","MultiPass",10,11,0,1,1,0,0,1,0,0,1,NA,0,3,0,"N","N",121
"DOLPHD-2024","M",13,"Local","MultiPass",10,11,1,0,0,0,1,0,0,0,2,NA,4,1,0,"N","N",121
"DOLPHD-2026","M",18,"Overseas","SinglePass",10,11,0,0,1,0,0,1,1,0,1,NA,2,999,0,"N","N",121
"DOLPHD-2028","M",13,"Local","SinglePass",10,11,1,0,0,0,0,0,0,0,1,NA,2,4,0,"N","N",71
"DOLPHD-2031","M",17,"Overseas","MultiPass",10,11,0,0,1,0,0,0,1,0,1,NA,0,3,0,"N","N",121
"DOLPHD-2036","M",15,"Local","SinglePass",10,11,0,1,0,0,0,0,0,0,2,NA,0,1,0,"N","Y",71
"DOLPHD-2037","M",17,"Local","SinglePass",10,11,0,1,1,0,0,0,1,0,2,NA,2,2,0,"Y","Y",121
"DOLPHD-2038","M",17,"Overseas","SinglePass",10,11,0,0,0,0,0,1,0,0,1,NA,4,3,0,"N","N",71
"DOLPHD-2041","M",13,"Overseas","MultiPass",10,11,1,0,1,0,1,1,0,0,2,NA,3,1,0,"N","N",121
"DOLPHD-2044","M",16,"Local","MultiPass",10,11,0,0,1,1,0,1,0,0,2,NA,3,2,0,"N","N",121
"DOLPHD-2046","M",14,"Overseas","MultiPass",10,11,0,1,0,1,0,0,1,0,3,NA,4,2,0,"N","N",121
"DOLPHD-2047","M",16,"Local","SinglePass",10,11,1,1,0,0,1,0,1,0,1,NA,3,4,0,"N","N",121
"DOLPHD-2050","M",16,"Overseas","SinglePass",10,11,0,0,1,0,0,1,0,0,1,NA,3,3,0,"N","Y",96
"DOLPHD-2053","M",17,"Overseas","MultiPass",10,11,1,0,1,1,0,1,1,0,2,NA,2,2,0,"N","N",121
"DOLPHD-2054","M",16,"Local","SinglePass",10,11,0,1,1,0,0,1,0,0,1,NA,2,3,0,"N","N",121
"DOLPHD-2059","M",19,"Local","SinglePass",10,11,0,0,0,0,0,1,1,0,2,NA,3,1,0,"N","N",96
"DOLPHD-2061","M",13,"Local","SinglePass",10,11,0,0,0,0,1,1,1,0,3,NA,4,1,0,"N","N",96
"DOLPHD-2062","M",13,"Overseas","SinglePass",10,11,0,1,1,0,0,0,1,0,3,NA,4,1,0,"N","N",121
"DOLPHD-2065","M",19,"Overseas","SinglePass",10,11,1,0,0,0,0,0,0,0,1,NA,0,4,0,"N","N",46
"DOLPHD-2068","M",19,"Local","MultiPass",10,11,0,0,0,1,0,0,1,0,3,NA,0,1,0,"Y","N",121
"DOLPHD-2071","M",18,"Local","SinglePass",10,11,0,1,0,0,0,0,1,0,3,NA,3,2,0,"N","N",96
"DOLPHD-2072","M",16,"Local","SinglePass",10,11,0,0,0,0,0,0,0,0,3,NA,0,2,0,"N","N",46
"DOLPHD-2074","M",14,"Overseas","MultiPass",10,11,0,0,0,1,0,1,0,0,2,NA,3,2,0,"N","N",121
"DOLPHD-2076","M",14,"Local","SinglePass",10,11,1,0,0,0,0,0,0,0,3,NA,0,2,0,"N","N",46
"DOLPHD-2082","M",18,"Overseas","SinglePass",10,11,0,1,1,0,0,0,0,0,3,NA,3,2,0,"N","Y",96
"DOLPHD-2083","M",16,"Local","SinglePass",10,11,1,0,0,0,0,0,0,0,1,NA,4,3,0,"N","N",71
"DOLPHD-2089","M",14,"Overseas","SinglePass",10,11,1,0,1,0,0,0,1,0,3,NA,0,2,0,"N","N",96
"DOLPHD-2090","M",17,"Local","MultiPass",10,11,1,0,0,1,0,0,0,0,3,NA,4,1,0,"N","N",121
"DOLPHD-2094","M",17,"Overseas","MultiPass",10,11,1,0,1,1,0,1,0,0,1,NA,4,4,0,"N","N",121
"DOLPHD-2095","M",18,"Local","MultiPass",10,11,0,0,1,1,0,1,0,0,3,NA,3,1,0,"Y","Y",121
"DOLPHD-2098","M",13,"Overseas","SinglePass",10,11,1,0,1,0,0,1,1,0,3,NA,4,1,0,"Y","Y",121
"DOLPHD-2105","M",13,"Local","MultiPass",10,11,0,0,1,1,0,0,0,0,3,NA,4,1,0,"N","N",121
"DOLPHD-2108","M",14,"Local","MultiPass",10,11,0,0,0,0,0,1,0,0,2,NA,0,1,0,"N","N",121
"DOLPHD-2109","M",17,"Local","SinglePass",10,11,0,0,0,0,0,1,0,0,3,NA,0,1,0,"N","N",71
"DOLPHD-2114","M",17,"Local","SinglePass",10,11,1,0,0,0,1,0,1,0,3,NA,3,999,0,"N","N",121
"DOLPHD-2115","M",15,"Overseas","SinglePass",10,11,1,0,0,0,0,1,1,0,2,NA,2,1,0,"Y","N",96
"DOLPHD-2117","M",14,"Local","MultiPass",10,11,1,0,1,0,1,1,0,0,1,NA,4,3,0,"N","N",121
"DOLPHD-2123","M",19,"Local","SinglePass",10,11,1,1,0,0,0,1,1,0,2,NA,2,1,0,"N","N",146
"DOLPHD-2125","M",18,"Overseas","SinglePass",10,11,1,0,1,0,0,1,1,0,1,NA,2,4,0,"N","N",121
"DOLPHD-2128","M",16,"Local","MultiPass",10,11,1,1,0,1,1,0,1,0,2,NA,2,2,0,"N","N",121
"DOLPHD-2129","M",17,"Local","SinglePass",10,11,0,0,1,0,0,1,0,0,3,NA,2,2,0,"N","N",71
"DOLPHD-2133","M",18,"Local","SinglePass",10,11,1,1,1,0,1,1,1,0,2,NA,4,2,0,"N","Y",196
"DOLPHD-2134","M",13,"Overseas","SinglePass",10,11,0,0,0,0,0,0,0,0,3,NA,0,1,0,"N","N",46
"DOLPHD-2139","M",14,"Overseas","MultiPass",10,11,1,0,0,1,0,0,0,0,1,NA,2,3,0,"N","N",121
"DOLPHD-2143","M",17,"Local","MultiPass",10,11,1,0,0,0,0,0,0,0,2,NA,0,1,0,"N","N",121
"DOLPHD-2144","M",13,"Local","SinglePass",10,11,1,0,1,0,0,0,1,0,1,NA,3,3,0,"Y","Y",121
"DOLPHD-2145","M",14,"Local","SinglePass",10,11,1,0,0,0,0,0,0,0,2,NA,0,2,0,"Y","Y",46
"DOLPHD-2149","M",19,"Overseas","MultiPass",10,11,0,0,1,1,1,1,0,0,1,NA,4,999,0,"N","N",121
"DOLPHD-2151","M",16,"Overseas","SinglePass",10,11,0,0,1,0,0,0,0,0,3,NA,2,2,0,"N","N",71
"DOLPHD-2152","M",16,"Local","MultiPass",10,11,0,0,0,0,0,1,1,0,3,NA,0,2,0,"N","N",121
"DOLPHD-2154","M",19,"Overseas","MultiPass",10,11,1,0,0,0,1,0,0,0,2,NA,0,1,0,"Y","Y",121
"DOLPHD-2155","M",17,"Local","SinglePass",10,11,1,1,1,0,0,0,0,0,1,NA,4,4,0,"N","N",121
"DOLPHD-2157","M",18,"Local","SinglePass",10,11,0,0,0,0,0,1,0,0,3,NA,0,2,0,"N","N",46
"DOLPHD-2159","M",16,"Local","SinglePass",10,11,1,0,0,0,1,1,0,0,2,NA,4,2,0,"N","N",96
"DOLPHD-2161","M",14,"Overseas","MultiPass",10,11,1,0,0,1,0,1,1,0,2,NA,4,1,0,"N","Y",121
"DOLPHD-2163","M",13,"Overseas","MultiPass",10,11,0,1,0,0,0,1,0,0,2,NA,0,2,0,"N","N",121
"DOLPHD-2166","M",15,"Overseas","SinglePass",10,11,1,0,0,0,0,0,1,0,2,NA,0,1,0,"Y","N",96
"DOLPHD-2167","M",19,"Local","SinglePass",10,11,0,0,0,0,0,0,0,0,2,NA,4,1,0,"N","N",46
"DOLPHD-2168","M",15,"Local","SinglePass",10,11,0,0,1,0,1,1,0,0,1,NA,0,4,0,"N","N",96
"DOLPHD-2171","M",17,"Local","MultiPass",10,11,1,0,0,0,0,1,0,0,1,NA,3,4,0,"N","N",121
"DOLPHD-2172","M",17,"Local","MultiPass",10,11,1,0,0,0,0,0,1,0,3,NA,0,2,0,"N","Y",121
"DOLPHD-2173","M",18,"Overseas","SinglePass",10,11,1,1,0,0,0,0,1,0,3,NA,3,2,0,"N","N",121
"DOLPHD-2174","M",18,"Local","MultiPass",10,11,0,0,1,1,0,0,1,0,3,NA,0,2,0,"N","Y",121
"DOLPHD-2176","M",15,"Local","MultiPass",10,11,1,0,0,0,0,1,0,0,1,NA,3,3,0,"N","N",121
"DOLPHD-2178","M",19,"Overseas","SinglePass",10,11,1,0,0,0,0,0,0,0,3,NA,4,1,0,"N","N",71
"DOLPHD-2179","M",17,"Local","SinglePass",10,11,0,0,0,0,1,1,0,0,3,NA,0,1,0,"N","N",71
"DOLPHD-2180","M",16,"Local","SinglePass",10,11,0,0,0,0,1,1,1,0,1,NA,2,3,0,"N","N",121
"DOLPHD-2187","M",13,"Overseas","MultiPass",10,11,0,0,1,0,1,1,0,0,3,NA,0,999,0,"N","Y",121
"DOLPHD-2190","M",14,"Overseas","SinglePass",10,11,0,0,0,0,0,0,1,0,2,NA,0,1,0,"N","N",71
"DOLPHD-2193","M",16,"Local","MultiPass",10,11,0,0,0,0,0,1,1,0,1,NA,4,3,0,"Y","Y",121
"DOLPHD-2194","M",16,"Overseas","MultiPass",10,11,0,0,0,1,0,0,1,0,1,NA,4,4,0,"N","Y",121
"DOLPHD-2201","M",17,"Local","SinglePass",10,11,0,0,0,0,0,1,0,0,1,NA,3,3,0,"N","N",46
"DOLPHD-2205","M",13,"Local","MultiPass",10,11,0,1,1,0,0,0,0,0,3,NA,0,2,0,"N","Y",121
"DOLPHD-2208","M",19,"Local","SinglePass",10,11,0,0,1,0,1,0,0,0,2,NA,2,2,0,"N","N",96
"DOLPHD-2209","M",13,"Overseas","MultiPass",10,11,1,0,1,1,0,1,0,0,3,NA,3,2,0,"Y","Y",121
"DOLPHD-2210","M",13,"Local","SinglePass",10,11,1,0,0,0,0,1,1,0,2,NA,3,2,0,"N","N",121
"DOLPHD-2212","M",19,"Local","SinglePass",10,11,1,0,0,0,0,1,1,0,1,NA,3,4,0,"N","N",121
"DOLPHD-2216","M",16,"Local","MultiPass",10,11,1,0,0,1,0,1,1,0,1,NA,2,3,0,"N","Y",121
"DOLPHD-2217","M",16,"Local","SinglePass",10,11,0,0,0,0,0,1,1,0,3,NA,4,2,0,"N","N",96
"DOLPHD-2218","M",14,"Overseas","MultiPass",10,11,0,0,0,0,0,0,1,0,3,NA,4,2,0,"N","N",121
"DOLPHD-2219","M",14,"Local","SinglePass",10,11,1,0,0,0,0,0,0,0,2,NA,0,2,0,"N","N",46
"DOLPHD-2220","M",15,"Local","MultiPass",10,11,1,0,1,1,1,1,0,0,2,NA,2,2,0,"N","N",121
"DOLPHD-2221","M",13,"Overseas","SinglePass",10,11,0,1,1,0,1,0,0,0,3,NA,3,2,0,"N","N",121
"DOLPHD-2222","M",15,"Local","SinglePass",10,11,0,0,0,0,0,1,0,0,3,NA,2,1,0,"N","Y",71
"DOLPHD-2225","M",19,"Local","SinglePass",10,11,1,0,0,0,0,1,0,0,1,NA,0,4,0,"N","N",96
"DOLPHD-2227","M",13,"Local","MultiPass",10,11,1,1,1,1,0,0,0,0,2,NA,2,2,0,"N","N",121
"DOLPHD-2233","M",15,"Overseas","SinglePass",10,11,0,0,1,0,0,1,0,0,1,NA,0,3,0,"N","N",96
"DOLPHD-2235","M",17,"Overseas","SinglePass",10,11,1,0,0,0,0,0,1,0,2,NA,3,2,0,"N","N",71
"DOLPHD-2236","M",19,"Local","SinglePass",10,11,0,0,1,0,0,1,1,0,3,NA,3,2,0,"Y","Y",121
"DOLPHD-2237","M",14,"Local","MultiPass",10,11,1,0,0,1,0,1,0,0,1,NA,0,4,0,"N","N",121
"DOLPHD-2238","M",15,"Overseas","MultiPass",10,11,1,0,0,1,0,0,0,0,1,NA,4,3,0,"N","N",121
"DOLPHD-2239","M",13,"Local","SinglePass",10,11,0,0,1,0,1,1,1,0,2,NA,2,2,0,"N","N",146
"DOLPHD-2241","M",17,"Local","SinglePass",10,11,0,0,0,0,0,0,0,0,1,NA,0,3,0,"N","N",21
"DOLPHD-2245","M",13,"Overseas","SinglePass",10,11,0,0,0,0,0,0,0,0,1,NA,0,3,0,"N","N",46
"DOLPHD-2247","M",19,"Overseas","SinglePass",10,11,0,0,1,0,0,0,1,0,3,NA,4,2,0,"N","N",96
"DOLPHD-2250","M",13,"Overseas","SinglePass",10,11,0,0,0,0,0,1,0,0,1,NA,3,3,0,"N","N",71
"DOLPHD-2251","M",16,"Local","MultiPass",10,11,0,0,0,0,0,0,1,0,1,NA,0,4,0,"Y","Y",121
"DOLPHD-2252","M",13,"Local","SinglePass",10,11,1,0,1,0,0,1,0,0,1,NA,2,3,0,"N","N",96
"DOLPHD-2253","M",17,"Local","MultiPass",10,11,0,0,0,1,1,0,1,0,3,NA,3,2,0,"N","Y",121
"DOLPHD-2254","M",16,"Overseas","SinglePass",10,11,1,0,1,0,0,0,0,0,1,NA,4,4,0,"N","N",96
"DOLPHD-2257","M",16,"Overseas","SinglePass",10,11,1,0,0,0,1,1,1,0,1,NA,4,4,0,"N","N",121
"DOLPHD-2258","M",17,"Local","SinglePass",10,11,1,0,1,0,1,1,1,0,2,NA,4,1,0,"Y","Y",146
"DOLPHD-2263","M",16,"Local","SinglePass",10,11,1,0,0,0,1,1,0,0,2,NA,3,2,0,"N","N",96
"DOLPHD-2270","M",17,"Local","SinglePass",10,11,1,1,0,0,0,1,0,0,1,NA,4,4,0,"N","N",96
"DOLPHD-2272","M",13,"Local","SinglePass",10,11,1,1,0,0,1,0,1,0,2,NA,3,1,0,"N","N",146
"DOLPHD-2274","M",14,"Overseas","SinglePass",10,11,0,0,1,0,0,1,0,0,2,NA,0,1,0,"N","N",96
"DOLPHD-2277","M",17,"Local","SinglePass",10,11,1,0,1,0,1,1,0,0,3,NA,4,2,0,"N","N",146
"DOLPHD-2278","M",19,"Overseas","SinglePass",10,11,1,0,0,0,0,1,0,0,3,NA,2,1,0,"Y","Y",71
"DOLPHD-2280","M",13,"Local","MultiPass",10,11,1,1,0,0,0,0,0,0,3,NA,4,1,0,"N","N",121
"DOLPHD-2281","M",17,"Overseas","SinglePass",10,11,0,0,0,0,0,1,1,0,2,NA,4,2,0,"N","Y",71
"DOLPHD-2282","M",19,"Local","MultiPass",10,11,1,1,1,0,0,0,0,0,1,NA,4,3,0,"N","N",121
"DOLPHD-2283","M",18,"Overseas","SinglePass",10,11,1,1,1,0,0,1,0,0,3,NA,2,1,0,"N","Y",146
"DOLPHD-2284","M",13,"Local","MultiPass",10,11,1,0,1,0,0,1,0,0,3,NA,2,2,0,"N","Y",121
"DOLPHD-2285","M",16,"Local","SinglePass",10,11,1,0,1,0,0,1,1,0,1,NA,4,4,0,"Y","Y",146
"DOLPHD-2286","M",13,"Overseas","SinglePass",10,11,1,0,0,0,0,0,0,0,2,NA,4,2,0,"N","N",71
"DOLPHD-2288","M",16,"Local","SinglePass",10,11,0,0,1,0,0,0,0,0,1,NA,0,3,0,"N","N",46
"DOLPHD-2289","M",15,"Local","SinglePass",10,11,1,0,1,0,1,1,0,0,1,NA,4,999,0,"N","N",146
"DOLPHD-2295","M",18,"Overseas","MultiPass",10,11,1,0,1,1,0,0,0,0,1,NA,4,4,0,"N","N",121
"DOLPHD-2296","M",15,"Local","SinglePass",10,11,1,0,1,0,1,0,1,0,1,NA,2,3,0,"N","Y",146
"DOLPHD-2297","M",19,"Local","SinglePass",10,11,0,0,0,0,0,0,0,0,3,NA,3,2,0,"Y","Y",21
"DOLPHD-2299","M",13,"Local","SinglePass",10,11,0,1,1,0,0,1,0,0,1,NA,3,3,0,"Y","Y",96
"DOLPHD-2301","M",14,"Local","MultiPass",10,11,0,0,0,0,0,1,0,0,2,NA,0,2,0,"N","N",121
"DOLPHD-2302","M",18,"Overseas","MultiPass",10,11,1,1,0,0,0,1,0,0,2,NA,0,2,0,"N","N",121
"DOLPHD-2305","M",13,"Overseas","SinglePass",10,11,1,0,0,0,0,0,1,0,1,NA,2,4,0,"Y","Y",96
"DOLPHD-2306","M",17,"Local","MultiPass",10,11,0,0,0,1,0,1,1,0,1,NA,3,3,0,"Y","Y",121
"DOLPHD-2308","M",19,"Local","SinglePass",10,11,0,0,0,0,0,1,0,0,2,NA,4,1,0,"N","N",46
"DOLPHD-2309","M",19,"Local","SinglePass",10,11,1,0,1,0,0,0,1,0,2,NA,2,2,0,"N","Y",121
"DOLPHD-2310","M",14,"Overseas","SinglePass",10,11,1,0,0,0,0,0,1,0,1,NA,2,4,0,"N","N",96
"DOLPHD-2312","M",13,"Local","MultiPass",10,11,1,0,1,1,0,0,0,0,3,NA,3,1,0,"N","N",121
"DOLPHD-2318","M",14,"Local","SinglePass",10,11,1,0,0,0,0,1,0,0,2,NA,4,1,0,"N","N",71
"DOLPHD-2319","M",19,"Overseas","SinglePass",10,11,0,0,0,0,0,1,0,0,1,NA,0,3,0,"N","Y",71
"DOLPHD-2321","M",16,"Local","SinglePass",10,11,1,0,0,0,0,1,0,0,2,NA,3,1,0,"N","Y",71
"DOLPHD-2322","M",13,"Overseas","SinglePass",10,11,1,1,0,0,0,1,0,0,3,NA,2,1,0,"N","N",96
"DOLPHD-2323","M",14,"Local","MultiPass",10,11,0,1,0,0,1,0,1,0,1,NA,2,3,0,"N","Y",121
"DOLPHD-2324","M",15,"Local","MultiPass",10,11,1,0,0,1,1,1,0,0,1,NA,3,4,0,"N","N",121
"DOLPHD-2325","M",15,"Local","SinglePass",10,11,1,1,0,0,1,1,0,0,1,NA,2,4,0,"N","N",121
"DOLPHD-2332","M",13,"Local","SinglePass",10,11,0,1,0,0,0,0,0,0,1,NA,0,4,0,"N","Y",46
"DOLPHD-2334","M",13,"Overseas","MultiPass",10,11,0,1,1,1,0,0,0,0,1,NA,2,3,0,"Y","Y",121
"DOLPHD-2335","M",15,"Local","MultiPass",10,11,1,0,0,1,1,0,0,0,2,NA,0,2,0,"N","N",121
"DOLPHD-2338","M",18,"Overseas","SinglePass",10,11,0,0,0,0,1,0,1,0,2,NA,4,2,0,"N","N",96
"DOLPHD-2339","M",14,"Local","MultiPass",10,11,0,0,0,0,0,1,0,0,1,NA,4,4,0,"N","N",121
"DOLPHD-2340","M",18,"Local","SinglePass",10,11,0,1,0,0,0,0,1,0,2,NA,3,2,0,"N","N",96
"DOLPHD-2341","M",16,"Overseas","SinglePass",10,11,1,0,0,0,0,0,1,0,1,NA,3,3,0,"N","Y",96
"DOLPHD-2343","M",13,"Overseas","SinglePass",10,11,0,0,1,0,0,0,0,0,1,NA,0,4,0,"N","Y",46
"DOLPHD-2344","M",16,"Local","SinglePass",10,11,1,0,1,0,0,0,0,0,2,NA,4,1,0,"Y","Y",71
"DOLPHD-2345","M",19,"Local","MultiPass",10,11,1,0,1,0,1,1,0,0,3,NA,2,1,0,"N","N",121
"DOLPHD-2349","M",18,"Local","SinglePass",10,11,1,0,0,0,0,1,0,0,1,NA,2,4,0,"N","N",71
"DOLPHD-2350","M",17,"Overseas","MultiPass",10,11,0,1,0,0,0,0,1,0,1,NA,3,3,0,"N","N",121
"DOLPHD-2352","M",16,"Local","SinglePass",10,11,1,0,0,0,0,0,0,0,2,NA,0,1,0,"N","Y",46
"DOLPHD-2353","M",19,"Overseas","SinglePass",10,11,0,0,1,0,0,1,0,0,1,NA,0,3,0,"N","N",96
"DOLPHD-2355","M",14,"Overseas","SinglePass",10,11,1,0,1,0,0,1,0,0,3,NA,2,1,0,"N","N",96
"DOLPHD-2360","M",16,"Local","SinglePass",10,11,1,1,1,0,0,1,0,0,3,NA,4,2,0,"N","N",146
"DOLPHD-2365","M",19,"Overseas","SinglePass",10,11,1,0,1,0,0,0,1,0,3,NA,3,1,0,"N","N",121
"DOLPHD-2367","M",17,"Overseas","MultiPass",10,11,0,0,0,1,0,0,1,0,3,NA,2,2,0,"N","N",121
"DOLPHD-2369","M",14,"Local","SinglePass",10,11,0,0,0,0,0,1,0,0,3,NA,4,2,0,"N","Y",46
"DOLPHD-2370","M",16,"Overseas","MultiPass",10,11,0,0,0,0,0,1,1,0,2,NA,3,2,0,"N","N",121
"DOLPHD-2373","M",14,"Local","SinglePass",10,11,1,0,0,0,0,0,0,0,1,NA,0,3,0,"N","Y",46
"DOLPHD-2374","M",19,"Overseas","SinglePass",10,11,1,1,1,0,0,0,0,0,1,NA,4,4,0,"N","N",96
"DOLPHD-2375","M",13,"Local","SinglePass",10,11,1,1,1,0,0,0,0,0,3,NA,4,1,0,"N","N",96
"DOLPHD-2378","M",14,"Local","MultiPass",10,11,1,0,1,0,0,1,1,0,2,NA,4,1,0,"N","N",121
"DOLPHD-2379","M",13,"Overseas","MultiPass",10,11,0,0,1,1,0,1,1,0,2,NA,2,2,0,"N","N",121
"DOLPHD-2380","M",14,"Local","SinglePass",10,11,1,0,1,0,0,1,1,0,1,NA,3,999,0,"N","N",121
"DOLPHD-2382","M",13,"Overseas","SinglePass",10,11,0,1,0,0,0,1,1,0,2,NA,0,2,0,"N","N",96
"DOLPHD-2386","M",19,"Overseas","SinglePass",10,11,0,0,0,0,0,0,1,0,1,NA,3,3,0,"N","N",71
"DOLPHD-2388","M",14,"Local","SinglePass",10,11,1,0,1,0,1,1,1,0,2,NA,4,1,0,"N","Y",171
"DOLPHD-2391","M",19,"Overseas","SinglePass",10,11,1,0,0,0,0,0,1,0,2,NA,2,1,0,"N","N",71
"DOLPHD-2392","M",17,"Local","MultiPass",10,11,1,1,1,1,0,1,0,0,1,NA,3,3,0,"N","N",121
"DOLPHD-2393","M",13,"Local","SinglePass",10,11,1,0,0,0,0,1,0,0,1,NA,0,3,0,"N","N",71
"DOLPHD-2395","M",18,"Local","SinglePass",10,11,0,0,0,0,0,1,0,0,2,NA,0,2,0,"N","N",71
"DOLPHD-2400","M",18,"Local","MultiPass",10,11,0,1,1,0,0,0,0,0,2,NA,3,2,0,"N","N",121
"DOLPHD-2401","M",15,"Overseas","MultiPass",10,11,0,1,0,1,0,1,0,0,2,NA,0,1,0,"N","N",121
"DOLPHD-2402","M",15,"Local","SinglePass",10,11,1,0,1,0,1,0,0,0,3,NA,3,1,0,"Y","Y",96
"DOLPHD-2405","M",13,"Local","MultiPass",10,11,1,0,1,1,0,1,1,0,2,NA,3,1,0,"N","N",121
"DOLPHD-2408","M",15,"Local","SinglePass",10,11,0,0,1,0,0,1,0,0,2,NA,3,1,0,"N","Y",71
"DOLPHD-2413","M",19,"Overseas","SinglePass",10,11,1,0,0,0,0,1,0,0,1,NA,3,4,0,"N","Y",71
"DOLPHD-2414","M",17,"Local","MultiPass",10,11,0,0,0,1,1,1,1,0,3,NA,4,2,0,"N","N",121
"DOLPHD-2415","M",15,"Overseas","SinglePass",10,11,1,0,0,0,0,1,1,0,2,NA,3,2,0,"N","N",96
"DOLPHD-2416","M",14,"Local","MultiPass",10,11,1,0,1,0,1,1,0,0,2,NA,3,1,0,"N","N",121
"DOLPHD-2417","M",16,"Local","SinglePass",10,11,1,0,1,0,0,1,1,0,3,NA,4,1,0,"N","N",146
"DOLPHD-2418","M",14,"Overseas","SinglePass",10,11,0,1,0,0,0,1,0,0,1,NA,3,3,0,"N","N",96
"DOLPHD-2419","M",17,"Local","SinglePass",10,11,1,0,0,0,0,0,0,0,2,NA,0,2,0,"N","Y",46
"DOLPHD-2420","M",18,"Local","SinglePass",10,11,0,0,1,0,0,1,0,0,3,NA,2,1,0,"N","N",96
"DOLPHD-2421","M",15,"Local","SinglePass",10,11,0,0,0,0,0,0,0,0,2,NA,3,2,0,"N","Y",21
"DOLPHD-2424","M",15,"Local","SinglePass",10,11,0,1,1,0,0,0,0,0,2,NA,0,2,0,"N","N",71
"DOLPHD-2426","M",16,"Local","SinglePass",10,11,1,1,0,0,0,0,1,0,1,NA,2,3,0,"N","N",121
"DOLPHD-2433","M",16,"Local","MultiPass",10,11,0,0,0,1,0,0,1,0,2,NA,2,1,0,"N","N",121
"DOLPHD-2434","M",18,"Overseas","MultiPass",10,11,1,0,0,1,0,0,1,0,1,NA,4,3,0,"N","Y",121
"DOLPHD-2436","M",14,"Local","MultiPass",10,11,1,0,0,0,0,1,0,0,1,NA,4,3,0,"Y","Y",121
"DOLPHD-2439","M",14,"Overseas","SinglePass",10,11,0,1,1,0,0,1,0,0,2,NA,2,1,0,"N","Y",96
"DOLPHD-2440","M",18,"Local","SinglePass",10,11,0,1,1,0,0,1,1,0,2,NA,4,1,0,"N","N",121
"DOLPHD-2441","M",19,"Local","SinglePass",10,11,1,0,1,0,0,1,1,0,2,NA,4,1,0,"N","N",121
"DOLPHD-2442","M",13,"Overseas","MultiPass",10,11,1,0,0,1,0,0,0,0,1,NA,4,4,0,"N","N",121
"DOLPHD-2444","M",16,"Local","SinglePass",10,11,1,0,1,0,0,1,1,0,1,NA,2,3,0,"N","N",146
"DOLPHD-2446","M",19,"Overseas","SinglePass",10,11,1,0,1,0,0,0,0,0,2,NA,0,1,0,"N","N",96
"DOLPHD-2454","M",14,"Overseas","MultiPass",10,11,0,0,1,1,0,1,1,0,1,NA,4,3,0,"N","N",121
"DOLPHD-2456","M",19,"Local","MultiPass",10,11,0,1,1,1,0,1,0,0,1,NA,4,4,0,"N","N",121
"DOLPHD-2459","M",16,"Local","SinglePass",10,11,1,0,0,0,1,1,1,0,3,NA,3,2,0,"N","N",121
"DOLPHD-2462","M",13,"Local","SinglePass",10,11,0,1,0,0,0,1,1,0,1,NA,2,3,0,"N","N",96
"DOLPHD-2463","M",18,"Local","SinglePass",10,11,1,0,0,0,1,1,0,0,1,NA,4,4,0,"N","Y",96
"DOLPHD-2465","M",19,"Overseas","MultiPass",10,11,1,0,1,0,1,1,0,0,1,NA,4,3,0,"N","N",121
"DOLPHD-2468","M",18,"Overseas","SinglePass",10,11,1,0,1,0,0,0,1,0,3,NA,4,2,0,"Y","Y",96
"DOLPHD-2469","M",18,"Local","MultiPass",10,11,1,0,1,1,0,1,0,0,1,NA,3,3,0,"N","N",121
"DOLPHD-2470","M",13,"Local","SinglePass",10,11,1,1,0,0,0,0,1,0,3,NA,3,2,0,"N","N",121
"DOLPHD-2472","M",19,"Overseas","SinglePass",10,11,1,0,1,0,0,1,0,0,1,NA,4,3,0,"N","Y",121
"DOLPHD-2475","M",14,"Overseas","MultiPass",10,11,1,0,0,0,1,0,1,0,1,NA,3,3,0,"N","N",121
"DOLPHD-2477","M",16,"Local","SinglePass",10,11,1,1,0,0,0,1,1,0,1,NA,2,4,0,"N","Y",146
"DOLPHD-2478","M",15,"Overseas","MultiPass",10,11,0,0,0,0,1,1,0,0,2,NA,0,1,0,"N","N",121
"DOLPHD-2484","M",17,"Local","SinglePass",10,11,0,0,0,0,0,1,1,0,3,NA,0,1,0,"N","N",96
"DOLPHD-2486","M",18,"Overseas","MultiPass",10,11,1,0,0,1,0,1,0,0,2,NA,0,2,0,"N","N",121
"DOLPHD-2488","M",16,"Local","SinglePass",10,11,1,0,0,0,0,1,1,0,2,NA,3,999,0,"N","N",121
"DOLPHD-2490","M",19,"Local","SinglePass",10,11,0,1,0,0,0,0,1,0,2,NA,2,2,0,"N","N",96
"DOLPHD-2491","M",13,"Local","MultiPass",10,11,1,0,1,1,0,1,0,0,2,NA,3,1,0,"Y","Y",121
"DOLPHD-2496","M",18,"Overseas","SinglePass",10,11,0,0,0,0,0,0,0,0,1,NA,2,4,0,"N","N",21
"DOLPHD-2500","M",16,"Overseas","MultiPass",10,11,0,0,0,1,0,0,0,0,2,NA,0,2,0,"N","N",121
"DOLPHD-2506","M",16,"Overseas","SinglePass",10,11,0,0,1,0,1,1,0,0,3,NA,0,2,0,"N","N",96
"DOLPHD-2507","M",17,"Overseas","SinglePass",10,11,0,0,1,0,0,1,0,0,2,NA,4,2,0,"N","N",71
"DOLPHD-2513","M",19,"Overseas","MultiPass",10,11,1,0,1,0,0,0,0,0,1,NA,0,3,0,"N","Y",121
"DOLPHD-2514","M",15,"Overseas","SinglePass",10,11,0,0,0,0,0,0,0,0,1,NA,3,3,0,"N","N",46
"DOLPHD-2516","M",15,"Local","SinglePass",10,11,1,0,0,0,0,1,0,0,1,NA,0,3,0,"N","N",71
"DOLPHD-2517","M",17,"Overseas","SinglePass",10,11,0,0,0,0,0,0,1,0,2,NA,0,1,0,"N","N",71
"DOLPHD-2519","M",19,"Local","MultiPass",10,11,1,0,0,1,0,0,0,0,3,NA,0,1,0,"N","N",121
"DOLPHD-2520","M",17,"Overseas","MultiPass",10,11,0,0,1,1,0,1,0,0,2,NA,0,1,0,"N","N",121
"DOLPHD-2522","M",17,"Local","MultiPass",10,11,0,0,0,1,0,1,0,0,1,NA,0,4,0,"N","N",121
"DOLPHD-2523","M",17,"Local","SinglePass",10,11,1,1,0,0,0,0,0,0,2,NA,2,1,0,"N","N",96
"DOLPHD-2526","M",15,"Local","SinglePass",10,11,1,0,1,0,1,0,0,0,2,NA,2,2,0,"Y","Y",121
"DOLPHD-2527","M",13,"Overseas","SinglePass",10,11,1,0,0,0,0,1,0,0,1,NA,3,3,0,"N","Y",71
"DOLPHD-2528","M",19,"Overseas","SinglePass",10,11,1,0,1,0,0,0,0,0,2,NA,0,1,0,"N","N",96
"DOLPHD-2529","M",14,"Local","SinglePass",10,11,0,1,0,0,0,1,0,0,1,NA,0,3,0,"N","N",96
"DOLPHD-2531","M",17,"Overseas","MultiPass",10,11,1,0,1,0,0,1,1,0,2,NA,3,2,0,"Y","Y",121
"DOLPHD-2538","M",18,"Overseas","SinglePass",10,11,0,0,1,0,0,1,0,0,3,NA,2,1,0,"Y","Y",96
"DOLPHD-2540","M",16,"Local","SinglePass",10,11,0,0,0,0,0,0,1,0,3,NA,0,2,0,"Y","Y",71
"DOLPHD-2542","M",19,"Overseas","MultiPass",10,11,0,0,0,0,1,1,0,0,3,NA,4,2,0,"N","N",121
"DOLPHD-2543","M",18,"Local","SinglePass",10,11,0,1,1,0,0,1,0,0,3,NA,3,2,0,"N","N",121
"DOLPHD-2544","M",18,"Local","MultiPass",10,11,0,0,0,1,1,0,0,0,1,NA,2,3,0,"N","N",121
"DOLPHD-2545","M",15,"Overseas","SinglePass",10,11,0,0,0,0,0,1,1,0,2,NA,2,2,0,"N","Y",71
"DOLPHD-2546","M",13,"Local","MultiPass",10,11,1,0,0,0,0,1,0,0,2,NA,3,1,0,"N","N",121
"DOLPHD-2553","M",14,"Local","MultiPass",10,11,1,0,0,1,1,0,0,0,3,NA,0,1,0,"Y","Y",121
"DOLPHD-2554","M",19,"Local","SinglePass",10,11,0,0,0,0,1,1,1,0,2,NA,2,2,0,"N","N",96
"DOLPHD-2555","M",14,"Overseas","MultiPass",10,11,0,0,1,1,0,1,0,0,1,NA,2,3,0,"N","N",121
"DOLPHD-2558","M",14,"Local","SinglePass",10,11,1,0,1,0,1,0,1,0,1,NA,3,3,0,"N","N",146
"DOLPHD-2560","M",18,"Local","SinglePass",10,11,1,0,0,0,0,1,0,0,2,NA,0,2,0,"N","Y",71
"DOLPHD-2565","M",15,"Local","SinglePass",10,11,0,1,1,0,1,0,0,0,3,NA,2,1,0,"N","N",121
"DOLPHD-2569","M",17,"Overseas","SinglePass",10,11,0,1,0,0,0,1,0,0,1,NA,2,4,0,"N","N",96
"DOLPHD-2571","M",15,"Local","SinglePass",10,11,1,0,0,0,1,0,1,0,1,NA,0,4,0,"N","N",96
"DOLPHD-2576","M",13,"Overseas","SinglePass",10,11,1,0,0,0,0,0,0,0,3,NA,2,2,0,"N","N",71
"DOLPHD-2577","M",13,"Overseas","MultiPass",10,11,1,0,1,1,0,0,0,0,1,NA,4,3,0,"N","N",121
"DOLPHD-2586","M",14,"Local","MultiPass",10,11,0,0,0,1,0,1,0,0,1,NA,2,4,0,"N","N",121
"DOLPHD-2588","M",16,"Local","MultiPass",10,11,1,0,0,0,0,1,0,0,1,NA,0,4,0,"N","N",121
"DOLPHD-2589","M",15,"Local","SinglePass",10,11,1,0,0,0,0,1,0,0,2,NA,0,2,0,"N","N",96
"DOLPHD-2590","M",14,"Overseas","MultiPass",10,11,1,0,0,1,0,1,1,0,2,NA,2,2,0,"N","N",121
"DOLPHD-2591","M",17,"Overseas","SinglePass",10,11,0,1,0,0,0,1,0,0,2,NA,0,1,0,"N","N",96
"DOLPHD-2592","M",19,"Local","SinglePass",10,11,0,1,1,0,0,1,0,0,1,NA,0,3,0,"N","Y",96
"DOLPHD-2593","M",19,"Local","SinglePass",10,11,1,1,1,0,0,0,0,0,3,NA,0,1,0,"N","N",96
"DOLPHD-2595","M",13,"Local","SinglePass",10,11,0,0,1,0,0,0,1,0,1,NA,0,3,0,"N","N",96
"DOLPHD-2601","M",13,"Overseas","MultiPass",10,11,0,0,1,0,0,1,1,0,2,NA,4,2,0,"N","N",121
"DOLPHD-2602","M",15,"Local","SinglePass",10,11,1,0,1,0,0,0,0,0,3,NA,0,1,0,"N","N",71
"DOLPHD-2611","M",13,"Overseas","SinglePass",10,11,1,0,1,0,1,0,0,0,1,NA,2,4,0,"N","N",121
"DOLPHD-2613","M",14,"Local","SinglePass",10,11,1,0,0,0,1,1,0,0,3,NA,3,1,0,"N","N",121
"DOLPHD-2615","M",19,"Overseas","SinglePass",10,11,0,1,0,0,0,1,0,0,1,NA,0,3,0,"N","N",96
"DOLPHD-2616","M",15,"Local","MultiPass",10,11,1,0,0,0,0,1,0,0,2,NA,2,2,0,"N","N",121
"DOLPHD-2617","M",15,"Local","MultiPass",10,11,0,0,0,0,0,1,0,0,1,NA,3,3,0,"N","N",121
"DOLPHD-2618","M",14,"Overseas","SinglePass",10,11,1,0,1,0,0,0,0,0,1,NA,2,4,0,"N","N",71
"DOLPHD-2619","M",13,"Overseas","MultiPass",10,11,0,0,0,1,1,1,1,0,1,NA,3,4,0,"N","N",121
"DOLPHD-2623","M",17,"Local","SinglePass",10,11,0,0,0,0,0,0,0,0,3,NA,4,2,0,"N","Y",46
"DOLPHD-2627","M",18,"Local","MultiPass",10,11,1,0,1,0,0,0,1,0,3,NA,0,2,0,"N","N",121
"DOLPHD-2630","M",16,"Local","MultiPass",10,11,0,0,0,0,0,0,0,0,2,NA,3,2,0,"Y","Y",121
"DOLPHD-2631","M",13,"Local","SinglePass",10,11,0,0,0,0,0,0,0,0,2,NA,0,1,0,"N","N",46
"DOLPHD-2632","M",18,"Overseas","MultiPass",10,11,1,1,1,0,1,1,0,0,3,NA,4,1,0,"N","N",121
"DOLPHD-2633","M",17,"Overseas","SinglePass",10,11,1,0,1,0,0,1,0,0,3,NA,3,1,0,"N","N",121
"DOLPHD-2634","M",14,"Local","SinglePass",10,11,1,0,0,0,0,1,0,0,3,NA,0,2,0,"N","Y",96
"DOLPHD-2636","M",14,"Overseas","SinglePass",10,11,0,0,1,0,0,1,0,0,1,NA,2,3,0,"N","N",96
"DOLPHD-2641","M",13,"Local","MultiPass",10,11,0,1,0,0,0,1,0,0,3,NA,0,1,0,"N","N",121
"DOLPHD-2643","M",14,"Overseas","MultiPass",10,11,1,0,0,0,0,1,0,0,3,NA,2,2,0,"N","N",121
"DOLPHD-2645","M",18,"Local","SinglePass",10,11,0,0,0,0,1,0,1,0,2,NA,2,2,0,"N","N",96
"DOLPHD-2650","M",13,"Overseas","MultiPass",10,11,0,0,0,1,0,1,1,0,2,NA,0,2,0,"N","N",121
"DOLPHD-2653","M",17,"Overseas","SinglePass",10,11,1,1,0,0,0,0,1,0,1,NA,4,3,0,"N","N",121
"DOLPHD-2656","M",13,"Local","SinglePass",10,11,1,0,0,0,0,0,0,0,1,NA,0,3,0,"N","N",46
"DOLPHD-2658","M",19,"Local","SinglePass",10,11,1,0,0,0,1,0,1,0,1,NA,2,4,0,"N","Y",96
"DOLPHD-2663","M",19,"Local","MultiPass",10,11,1,0,1,1,1,1,0,0,1,NA,4,3,0,"N","N",121
"DOLPHD-2664","M",18,"Overseas","SinglePass",10,11,1,1,1,0,0,0,0,0,2,NA,3,2,0,"N","N",121
"DOLPHD-2665","M",17,"Local","MultiPass",10,11,0,0,1,1,0,1,1,0,1,NA,3,4,0,"N","Y",121
"DOLPHD-2666","M",15,"Local","SinglePass",10,11,1,1,1,0,1,1,0,0,1,NA,2,4,0,"N","N",146
"DOLPHD-2668","M",16,"Overseas","SinglePass",10,11,1,0,0,0,0,1,0,0,2,NA,0,1,0,"N","N",96
"DOLPHD-2670","M",15,"Local","SinglePass",10,11,1,0,0,0,0,0,0,0,1,NA,3,3,0,"Y","Y",46
"DOLPHD-2672","M",15,"Local","MultiPass",10,11,0,0,1,1,1,0,1,0,1,NA,3,4,0,"N","N",121
"DOLPHD-2675","M",19,"Overseas","SinglePass",10,11,1,1,1,0,0,1,0,0,1,NA,4,4,0,"N","N",146
"DOLPHD-2676","M",18,"Local","MultiPass",10,11,1,0,1,1,0,1,1,0,1,NA,3,3,0,"N","N",121
"DOLPHD-2677","M",16,"Local","SinglePass",10,11,0,1,0,0,0,1,0,0,3,NA,0,1,0,"N","Y",96
"DOLPHD-2678","M",14,"Overseas","SinglePass",10,11,1,0,1,0,0,0,0,0,3,NA,2,1,0,"N","N",71
"DOLPHD-2680","M",15,"Local","SinglePass",10,11,1,1,0,0,0,1,0,0,1,NA,2,3,0,"N","Y",121
"DOLPHD-2683","M",18,"Local","MultiPass",10,11,0,0,1,0,1,1,1,0,1,NA,4,4,0,"N","Y",121
"DOLPHD-2684","M",18,"Local","SinglePass",10,11,1,0,1,0,1,1,0,0,1,NA,2,3,0,"N","N",121
"DOLPHD-2685","M",13,"Overseas","MultiPass",10,11,0,0,0,1,1,1,0,0,2,NA,3,1,0,"N","Y",121
"DOLPHD-2686","M",19,"Local","SinglePass",10,11,1,1,0,0,0,0,0,0,1,NA,0,3,0,"N","N",71
"DOLPHD-2690","M",19,"Local","SinglePass",10,11,1,1,1,0,0,0,0,0,1,NA,0,3,0,"N","N",96
"DOLPHD-2692","M",13,"Overseas","SinglePass",10,11,1,1,0,0,0,0,0,0,1,NA,0,3,0,"Y","Y",71
"DOLPHD-2693","M",13,"Local","MultiPass",10,11,0,0,1,1,0,1,1,0,1,NA,4,4,0,"N","Y",121
"DOLPHD-2694","M",14,"Local","MultiPass",10,11,0,0,0,1,0,1,0,0,3,NA,2,1,0,"N","N",121
"DOLPHD-2697","M",17,"Local","SinglePass",10,11,0,0,0,0,1,0,0,0,1,NA,3,3,0,"N","N",71
"DOLPHD-2699","M",13,"Overseas","SinglePass",10,11,0,0,0,0,0,0,0,0,3,NA,4,1,0,"N","N",21
"DOLPHD-2700","M",13,"Local","SinglePass",10,11,1,1,1,0,1,1,0,0,1,NA,2,4,0,"N","N",146
"DOLPHD-2705","M",14,"Local","MultiPass",10,11,0,0,1,1,0,0,0,0,3,NA,0,1,0,"N","N",121
"DOLPHD-2706","M",15,"Overseas","SinglePass",10,11,0,0,0,0,0,1,0,0,2,NA,0,1,0,"N","N",71
"DOLPHD-2711","M",13,"Local","SinglePass",10,11,1,0,0,0,0,1,0,0,3,NA,0,2,0,"N","N",96
"DOLPHD-2713","M",14,"Overseas","SinglePass",10,11,1,1,1,0,1,1,0,0,2,NA,4,1,0,"N","N",171
"DOLPHD-2714","M",16,"Local","SinglePass",10,11,1,0,0,0,0,1,0,0,1,NA,0,3,0,"N","N",96
"DOLPHD-2715","M",18,"Local","MultiPass",10,11,0,0,0,1,0,0,0,0,3,NA,0,2,0,"N","N",121
"DOLPHD-2718","M",17,"Local","MultiPass",10,11,0,0,0,0,0,1,1,0,3,NA,0,2,0,"N","N",121
"DOLPHD-2720","M",15,"Overseas","MultiPass",10,11,0,1,1,1,0,1,1,0,1,NA,3,3,0,"N","N",121
"DOLPHD-2721","M",19,"Local","SinglePass",10,11,1,0,0,0,1,0,0,0,2,NA,3,1,0,"N","N",96
"DOLPHD-2722","M",17,"Local","SinglePass",10,11,1,0,1,0,1,0,1,0,2,NA,3,1,0,"N","N",146
"DOLPHD-2723","M",18,"Overseas","SinglePass",10,11,0,0,0,0,0,1,0,0,1,NA,4,4,0,"N","Y",46
"DOLPHD-2724","M",17,"Overseas","SinglePass",10,11,0,0,0,0,1,1,0,0,3,NA,4,1,0,"N","N",71
"DOLPHD-2725","M",18,"Local","SinglePass",10,11,0,0,0,0,1,1,0,0,1,NA,2,3,0,"N","N",96
"DOLPHD-2731","M",18,"Overseas","MultiPass",10,11,0,0,0,1,0,1,1,0,2,NA,3,2,0,"N","N",121
"DOLPHD-2732","M",18,"Local","SinglePass",10,11,0,0,1,0,0,0,0,0,3,NA,3,1,0,"Y","Y",71
"DOLPHD-2734","M",14,"Overseas","SinglePass",10,11,0,0,1,0,0,1,1,0,1,NA,3,3,0,"N","Y",96
"DOLPHD-2736","M",16,"Local","SinglePass",10,11,0,1,0,0,0,0,1,0,3,NA,2,1,0,"Y","Y",71
"DOLPHD-2745","M",13,"Overseas","SinglePass",10,11,0,0,1,0,0,1,1,0,1,NA,4,4,0,"N","N",96
"DOLPHD-2747","M",15,"Local","SinglePass",10,11,1,0,0,0,1,1,0,0,3,NA,3,1,0,"N","Y",121
"DOLPHD-2754","M",18,"Local","SinglePass",10,11,1,0,1,0,0,0,0,0,3,NA,0,1,0,"Y","Y",71
"DOLPHD-2755","M",17,"Overseas","SinglePass",10,11,1,0,0,0,1,1,0,0,1,NA,4,3,0,"N","N",96
"DOLPHD-2760","M",16,"Local","MultiPass",10,11,0,0,0,0,0,0,0,0,1,NA,0,3,0,"N","N",121
"DOLPHD-2763","M",18,"Local","SinglePass",10,11,1,1,0,0,1,1,0,0,1,NA,3,3,0,"N","N",121
"DOLPHD-2764","M",19,"Local","MultiPass",10,11,0,0,1,1,0,0,0,0,3,NA,3,2,0,"N","N",121
"DOLPHD-2767","M",13,"Local","SinglePass",10,11,1,1,1,0,0,0,0,0,1,NA,3,4,0,"N","N",121
"DOLPHD-2769","M",17,"Overseas","SinglePass",10,11,0,0,1,0,0,0,0,0,1,NA,3,4,0,"N","N",46
"DOLPHD-2771","M",13,"Local","MultiPass",10,11,1,0,1,1,1,0,1,0,3,NA,3,2,0,"N","Y",121
"DOLPHD-2772","M",15,"Overseas","SinglePass",10,11,1,1,1,0,0,1,0,0,3,NA,4,2,0,"Y","Y",146
"DOLPHD-2777","M",19,"Local","SinglePass",10,11,1,0,0,0,0,0,0,0,1,NA,3,3,0,"Y","N",46
"DOLPHD-2782","M",15,"Local","MultiPass",10,11,1,0,0,1,1,0,0,0,2,NA,2,1,0,"N","N",121
"DOLPHD-2783","M",19,"Overseas","SinglePass",10,11,0,0,0,0,0,1,0,0,3,NA,4,2,0,"N","N",46
"DOLPHD-2785","M",18,"Local","SinglePass",10,11,0,0,0,0,1,1,0,0,3,NA,4,2,0,"N","N",96
"DOLPHD-2788","M",13,"Local","SinglePass",10,11,0,0,1,0,0,0,0,0,1,NA,3,4,0,"N","N",71
"DOLPHD-2790","M",18,"Overseas","MultiPass",10,11,1,0,1,1,1,1,0,0,3,NA,4,2,0,"N","N",121
"DOLPHD-2793","M",16,"Overseas","MultiPass",10,11,1,0,0,0,0,0,0,0,1,NA,0,4,0,"N","N",121
"DOLPHD-2794","M",18,"Overseas","SinglePass",10,11,0,0,0,0,1,0,0,0,3,NA,2,1,0,"Y","Y",71
"DOLPHD-2795","M",18,"Local","MultiPass",10,11,1,0,0,1,0,0,1,0,3,NA,0,1,0,"N","N",121
"DOLPHD-2796","M",13,"Local","SinglePass",10,11,0,0,0,0,1,0,0,0,1,NA,0,4,0,"N","N",46
"DOLPHD-2803","M",19,"Local","SinglePass",10,11,1,1,1,0,1,1,1,0,3,NA,2,1,0,"N","N",171
"DOLPHD-2809","M",18,"Local","SinglePass",10,11,0,0,1,0,0,0,1,0,3,NA,0,1,0,"N","N",96
"DOLPHD-2810","M",15,"Local","SinglePass",10,11,0,0,0,0,0,1,0,0,2,NA,4,2,0,"N","Y",71
"DOLPHD-2812","M",16,"Local","MultiPass",10,11,0,0,0,1,1,0,0,0,2,NA,0,2,0,"N","N",121
"DOLPHD-2813","M",14,"Local","MultiPass",10,11,0,1,0,1,0,1,0,0,2,NA,2,2,0,"N","N",121
"DOLPHD-2814","M",17,"Overseas","SinglePass",10,11,0,0,0,0,1,1,0,0,1,NA,0,4,0,"N","N",96
"DOLPHD-2817","M",17,"Local","MultiPass",10,11,0,0,0,1,0,1,1,0,3,NA,2,2,0,"N","N",121
"DOLPHD-2819","M",16,"Local","SinglePass",10,11,0,0,1,0,0,1,1,0,1,NA,3,3,0,"N","N",96
"DOLPHD-2820","M",14,"Local","SinglePass",10,11,1,0,0,0,0,0,1,0,1,NA,3,4,0,"N","N",96
"DOLPHD-2821","M",13,"Overseas","SinglePass",10,11,1,0,0,0,0,1,1,0,2,NA,3,1,0,"N","N",121
"DOLPHD-2822","M",17,"Overseas","SinglePass",10,11,0,1,1,0,0,0,1,0,2,NA,2,1,0,"N","N",96
"DOLPHD-2823","M",14,"Local","MultiPass",10,11,0,0,1,0,1,1,0,0,2,NA,0,2,0,"N","Y",121
"DOLPHD-2825","M",17,"Overseas","SinglePass",10,11,1,0,1,0,1,1,0,0,2,NA,3,2,0,"N","Y",121
"DOLPHD-2826","M",16,"Local","MultiPass",10,11,0,0,0,1,1,1,0,0,1,NA,4,3,0,"N","N",121
"DOLPHD-2833","M",15,"Local","SinglePass",10,11,0,1,1,0,1,1,0,0,1,NA,4,3,0,"Y","Y",121
"DOLPHD-2836","M",17,"Overseas","SinglePass",10,11,0,1,0,0,0,0,0,0,2,NA,3,2,0,"N","N",71
"DOLPHD-2839","M",17,"Overseas","MultiPass",10,11,0,1,1,1,0,0,0,0,1,NA,0,3,0,"N","N",121
"DOLPHD-2840","M",18,"Local","SinglePass",10,11,1,0,0,0,0,0,0,0,3,NA,0,2,0,"N","N",46
"DOLPHD-2841","M",14,"Local","SinglePass",10,11,1,0,0,0,0,0,0,0,3,NA,4,2,0,"N","N",46
"DOLPHD-2845","M",14,"Local","MultiPass",10,11,0,1,0,1,0,1,0,0,1,NA,3,3,0,"N","Y",121
"DOLPHD-2847","M",17,"Local","SinglePass",10,11,1,1,1,0,0,1,0,0,2,NA,2,2,0,"N","N",146
"DOLPHD-2848","M",18,"Local","MultiPass",10,11,1,0,0,1,1,1,1,0,1,NA,4,4,0,"N","N",121
"DOLPHD-2850","M",19,"Overseas","MultiPass",10,11,0,0,0,0,0,0,1,0,1,NA,0,3,0,"N","N",121
"DOLPHD-2854","M",15,"Local","SinglePass",10,11,0,0,1,0,1,0,0,0,1,NA,4,3,0,"N","Y",71
"DOLPHD-2855","M",19,"Local","SinglePass",10,11,1,0,1,0,0,1,0,0,1,NA,4,4,0,"N","N",96
"DOLPHD-2856","M",14,"Overseas","MultiPass",10,11,1,0,1,1,1,0,0,0,2,NA,4,2,0,"N","N",121
"DOLPHD-2860","M",14,"Overseas","SinglePass",10,11,0,0,0,0,1,1,0,0,2,NA,0,2,0,"N","N",71
"DOLPHD-2861","M",19,"Local","MultiPass",10,11,1,0,0,1,0,1,0,0,1,NA,3,4,0,"N","N",121
"DOLPHD-2868","M",19,"Local","MultiPass",10,11,1,0,1,1,0,0,0,0,3,NA,3,1,0,"N","N",121
"DOLPHD-2869","M",18,"Local","SinglePass",10,11,1,0,0,0,0,1,0,0,2,NA,2,1,0,"N","N",96
"DOLPHD-2872","M",18,"Local","MultiPass",10,11,1,0,0,1,0,0,0,0,3,NA,2,2,0,"N","Y",121
"DOLPHD-2874","M",13,"Overseas","SinglePass",10,11,0,1,1,0,0,1,0,0,3,NA,0,1,0,"N","N",96
"DOLPHD-2875","M",18,"Local","SinglePass",10,11,0,0,1,0,0,0,1,0,2,NA,2,1,0,"N","N",71
"DOLPHD-2877","M",16,"Overseas","SinglePass",10,11,1,0,1,0,0,0,0,0,2,NA,4,2,0,"N","N",96
"DOLPHD-2887","M",17,"Local","SinglePass",10,11,1,0,0,0,1,1,1,0,3,NA,2,1,0,"N","N",121
"DOLPHD-2897","M",16,"Local","SinglePass",10,11,0,1,0,0,0,0,1,0,2,NA,0,2,0,"N","N",96
"DOLPHD-2900","M",17,"Local","MultiPass",10,11,0,1,0,1,0,1,0,0,3,NA,3,2,0,"Y","Y",121
"DOLPHD-2902","M",18,"Overseas","SinglePass",10,11,0,0,0,0,0,0,0,0,3,NA,0,2,0,"N","N",46
"DOLPHD-2905","M",19,"Overseas","MultiPass",10,11,0,0,1,0,0,0,0,0,1,NA,3,4,0,"N","Y",121
"DOLPHD-2909","M",13,"Overseas","SinglePass",10,11,0,1,0,0,0,1,1,0,2,NA,0,2,0,"N","Y",96
"DOLPHD-2914","M",16,"Local","MultiPass",10,11,0,0,1,0,0,0,1,0,3,NA,0,1,0,"N","N",121
"DOLPHD-2916","M",13,"Overseas","MultiPass",10,11,0,0,0,1,1,0,1,0,1,NA,2,4,0,"N","N",121
"DOLPHD-2918","M",13,"Local","SinglePass",10,11,0,0,1,0,0,1,1,0,2,NA,3,1,0,"N","N",96
"DOLPHD-2919","M",18,"Overseas","SinglePass",10,11,0,1,1,0,0,1,1,0,2,NA,3,2,0,"Y","Y",121
"DOLPHD-2920","M",19,"Overseas","SinglePass",10,11,1,1,0,0,0,1,1,0,3,NA,2,2,0,"N","Y",121
"DOLPHD-2921","M",17,"Local","SinglePass",10,11,0,0,0,0,0,1,0,0,2,NA,4,2,0,"N","N",71
"DOLPHD-2922","M",19,"Local","MultiPass",10,11,0,0,0,0,0,1,0,0,1,NA,2,4,0,"N","N",121
"DOLPHD-2923","M",19,"Overseas","MultiPass",10,11,1,1,1,1,0,1,0,0,1,NA,4,3,0,"N","N",121
"DOLPHD-2925","M",17,"Local","MultiPass",10,11,1,0,1,1,0,0,0,0,1,NA,2,4,0,"Y","Y",121
"DOLPHD-2926","M",14,"Overseas","SinglePass",10,11,0,0,1,0,0,0,0,0,1,NA,2,3,0,"N","N",71
"DOLPHD-2929","M",14,"Local","SinglePass",10,11,0,1,1,0,0,0,0,0,3,NA,0,1,0,"N","Y",71
"DOLPHD-2932","M",18,"Local","SinglePass",10,11,1,0,0,0,1,0,0,0,3,NA,0,1,0,"N","N",71
"DOLPHD-2933","M",16,"Overseas","MultiPass",10,11,1,1,0,0,1,0,1,0,1,NA,2,4,0,"N","N",121
"DOLPHD-2934","M",17,"Overseas","MultiPass",10,11,0,0,0,1,0,1,0,0,3,NA,0,2,0,"N","N",121
"DOLPHD-2935","M",19,"Local","SinglePass",10,11,1,1,0,0,0,1,0,0,2,NA,2,2,0,"N","N",121
"DOLPHD-2936","M",17,"Local","MultiPass",10,11,0,0,1,0,1,0,1,0,2,NA,0,1,0,"N","N",121
"DOLPHD-2938","M",16,"Local","MultiPass",10,11,1,0,0,1,1,1,1,0,3,NA,3,2,0,"N","N",121
"DOLPHD-2939","M",18,"Local","SinglePass",10,11,1,0,0,0,1,0,0,0,1,NA,4,4,0,"N","Y",96
"DOLPHD-2943","M",16,"Local","SinglePass",10,11,1,0,0,0,0,1,0,0,1,NA,2,4,0,"N","N",96
"DOLPHD-2944","M",18,"Overseas","MultiPass",10,11,1,0,0,1,0,0,0,0,2,NA,0,2,0,"N","N",121
"DOLPHD-2949","M",18,"Local","MultiPass",10,11,1,1,1,1,0,1,1,0,3,NA,2,1,0,"N","N",121
"DOLPHD-2952","M",13,"Local","SinglePass",10,11,0,0,0,0,0,1,1,0,1,NA,4,4,0,"N","N",71
"DOLPHD-2954","M",15,"Overseas","SinglePass",10,11,1,1,0,0,1,1,1,0,1,NA,3,3,0,"Y","Y",146
"DOLPHD-2956","M",18,"Local","MultiPass",10,11,1,0,0,1,1,1,0,0,2,NA,3,2,0,"Y","N",121
"DOLPHD-2959","M",18,"Local","SinglePass",10,11,1,0,1,0,0,0,0,0,3,NA,2,2,0,"Y","Y",71
"DOLPHD-2961","M",15,"Overseas","SinglePass",10,11,1,0,0,0,0,1,0,0,1,NA,0,4,0,"N","N",71
"DOLPHD-2962","M",15,"Overseas","SinglePass",10,11,0,0,1,0,0,1,1,0,1,NA,4,3,0,"N","N",121
"DOLPHD-2966","M",14,"Local","SinglePass",10,11,0,1,0,0,0,0,0,0,1,NA,3,4,0,"N","N",46
"DOLPHD-2968","M",19,"Overseas","SinglePass",10,11,1,0,1,0,0,0,0,0,2,NA,0,1,0,"N","N",96
"DOLPHD-2971","M",16,"Local","SinglePass",10,11,1,0,1,0,1,1,1,0,3,NA,3,1,0,"N","N",171
"DOLPHD-2975","M",15,"Overseas","MultiPass",10,11,1,0,1,0,0,1,0,0,3,NA,0,2,0,"N","N",121
"DOLPHD-2976","M",14,"Overseas","MultiPass",10,11,0,0,1,1,0,1,1,0,1,NA,2,4,0,"Y","Y",121
"DOLPHD-2981","M",17,"Local","SinglePass",10,11,1,0,0,0,0,1,0,0,2,NA,0,2,0,"Y","Y",71
"DOLPHD-2989","M",15,"Overseas","MultiPass",10,11,0,1,0,0,0,0,0,0,3,NA,0,1,0,"N","Y",121
"DOLPHD-2991","M",16,"Local","MultiPass",10,11,1,0,1,0,0,0,1,0,2,NA,3,2,0,"N","N",121
"DOLPHD-2994","M",13,"Local","SinglePass",10,11,0,0,0,0,0,1,0,0,3,NA,2,1,0,"N","Y",71
"DOLPHD-2997","M",18,"Overseas","SinglePass",10,11,1,0,0,0,0,1,1,0,3,NA,2,1,0,"N","N",121
"DOLPHD-2998","M",14,"Local","MultiPass",10,11,1,0,1,0,1,0,0,0,2,NA,0,2,0,"N","N",121
"DOLPHD-2999","M",15,"Local","SinglePass",10,11,0,0,0,0,0,0,0,0,1,NA,2,3,0,"N","N",46
"DOLPHD-3002","M",16,"Local","SinglePass",10,11,1,0,1,0,0,1,1,0,2,NA,4,1,0,"N","N",121
"DOLPHD-3004","M",18,"Overseas","SinglePass",10,11,1,0,0,0,0,1,1,0,2,NA,4,1,0,"N","N",121
"DOLPHD-3007","M",16,"Overseas","MultiPass",10,11,1,0,0,1,1,1,1,0,3,NA,2,1,0,"N","N",121
"DOLPHD-3008","M",15,"Local","SinglePass",10,11,0,0,0,0,0,0,0,0,2,NA,4,2,0,"N","N",46
"DOLPHD-3014","M",19,"Overseas","SinglePass",10,11,1,0,0,0,1,1,0,0,2,NA,3,2,0,"N","N",96
"DOLPHD-3016","M",14,"Local","SinglePass",10,11,0,0,0,0,0,0,0,0,2,NA,2,2,0,"N","Y",21
"DOLPHD-3017","M",19,"Overseas","MultiPass",10,11,1,1,0,1,0,1,0,0,3,NA,2,1,0,"N","N",121
"DOLPHD-3018","M",18,"Overseas","MultiPass",10,11,0,0,1,1,0,1,0,0,2,NA,3,2,0,"N","N",121
"DOLPHD-3020","M",17,"Local","MultiPass",10,11,1,0,0,1,0,1,0,0,2,NA,0,1,0,"N","Y",121
"DOLPHD-3022","M",13,"Local","MultiPass",10,11,1,0,0,1,1,1,0,0,3,NA,2,1,0,"N","Y",121
"DOLPHD-3024","M",15,"Overseas","SinglePass",10,11,0,1,1,0,1,0,0,0,1,NA,0,3,0,"N","N",96
"DOLPHD-3026","M",16,"Local","SinglePass",10,11,0,1,0,0,0,1,0,0,1,NA,2,3,0,"N","N",71
"DOLPHD-3027","M",15,"Local","SinglePass",10,11,0,0,1,0,1,0,0,0,2,NA,4,2,0,"Y","Y",96
"DOLPHD-3031","M",18,"Overseas","MultiPass",10,11,1,0,1,1,0,0,1,0,1,NA,2,3,0,"N","N",121
"DOLPHD-3033","M",13,"Local","MultiPass",10,11,1,1,1,1,0,1,0,0,1,NA,2,4,0,"N","N",121
"DOLPHD-3035","M",15,"Overseas","SinglePass",10,11,1,0,0,0,1,1,1,0,1,NA,3,4,0,"Y","Y",121
"DOLPHD-3043","M",18,"Local","SinglePass",10,11,1,1,0,0,0,0,1,0,2,NA,3,1,0,"N","N",96
"DOLPHD-3048","M",15,"Local","SinglePass",10,11,1,0,0,0,0,0,1,0,1,NA,0,4,0,"N","N",96
"DOLPHD-3051","M",14,"Local","MultiPass",10,11,1,0,0,0,1,1,0,0,3,NA,2,2,0,"N","N",121
"DOLPHD-3055","M",18,"Local","MultiPass",10,11,0,0,1,0,0,1,0,0,1,NA,0,4,0,"N","N",121
"DOLPHD-3056","M",19,"Overseas","SinglePass",10,11,1,0,1,0,1,0,1,0,3,NA,4,2,0,"N","N",146
"DOLPHD-3057","M",19,"Local","SinglePass",10,11,0,1,0,0,0,0,0,0,2,NA,3,2,0,"N","N",46
"DOLPHD-3061","M",18,"Local","MultiPass",10,11,1,1,0,0,1,0,1,0,2,NA,2,1,0,"N","N",121
"DOLPHD-3071","M",16,"Local","SinglePass",10,11,0,0,0,0,0,0,0,0,1,NA,0,3,0,"Y","Y",46
"DOLPHD-3074","M",19,"Overseas","SinglePass",10,11,0,1,1,0,0,1,0,0,1,NA,2,4,0,"N","Y",121
"DOLPHD-3075","M",16,"Local","MultiPass",10,11,0,1,1,1,0,1,0,0,2,NA,4,2,0,"N","N",121
"DOLPHD-3076","M",18,"Local","SinglePass",10,11,0,1,0,0,0,0,0,0,1,NA,0,3,0,"N","Y",71
"DOLPHD-3079","M",17,"Local","SinglePass",10,11,0,1,1,0,0,0,0,0,2,NA,4,1,0,"N","Y",96
"DOLPHD-3081","M",17,"Overseas","SinglePass",10,11,1,0,0,0,1,1,0,0,1,NA,4,4,0,"N","N",121
"DOLPHD-3083","M",14,"Local","MultiPass",10,11,1,0,0,1,0,0,1,0,1,NA,4,4,0,"N","Y",121
"DOLPHD-3086","M",13,"Local","MultiPass",10,11,0,0,1,1,0,0,0,0,1,NA,4,3,0,"N","N",121
"DOLPHD-3090","M",17,"Local","SinglePass",10,11,0,1,1,0,0,0,0,0,1,NA,3,3,0,"N","N",96
"DOLPHD-3093","M",13,"Local","MultiPass",10,11,1,0,0,0,0,0,0,0,1,NA,0,3,0,"N","N",121
"DOLPHD-3094","M",19,"Overseas","MultiPass",10,11,0,0,0,1,0,0,1,0,1,NA,3,4,0,"Y","Y",121
"DOLPHD-3096","M",13,"Local","SinglePass",10,11,1,0,1,0,0,0,0,0,3,NA,4,1,0,"N","N",71
"DOLPHD-3097","M",16,"Local","SinglePass",10,11,1,0,1,0,1,0,0,0,3,NA,2,2,0,"N","Y",96
"DOLPHD-3098","M",13,"Overseas","SinglePass",10,11,1,0,1,0,0,0,1,0,3,NA,4,1,0,"N","N",121
"DOLPHD-3099","M",14,"Local","SinglePass",10,11,1,0,0,0,0,0,1,0,1,NA,0,3,0,"N","N",96
"DOLPHD-3100","M",19,"Local","MultiPass",10,11,1,0,1,0,0,1,0,0,2,NA,0,2,0,"N","N",121
"DOLPHD-3101","M",16,"Overseas","MultiPass",10,11,0,0,1,0,0,1,0,0,2,NA,0,2,0,"N","N",121
"DOLPHD-3102","M",14,"Overseas","MultiPass",10,11,1,0,1,1,0,0,0,0,1,NA,4,3,0,"N","N",121
"DOLPHD-3104","M",13,"Local","SinglePass",10,11,1,0,0,0,0,0,1,0,1,NA,4,4,0,"Y","Y",96
"DOLPHD-3105","M",19,"Overseas","SinglePass",10,11,1,0,1,0,0,1,0,0,1,NA,3,4,0,"N","N",96
"DOLPHD-3107","M",14,"Local","MultiPass",10,11,1,0,1,0,0,0,1,0,1,NA,0,4,0,"N","Y",121
"DOLPHD-3110","M",15,"Local","SinglePass",10,11,1,0,0,0,0,1,0,0,2,NA,0,2,0,"N","N",71
"DOLPHD-3111","M",18,"Local","SinglePass",10,11,1,0,1,0,0,1,0,0,1,NA,3,4,0,"N","N",96
"DOLPHD-3115","M",17,"Overseas","MultiPass",10,11,0,1,1,1,0,1,0,0,2,NA,4,1,0,"N","N",121
"DOLPHD-3116","M",13,"Overseas","MultiPass",10,11,1,0,0,1,0,1,0,0,1,NA,2,3,0,"Y","Y",121
"DOLPHD-3120","M",16,"Local","SinglePass",10,11,1,0,1,0,0,1,1,0,1,NA,4,3,0,"N","Y",146
"DOLPHD-3122","M",16,"Overseas","MultiPass",10,11,0,0,1,1,0,1,0,0,1,NA,0,4,0,"Y","Y",121
"DOLPHD-3124","M",19,"Local","SinglePass",10,11,1,0,0,0,0,1,0,0,2,NA,3,1,0,"N","N",71
"DOLPHD-3128","M",15,"Local","MultiPass",10,11,1,0,1,0,1,0,1,0,2,NA,3,1,0,"N","Y",121
"DOLPHD-3132","M",17,"Local","SinglePass",10,11,0,1,0,0,0,1,0,0,2,NA,4,1,0,"N","N",96
"DOLPHD-3134","M",17,"Local","SinglePass",10,11,0,0,1,0,1,1,0,0,1,NA,2,3,0,"N","N",121
"DOLPHD-3135","M",15,"Overseas","MultiPass",10,11,1,0,0,0,0,1,0,0,3,NA,4,1,0,"N","N",121
"DOLPHD-3136","M",14,"Local","MultiPass",10,11,1,1,1,1,0,0,0,0,2,NA,2,1,0,"N","Y",121
"DOLPHD-3140","M",18,"Local","SinglePass",10,11,0,0,0,0,0,0,1,0,1,NA,2,3,0,"N","N",46
"DOLPHD-3141","M",19,"Local","SinglePass",10,11,1,0,0,0,0,1,0,0,1,NA,4,4,0,"N","N",96
"DOLPHD-3142","M",13,"Overseas","MultiPass",10,11,1,0,0,0,0,1,0,0,2,NA,0,1,0,"N","N",121
"DOLPHD-3144","M",18,"Local","MultiPass",10,11,1,1,0,0,1,1,0,0,3,NA,2,2,0,"N","N",121
"DOLPHD-3146","M",17,"Local","SinglePass",10,11,1,1,0,0,0,0,0,0,1,NA,4,3,0,"N","N",71
"DOLPHD-3149","M",14,"Local","MultiPass",10,11,1,1,1,1,0,1,0,0,3,NA,2,1,0,"N","N",121
"DOLPHD-3150","M",13,"Overseas","MultiPass",10,11,0,0,1,1,0,1,0,0,3,NA,0,1,0,"N","N",121
"DOLPHD-3151","M",16,"Local","MultiPass",10,11,0,0,1,1,1,0,1,0,1,NA,4,3,0,"N","N",121
"DOLPHD-3152","M",17,"Local","SinglePass",10,11,0,0,0,0,0,0,1,0,3,NA,2,1,0,"N","N",46
"DOLPHD-3157","M",18,"Overseas","MultiPass",10,11,1,1,0,1,0,0,0,0,1,NA,2,3,0,"N","N",121
"DOLPHD-3160","M",15,"Local","SinglePass",10,11,1,0,0,0,0,1,0,0,1,NA,4,4,0,"N","Y",71
"DOLPHD-3165","M",16,"Local","MultiPass",10,11,0,0,0,0,0,0,0,0,2,NA,3,2,0,"N","N",121
"DOLPHD-3166","M",16,"Overseas","SinglePass",10,11,0,0,0,0,0,0,0,0,3,NA,4,2,0,"Y","Y",21
"DOLPHD-3168","M",18,"Local","SinglePass",10,11,1,0,1,0,0,0,0,0,1,NA,3,3,0,"N","N",71
"DOLPHD-3170","M",16,"Local","MultiPass",10,11,0,0,1,1,0,0,1,0,3,NA,0,1,0,"Y","Y",121
"DOLPHD-3173","M",19,"Local","SinglePass",10,11,0,0,1,0,0,0,1,0,3,NA,0,1,0,"N","Y",71
"DOLPHD-3174","M",17,"Overseas","SinglePass",10,11,1,0,0,0,0,1,0,0,2,NA,0,2,0,"N","Y",96
"DOLPHD-3175","M",16,"Local","SinglePass",10,11,1,1,0,0,0,1,0,0,2,NA,2,2,0,"Y","Y",121
"DOLPHD-3176","M",15,"Local","SinglePass",10,11,0,0,0,0,1,0,0,0,1,NA,2,3,0,"N","Y",46
"DOLPHD-3186","M",18,"Overseas","MultiPass",10,11,1,1,1,0,1,1,0,0,1,NA,4,4,0,"N","N",121
"DOLPHD-3188","M",16,"Local","SinglePass",10,11,0,0,1,0,0,1,1,0,2,NA,0,1,0,"N","N",96
"DOLPHD-3189","M",19,"Local","SinglePass",10,11,0,0,0,0,0,0,1,0,1,NA,4,3,0,"N","Y",46
"DOLPHD-3193","M",14,"Overseas","MultiPass",10,11,0,0,1,1,1,1,1,0,2,NA,2,2,0,"Y","Y",121
"DOLPHD-3194","M",16,"Local","SinglePass",10,11,0,0,1,0,1,0,0,0,1,NA,0,4,0,"N","N",71
"DOLPHD-3195","M",16,"Overseas","SinglePass",10,11,0,0,1,0,0,0,0,0,1,NA,0,3,0,"N","N",71
"DOLPHD-3199","M",19,"Local","MultiPass",10,11,1,0,1,1,1,1,0,0,2,NA,3,1,0,"N","N",121
"DOLPHD-3200","M",13,"Local","MultiPass",10,11,1,0,1,1,1,0,0,0,3,NA,4,1,0,"N","N",121
"DOLPHD-3201","M",18,"Local","SinglePass",10,11,1,0,0,0,0,0,0,0,3,NA,3,1,0,"N","N",46
"DOLPHD-3203","M",19,"Local","SinglePass",10,11,1,0,1,0,0,1,0,0,1,NA,2,3,0,"N","N",121
"DOLPHD-3204","M",18,"Local","SinglePass",10,11,1,0,1,0,0,1,0,0,1,NA,3,4,0,"N","N",121
"DOLPHD-3205","M",14,"Overseas","MultiPass",10,11,1,1,0,1,1,0,1,0,2,NA,2,2,0,"N","N",121
"DOLPHD-3206","M",14,"Local","MultiPass",10,11,1,0,1,0,0,1,1,0,3,NA,3,1,0,"N","N",121
"DOLPHD-3209","M",13,"Local","SinglePass",10,11,0,1,1,0,0,1,0,0,3,NA,3,1,0,"N","N",121
"DOLPHD-3210","M",18,"Overseas","SinglePass",10,11,1,0,0,0,0,0,1,0,1,NA,2,4,0,"N","Y",71
"DOLPHD-3213","M",15,"Local","MultiPass",10,11,0,0,1,1,0,1,1,0,2,NA,4,2,0,"N","N",121
"DOLPHD-3215","M",19,"Local","SinglePass",10,11,1,0,0,0,0,1,0,0,1,NA,4,4,0,"N","N",71
"DOLPHD-3217","M",13,"Overseas","SinglePass",10,11,1,0,0,0,0,1,0,0,1,NA,2,4,0,"N","N",71
"DOLPHD-3218","M",14,"Local","SinglePass",10,11,0,1,0,0,0,0,0,0,3,NA,0,1,0,"N","Y",71
"DOLPHD-3220","M",13,"Local","MultiPass",10,11,0,0,0,1,0,1,0,0,1,NA,4,3,0,"N","N",121
"DOLPHD-3222","M",13,"Overseas","SinglePass",10,11,0,0,1,0,0,0,0,0,3,NA,2,2,0,"N","N",46
"DOLPHD-3224","M",19,"Local","SinglePass",10,11,0,0,1,0,0,0,0,0,3,NA,3,2,0,"N","N",46
"DOLPHD-3225","M",15,"Local","SinglePass",10,11,0,1,0,0,1,1,0,0,2,NA,2,1,0,"N","N",96
"DOLPHD-3228","M",16,"Local","MultiPass",10,11,1,1,0,1,1,1,0,0,1,NA,4,4,0,"N","N",121
"DOLPHD-3229","M",19,"Overseas","SinglePass",10,11,0,0,0,0,0,1,0,0,1,NA,2,4,0,"N","N",71
"DOLPHD-3232","M",14,"Local","SinglePass",10,11,1,1,0,0,1,1,0,0,3,NA,2,2,0,"Y","Y",146
"DOLPHD-3233","M",15,"Local","MultiPass",10,11,1,0,0,1,0,0,1,0,1,NA,4,4,0,"Y","Y",121
"DOLPHD-3235","M",16,"Local","MultiPass",10,11,1,0,1,0,0,0,0,0,1,NA,0,3,0,"N","N",121
"DOLPHD-3237","M",13,"Local","SinglePass",10,11,0,0,0,0,0,0,0,0,3,NA,0,2,0,"N","N",46
"DOLPHD-3238","M",19,"Overseas","SinglePass",10,11,1,1,0,0,0,0,0,0,2,NA,3,1,0,"N","N",96
"DOLPHD-3239","M",18,"Local","SinglePass",10,11,0,0,0,0,0,0,1,0,3,NA,0,2,0,"Y","Y",71
"DOLPHD-3241","M",14,"Overseas","MultiPass",10,11,0,0,0,0,0,0,0,0,3,NA,0,2,0,"N","N",121
"DOLPHD-3242","M",19,"Local","MultiPass",10,11,0,1,0,0,1,1,0,0,1,NA,0,3,0,"N","N",121
"DOLPHD-3243","M",17,"Overseas","SinglePass",10,11,0,0,0,0,1,1,0,0,1,NA,4,3,0,"N","N",96
"DOLPHD-3244","M",17,"Local","SinglePass",10,11,0,1,0,0,0,1,1,0,2,NA,4,1,0,"N","N",121
"DOLPHD-3248","M",18,"Local","MultiPass",10,11,1,0,0,0,0,0,0,0,3,NA,2,1,0,"Y","Y",121
"DOLPHD-3252","M",14,"Local","SinglePass",10,11,0,0,0,0,0,1,0,0,2,NA,4,1,0,"N","Y",46
"DOLPHD-3254","M",19,"Local","MultiPass",10,11,0,0,0,0,0,1,1,0,1,NA,4,4,0,"N","Y",121
"DOLPHD-3255","M",17,"Overseas","MultiPass",10,11,1,0,0,1,0,1,1,0,1,NA,2,3,0,"N","N",121
"DOLPHD-3257","M",13,"Local","SinglePass",10,11,0,0,0,0,1,1,0,0,3,NA,0,1,0,"Y","N",71
"DOLPHD-3259","M",18,"Local","SinglePass",10,11,1,0,1,0,0,0,0,0,1,NA,4,4,0,"N","Y",96
"DOLPHD-3261","M",13,"Local","MultiPass",10,11,1,0,0,1,0,1,1,0,2,NA,4,2,0,"N","N",121
"DOLPHD-3262","M",13,"Overseas","MultiPass",10,11,1,0,1,0,1,1,0,0,1,NA,3,3,0,"N","N",121
"DOLPHD-3263","M",13,"Local","MultiPass",10,11,0,0,0,0,0,0,0,0,1,NA,2,4,0,"N","N",121
"DOLPHD-3268","M",15,"Local","SinglePass",10,11,1,1,0,0,0,1,1,0,2,NA,3,1,0,"N","N",146
"DOLPHD-3269","M",17,"Local","MultiPass",10,11,1,0,0,0,1,1,0,0,3,NA,2,1,0,"N","N",121
"DOLPHD-3276","M",19,"Local","MultiPass",10,11,1,0,0,1,0,0,0,0,3,NA,3,2,0,"N","N",121
"DOLPHD-3282","M",19,"Overseas","SinglePass",10,11,1,1,1,0,0,0,0,0,2,NA,2,2,0,"N","N",121
"DOLPHD-3283","M",15,"Local","MultiPass",10,11,0,1,0,0,0,1,0,0,2,NA,3,2,0,"N","N",121
"DOLPHD-3284","M",18,"Local","MultiPass",10,11,0,0,1,1,0,1,0,0,1,NA,2,3,0,"N","N",121
"DOLPHD-3287","M",14,"Local","SinglePass",10,11,1,0,0,0,0,0,0,0,2,NA,4,2,0,"Y","Y",71
"DOLPHD-3288","M",19,"Local","SinglePass",10,11,0,0,1,0,0,1,1,0,1,NA,4,3,0,"N","N",121
"DOLPHD-3290","M",15,"Local","MultiPass",10,11,1,1,0,1,0,1,0,0,2,NA,4,2,0,"N","Y",121
"DOLPHD-3291","M",18,"Overseas","MultiPass",10,11,1,1,1,1,0,1,0,0,1,NA,3,3,0,"N","N",121
"DOLPHD-3294","M",13,"Overseas","SinglePass",10,11,1,0,0,0,0,0,0,0,2,NA,3,2,0,"N","N",46
"DOLPHD-3295","M",15,"Local","SinglePass",10,11,1,0,1,0,0,1,0,0,3,NA,4,1,0,"N","N",121
"DOLPHD-3299","M",14,"Local","MultiPass",10,11,0,1,0,0,0,1,0,0,2,NA,4,2,0,"N","N",121
"DOLPHD-3300","M",16,"Local","SinglePass",10,11,1,0,1,0,1,0,0,0,1,NA,4,4,0,"N","N",121
"DOLPHD-3307","M",18,"Local","SinglePass",10,11,0,0,0,0,0,1,0,0,1,NA,3,3,0,"N","N",71
"DOLPHD-3309","M",18,"Local","SinglePass",10,11,1,0,0,0,0,0,1,0,1,NA,2,4,0,"N","Y",71
"DOLPHD-3313","M",19,"Overseas","MultiPass",10,11,0,1,1,1,0,1,1,0,2,NA,4,1,0,"N","N",121
"DOLPHD-3315","M",18,"Overseas","SinglePass",10,11,1,0,0,0,0,0,1,0,2,NA,0,1,0,"N","Y",96
"DOLPHD-3316","M",14,"Local","SinglePass",10,11,0,0,0,0,0,0,0,0,1,NA,3,4,0,"Y","Y",21
"DOLPHD-3317","M",15,"Local","SinglePass",10,11,1,0,0,0,0,0,0,0,3,NA,0,2,0,"N","N",71
"DOLPHD-3318","M",13,"Overseas","MultiPass",10,11,1,1,1,1,0,1,1,0,2,NA,3,2,0,"N","Y",121
"DOLPHD-3319","M",15,"Local","MultiPass",10,11,0,0,1,1,1,0,0,0,1,NA,2,3,0,"N","N",121
"DOLPHD-3320","M",15,"Local","MultiPass",10,11,0,0,1,1,0,1,0,0,2,NA,0,1,0,"N","Y",121
"DOLPHD-3326","M",14,"Local","MultiPass",10,11,1,0,0,0,1,1,0,0,2,NA,3,1,0,"N","N",121
"DOLPHD-3327","M",18,"Overseas","MultiPass",10,11,0,0,0,1,1,1,1,0,3,NA,4,1,0,"N","N",121
"DOLPHD-3328","M",17,"Local","SinglePass",10,11,1,0,1,0,0,1,0,0,3,NA,3,1,0,"N","N",121
"DOLPHD-3338","M",15,"Local","SinglePass",10,11,0,0,0,0,0,0,0,0,1,NA,0,3,0,"N","Y",21
"DOLPHD-3339","M",18,"Overseas","MultiPass",10,11,0,0,1,1,0,1,0,0,3,NA,2,1,0,"N","N",121
"DOLPHD-3340","M",16,"Local","MultiPass",10,11,1,0,1,0,0,0,0,0,3,NA,0,2,0,"N","N",121
"DOLPHD-3341","M",16,"Local","MultiPass",10,11,0,1,0,0,0,0,1,0,3,NA,3,2,0,"Y","Y",121
"DOLPHD-3343","M",16,"Local","SinglePass",10,11,1,1,0,0,1,0,0,0,1,NA,2,3,0,"N","Y",121
"DOLPHD-3344","M",17,"Local","SinglePass",10,11,1,0,0,0,1,0,1,0,1,NA,4,3,0,"N","N",121
"DOLPHD-3350","M",19,"Local","SinglePass",10,11,0,1,0,0,0,0,1,0,2,NA,3,1,0,"N","N",71
"DOLPHD-3353","M",14,"Local","MultiPass",10,11,1,0,0,1,0,0,0,0,3,NA,2,1,0,"N","N",121
"DOLPHD-3355","M",17,"Local","MultiPass",10,11,0,0,0,0,1,0,0,0,1,NA,2,4,0,"N","N",121
"DOLPHD-3356","M",14,"Local","SinglePass",10,11,1,0,0,0,0,0,0,0,1,NA,3,3,0,"N","N",46
"DOLPHD-3361","M",13,"Overseas","MultiPass",10,11,1,0,0,0,0,1,0,0,1,NA,0,4,0,"Y","Y",121
"DOLPHD-3362","M",15,"Local","MultiPass",10,11,0,0,0,1,0,1,0,0,3,NA,2,2,0,"N","N",121
"DOLPHD-3363","M",15,"Overseas","SinglePass",10,11,0,0,1,0,0,1,0,0,2,NA,0,2,0,"N","N",96
"DOLPHD-3364","M",17,"Local","SinglePass",10,11,1,0,0,0,1,0,0,0,1,NA,2,4,0,"N","N",71
"DOLPHD-3365","M",16,"Local","SinglePass",10,11,1,1,1,0,0,1,0,0,2,NA,4,2,0,"Y","Y",146
"DOLPHD-3366","M",18,"Overseas","SinglePass",10,11,0,0,0,0,0,0,0,0,1,NA,3,4,0,"N","Y",46
"DOLPHD-3367","M",13,"Local","MultiPass",10,11,1,0,0,1,1,1,0,0,2,NA,4,1,0,"N","N",121
"DOLPHD-3369","M",19,"Local","MultiPass",10,11,0,0,1,1,0,1,1,0,2,NA,3,2,0,"N","N",121
"DOLPHD-3370","M",13,"Overseas","SinglePass",10,11,0,0,0,0,0,0,0,0,1,NA,4,3,0,"N","N",21
"DOLPHD-3373","M",18,"Overseas","SinglePass",10,11,0,0,1,0,0,1,1,0,3,NA,0,2,0,"N","Y",96
"DOLPHD-3376","M",18,"Local","MultiPass",10,11,1,0,0,1,1,1,1,0,2,NA,2,2,0,"N","N",121
"DOLPHD-3379","M",14,"Local","SinglePass",10,11,0,0,1,0,0,0,0,0,3,NA,4,2,0,"N","N",71
"DOLPHD-3383","M",18,"Local","MultiPass",10,11,1,0,0,0,0,0,0,0,1,NA,3,3,0,"N","N",121
"DOLPHD-3386","M",18,"Local","SinglePass",10,11,0,0,0,0,1,0,0,0,2,NA,2,1,0,"Y","Y",46
"DOLPHD-3387","M",13,"Overseas","SinglePass",10,11,1,0,0,0,1,1,1,0,2,NA,4,1,0,"N","Y",146
"DOLPHD-3390","M",14,"Overseas","MultiPass",10,11,0,0,1,0,0,0,1,0,2,NA,0,2,0,"N","Y",121
"DOLPHD-3391","M",17,"Local","SinglePass",10,11,1,0,1,0,0,0,0,0,2,NA,0,2,0,"N","N",96
"DOLPHD-3392","M",15,"Local","SinglePass",10,11,1,0,0,0,0,1,0,0,2,NA,0,2,0,"N","N",96
"DOLPHD-3393","M",19,"Local","SinglePass",10,11,1,0,0,0,0,0,0,0,3,NA,4,2,0,"Y","Y",46
"DOLPHD-3396","M",16,"Local","MultiPass",10,11,1,0,1,0,0,1,0,0,1,NA,0,4,0,"N","N",121
"DOLPHD-3401","M",14,"Local","SinglePass",10,11,1,0,0,0,0,0,0,0,3,NA,3,2,0,"Y","Y",71
"DOLPHD-3408","M",18,"Local","SinglePass",10,11,0,0,0,0,0,0,1,0,3,NA,2,2,0,"Y","Y",71
"DOLPHD-3410","M",14,"Local","MultiPass",10,11,1,1,0,1,1,0,0,0,3,NA,4,2,0,"N","N",121
"DOLPHD-3417","M",14,"Local","MultiPass",10,11,1,0,0,0,0,1,0,0,1,NA,3,3,0,"N","Y",121
"DOLPHD-3419","M",16,"Local","SinglePass",10,11,1,0,0,0,0,1,0,0,2,NA,2,2,0,"N","Y",96
"DOLPHD-3421","M",19,"Overseas","SinglePass",10,11,0,0,1,0,0,1,1,0,1,NA,2,3,0,"N","N",121
"DOLPHD-3422","M",19,"Local","SinglePass",10,11,0,0,0,0,1,1,0,0,2,NA,0,1,0,"N","N",96
"DOLPHD-3424","M",14,"Local","MultiPass",10,11,1,1,0,1,0,1,0,0,3,NA,4,1,0,"N","N",121
"DOLPHD-3426","M",18,"Overseas","SinglePass",10,11,0,0,1,0,0,1,0,0,3,NA,0,2,0,"N","N",71
"DOLPHD-3430","M",17,"Overseas","MultiPass",10,11,1,1,0,1,1,0,0,0,3,NA,2,2,0,"Y","Y",121
"DOLPHD-3431","M",19,"Local","MultiPass",10,11,1,0,1,1,0,0,1,0,3,NA,4,1,0,"N","N",121
"DOLPHD-3432","M",15,"Local","MultiPass",10,11,1,0,0,1,0,0,0,0,1,NA,4,4,0,"N","N",121
"DOLPHD-3434","M",14,"Local","SinglePass",10,11,1,0,0,0,0,0,0,0,2,NA,3,2,0,"N","N",71
"DOLPHD-3435","M",14,"Overseas","SinglePass",10,11,1,0,0,0,0,1,0,0,2,NA,3,1,0,"N","N",96
"DOLPHD-3437","M",19,"Local","MultiPass",10,11,0,0,1,1,0,0,0,0,3,NA,0,2,0,"N","N",121
"DOLPHD-3440","M",17,"Local","SinglePass",10,11,0,0,1,0,0,1,0,0,3,NA,0,2,0,"N","Y",71
"DOLPHD-3442","M",18,"Overseas","SinglePass",10,11,0,0,0,0,0,1,0,0,2,NA,2,1,0,"N","N",71
"DOLPHD-3443","M",14,"Local","SinglePass",10,11,1,0,1,0,0,1,1,0,2,NA,4,1,0,"N","N",121
"DOLPHD-3445","M",15,"Overseas","MultiPass",10,11,1,0,0,0,1,0,1,0,1,NA,3,4,0,"N","N",121
"DOLPHD-3446","M",17,"Local","MultiPass",10,11,1,0,0,1,0,1,0,0,2,NA,3,1,0,"N","Y",121
"DOLPHD-3448","M",17,"Local","SinglePass",10,11,0,0,0,0,0,0,1,0,3,NA,3,2,0,"N","N",46
"DOLPHD-3450","M",15,"Overseas","SinglePass",10,11,1,0,0,0,0,1,1,0,1,NA,2,4,0,"N","N",121
"DOLPHD-3451","M",18,"Local","SinglePass",10,11,1,1,0,0,0,0,1,0,1,NA,3,4,0,"N","N",96
"DOLPHD-3453","M",15,"Local","MultiPass",10,11,1,1,0,1,1,0,1,0,3,NA,2,2,0,"N","N",121
"DOLPHD-3454","M",19,"Overseas","MultiPass",10,11,1,0,0,0,0,0,0,0,1,NA,0,4,0,"N","N",121
"DOLPHD-3457","M",15,"Overseas","SinglePass",10,11,0,0,1,0,0,1,1,0,2,NA,4,1,0,"N","N",121
"DOLPHD-3459","M",17,"Overseas","MultiPass",10,11,1,0,0,0,0,1,0,0,3,NA,3,2,0,"N","N",121
"DOLPHD-3462","M",13,"Overseas","SinglePass",10,11,1,1,0,0,1,0,0,0,1,NA,2,3,0,"N","Y",96
"DOLPHD-3463","M",19,"Local","SinglePass",10,11,1,0,1,0,0,1,1,0,1,NA,4,3,0,"N","N",146
"DOLPHD-3464","M",19,"Local","SinglePass",10,11,0,0,0,0,0,1,1,0,3,NA,0,2,0,"N","N",96
"DOLPHD-3466","M",15,"Overseas","MultiPass",10,11,0,1,0,0,0,1,1,0,2,NA,2,1,0,"N","N",121
"DOLPHD-3468","M",19,"Local","MultiPass",10,11,1,1,0,1,0,1,0,0,3,NA,2,1,0,"Y","Y",121
"DOLPHD-3469","M",16,"Overseas","SinglePass",10,11,1,0,1,0,0,0,1,0,1,NA,4,4,0,"N","N",121
"DOLPHD-3471","M",19,"Overseas","SinglePass",10,11,1,0,0,0,0,0,0,0,2,NA,4,2,0,"Y","Y",71
"DOLPHD-3472","M",14,"Local","SinglePass",10,11,0,0,0,0,1,0,0,0,1,NA,4,4,0,"N","Y",46
"DOLPHD-3473","M",17,"Local","MultiPass",10,11,0,0,0,0,0,0,1,0,1,NA,4,4,0,"N","Y",121
"DOLPHD-3474","M",17,"Overseas","MultiPass",10,11,1,1,0,1,0,1,1,0,2,NA,2,2,0,"N","N",121
"DOLPHD-3476","M",14,"Local","SinglePass",10,11,1,0,1,0,0,0,0,0,1,NA,0,3,0,"N","N",96
"DOLPHD-3480","M",15,"Local","MultiPass",10,11,1,1,0,0,0,1,0,0,1,NA,4,4,0,"N","Y",121
"DOLPHD-3481","M",18,"Overseas","MultiPass",10,11,0,0,0,0,0,0,0,0,3,NA,4,1,0,"N","N",121
"DOLPHD-3490","M",19,"Overseas","SinglePass",10,11,1,0,0,0,1,0,0,0,3,NA,4,1,0,"N","N",71
"DOLPHD-3496","M",17,"Local","MultiPass",10,11,0,0,0,0,0,0,0,0,3,NA,2,1,0,"N","N",121
"DOLPHD-3497","M",15,"Local","SinglePass",10,11,0,1,1,0,0,0,1,0,2,NA,4,2,0,"N","N",121
"DOLPHD-3500","M",15,"Local","SinglePass",10,11,1,0,0,0,0,1,0,0,1,NA,4,3,0,"N","N",96
"DOLPHD-3502","M",17,"Overseas","MultiPass",10,11,0,0,0,0,0,0,0,0,1,NA,2,4,0,"Y","Y",121
"DOLPHD-3504","M",14,"Local","SinglePass",10,11,1,0,0,0,0,0,1,0,2,NA,0,1,0,"N","N",96
"DOLPHD-3506","M",17,"Local","SinglePass",10,11,1,0,1,0,0,0,1,0,3,NA,2,1,0,"N","N",121
"DOLPHD-3507","M",19,"Overseas","SinglePass",10,11,1,0,0,0,0,1,1,0,3,NA,3,1,0,"Y","Y",96
"DOLPHD-3508","M",18,"Local","MultiPass",10,11,0,0,1,1,0,0,0,0,2,NA,0,2,0,"N","Y",121
"DOLPHD-3509","M",13,"Local","MultiPass",10,11,0,0,1,0,0,1,0,0,3,NA,0,2,0,"N","N",121
"DOLPHD-3510","M",19,"Overseas","MultiPass",10,11,0,0,0,0,1,1,1,0,2,NA,0,1,0,"N","N",121
"DOLPHD-3513","M",17,"Local","SinglePass",10,11,1,0,0,0,0,0,1,0,2,NA,4,1,0,"N","N",96
"DOLPHD-3514","M",18,"Overseas","SinglePass",10,11,0,0,0,0,1,0,1,0,3,NA,0,1,0,"N","N",96
"DOLPHD-3516","M",18,"Local","MultiPass",10,11,1,0,1,0,1,0,1,0,3,NA,3,2,0,"N","N",121
"DOLPHD-3519","M",17,"Overseas","SinglePass",10,11,1,0,1,0,0,0,1,0,2,NA,4,2,0,"Y","Y",96
"DOLPHD-3525","M",15,"Local","SinglePass",10,11,1,1,0,0,0,1,0,0,3,NA,4,1,0,"N","Y",121
"DOLPHD-3526","M",13,"Overseas","SinglePass",10,11,1,0,0,0,0,0,0,0,1,NA,2,4,0,"N","N",46
"DOLPHD-3527","M",16,"Local","SinglePass",10,11,0,0,1,0,1,0,0,0,3,NA,3,1,0,"N","N",96
"DOLPHD-3531","M",18,"Overseas","MultiPass",10,11,0,1,0,1,0,0,0,0,2,NA,0,1,0,"N","N",121
"DOLPHD-3533","M",18,"Local","SinglePass",10,11,0,0,0,0,0,1,0,0,2,NA,4,2,0,"N","N",71
"DOLPHD-3534","M",19,"Overseas","SinglePass",10,11,0,0,1,0,0,1,0,0,1,NA,2,4,0,"Y","Y",96
"DOLPHD-3536","M",15,"Local","MultiPass",10,11,0,1,0,1,0,1,1,0,1,NA,2,4,0,"N","Y",121
"DOLPHD-3539","M",14,"Local","SinglePass",10,11,1,0,1,0,0,1,1,0,1,NA,2,3,0,"N","N",146
"DOLPHD-3540","M",15,"Local","SinglePass",10,11,1,0,1,0,1,0,1,0,1,NA,2,3,0,"N","N",121
"DOLPHD-3542","M",16,"Local","SinglePass",10,11,1,0,1,0,0,1,0,0,1,NA,3,3,0,"N","N",96
"DOLPHD-3544","M",17,"Local","MultiPass",10,11,0,1,1,0,0,0,0,0,2,NA,0,1,0,"N","N",121
"DOLPHD-3545","M",14,"Local","MultiPass",10,11,0,0,1,1,0,1,0,0,2,NA,0,2,0,"N","N",121
"DOLPHD-3548","M",15,"Local","SinglePass",10,11,1,1,0,0,1,0,1,0,2,NA,3,1,0,"N","N",121
"DOLPHD-3550","M",15,"Overseas","MultiPass",10,11,0,0,0,0,1,1,0,0,1,NA,2,3,0,"N","Y",121
"DOLPHD-3552","M",15,"Local","MultiPass",10,11,0,0,0,0,0,1,0,0,2,NA,0,2,0,"Y","Y",121
"DOLPHD-3554","M",16,"Local","SinglePass",10,11,1,0,1,0,0,0,0,0,2,NA,0,2,0,"N","N",71
"DOLPHD-3555","M",18,"Overseas","SinglePass",10,11,0,0,0,0,0,1,0,0,3,NA,0,2,0,"N","N",71
"DOLPHD-3561","M",14,"Local","SinglePass",10,11,1,0,1,0,0,0,1,0,1,NA,0,4,0,"N","Y",96
"DOLPHD-3562","M",13,"Overseas","SinglePass",10,11,1,0,1,0,0,0,1,0,1,NA,2,4,0,"N","N",96
"DOLPHD-3563","M",17,"Local","SinglePass",10,11,0,0,0,0,0,1,0,0,1,NA,0,4,0,"N","N",71
"DOLPHD-3565","M",18,"Overseas","MultiPass",10,11,0,0,0,1,1,0,0,0,1,NA,3,3,0,"N","Y",121
"DOLPHD-3568","M",18,"Local","SinglePass",10,11,0,0,0,0,1,0,0,0,2,NA,0,1,0,"N","N",46
"DOLPHD-3573","M",18,"Local","MultiPass",10,11,0,0,0,0,0,1,0,0,2,NA,0,1,0,"N","N",121
"DOLPHD-3574","M",18,"Overseas","SinglePass",10,11,0,0,1,0,1,1,1,0,1,NA,2,4,0,"N","N",121
"DOLPHD-3586","M",18,"Overseas","MultiPass",10,11,1,0,1,1,0,0,1,0,1,NA,4,4,0,"N","N",121
"DOLPHD-3588","M",17,"Local","SinglePass",10,11,0,0,1,0,0,1,1,0,2,NA,0,1,0,"N","N",96
"DOLPHD-3593","M",19,"Local","MultiPass",10,11,1,0,0,0,0,1,0,0,3,NA,0,1,0,"N","N",121
"DOLPHD-3594","M",18,"Overseas","MultiPass",10,11,1,0,0,1,0,0,1,0,2,NA,2,1,0,"N","N",121
"DOLPHD-3595","M",19,"Local","SinglePass",10,11,0,0,1,0,0,1,0,0,1,NA,4,3,0,"N","Y",71
"DOLPHD-3598","M",16,"Overseas","SinglePass",10,11,1,0,1,0,0,1,0,0,3,NA,2,2,0,"N","Y",96
"DOLPHD-3601","M",19,"Overseas","MultiPass",10,11,0,0,0,1,0,0,1,0,1,NA,0,3,0,"Y","Y",121
"DOLPHD-3603","M",17,"Overseas","SinglePass",10,11,1,0,1,0,0,0,0,0,1,NA,4,4,0,"N","N",96
"DOLPHD-3604","M",17,"Local","SinglePass",10,11,1,0,1,0,0,1,1,0,1,NA,4,4,0,"N","N",146
"DOLPHD-3605","M",14,"Local","SinglePass",10,11,0,0,0,0,0,1,1,0,2,NA,2,1,0,"N","N",71
"DOLPHD-3609","M",17,"Local","SinglePass",10,11,1,0,0,0,0,0,1,0,2,NA,0,2,0,"N","N",71
"DOLPHD-3619","M",17,"Local","SinglePass",10,11,0,1,0,0,1,0,0,0,2,NA,0,1,0,"N","N",96
"DOLPHD-3624","M",18,"Local","SinglePass",10,11,0,0,1,0,1,1,1,0,2,NA,3,2,0,"N","N",121
"DOLPHD-3625","M",13,"Overseas","SinglePass",10,11,0,0,0,0,0,0,1,0,3,NA,3,1,0,"N","N",71
"DOLPHD-3631","M",19,"Local","SinglePass",10,11,1,1,0,0,1,1,1,0,3,NA,4,1,0,"N","N",146
"DOLPHD-3632","M",17,"Local","SinglePass",10,11,1,1,1,0,0,1,1,0,1,NA,4,4,0,"N","N",171
"DOLPHD-3633","M",17,"Local","SinglePass",10,11,0,0,1,0,0,1,0,0,1,NA,0,3,0,"N","N",96
"DOLPHD-3634","M",15,"Overseas","SinglePass",10,11,0,0,0,0,0,1,1,0,2,NA,4,2,0,"N","N",96
"DOLPHD-3635","M",19,"Local","MultiPass",10,11,1,1,1,1,0,1,0,0,2,NA,3,2,0,"N","Y",121
"DOLPHD-3638","M",16,"Local","SinglePass",10,11,0,0,0,0,0,0,0,0,2,NA,4,1,0,"N","N",46
"DOLPHD-3640","M",14,"Local","SinglePass",10,11,1,0,0,0,0,0,1,0,1,NA,0,3,0,"N","N",71
"DOLPHD-3643","M",17,"Local","MultiPass",10,11,1,1,0,1,0,1,0,0,2,NA,2,1,0,"Y","Y",121
"DOLPHD-3645","M",18,"Local","SinglePass",10,11,0,0,1,0,0,1,0,0,1,NA,3,3,0,"N","N",71
"DOLPHD-3647","M",18,"Local","SinglePass",10,11,1,0,1,0,1,0,0,0,1,NA,3,3,0,"N","N",121
"DOLPHD-3648","M",19,"Local","SinglePass",10,11,0,0,0,0,0,0,1,0,1,NA,3,3,0,"N","N",46
"DOLPHD-3649","M",17,"Overseas","MultiPass",10,11,0,0,0,0,0,1,0,0,2,NA,0,2,0,"Y","Y",121
"DOLPHD-3650","M",14,"Local","MultiPass",10,11,0,0,0,1,0,0,0,0,3,NA,0,1,0,"N","N",121
"DOLPHD-3651","M",13,"Overseas","MultiPass",10,11,1,0,0,1,0,1,0,0,1,NA,3,3,0,"N","Y",121
"DOLPHD-3653","M",18,"Local","SinglePass",10,11,0,0,0,0,0,0,1,0,1,NA,4,4,0,"N","N",71
"DOLPHD-3654","M",17,"Overseas","SinglePass",10,11,0,0,1,0,0,1,0,0,2,NA,0,1,0,"N","N",96
"DOLPHD-3655","M",13,"Local","SinglePass",10,11,0,0,0,0,0,0,0,0,3,NA,0,1,0,"N","N",46
"DOLPHD-3659","M",15,"Local","SinglePass",10,11,1,0,1,0,1,1,1,0,3,NA,2,2,0,"N","N",146
"DOLPHD-3660","M",15,"Local","SinglePass",10,11,1,0,0,0,1,0,0,0,3,NA,0,1,0,"N","N",96
"DOLPHD-3662","M",13,"Local","SinglePass",10,11,1,0,1,0,0,1,0,0,2,NA,2,1,0,"N","N",121
"DOLPHD-3663","M",17,"Overseas","MultiPass",10,11,0,0,0,1,0,0,1,0,3,NA,2,2,0,"N","N",121
"DOLPHD-3665","M",13,"Local","MultiPass",10,11,1,0,0,1,1,1,0,0,3,NA,3,1,0,"N","N",121
"DOLPHD-3666","M",16,"Overseas","SinglePass",10,11,1,1,0,0,0,1,0,0,2,NA,4,1,0,"N","N",96
"DOLPHD-3667","M",15,"Local","SinglePass",10,11,1,0,1,0,0,1,1,0,1,NA,4,4,0,"Y","Y",121
"DOLPHD-3668","M",15,"Local","SinglePass",10,11,1,0,1,0,0,1,1,0,1,NA,3,3,0,"N","N",121
"DOLPHD-3670","M",18,"Overseas","MultiPass",10,11,0,1,1,0,0,1,0,0,1,NA,4,4,0,"N","Y",121
"DOLPHD-3671","M",15,"Local","MultiPass",10,11,1,0,0,1,0,0,1,0,1,NA,3,3,0,"N","Y",121
"DOLPHD-3674","M",15,"Local","SinglePass",10,11,0,1,1,0,0,1,0,0,2,NA,4,1,0,"N","N",96
"DOLPHD-3675","M",15,"Overseas","SinglePass",10,0,0,0,0,0,1,1,0,0,1,NA,2,3,0,"N","N",60
"DOLPHD-3677","M",14,"Local","MultiPass",10,0,0,0,0,1,0,0,0,0,3,NA,0,2,0,"Y","Y",110
"DOLPHD-3678","M",14,"Overseas","MultiPass",10,0,1,0,1,0,0,1,0,0,3,NA,3,1,0,"N","N",110
"DOLPHD-3679","M",14,"Local","MultiPass",10,0,1,0,0,0,1,0,0,0,2,NA,3,1,0,"N","N",110
"DOLPHD-3680","M",14,"Local","SinglePass",10,0,0,1,0,0,0,0,0,0,1,NA,0,4,0,"Y","Y",60
"DOLPHD-3681","M",18,"Local","SinglePass",10,0,0,1,0,0,0,1,1,0,1,NA,3,4,0,"Y","Y",110
"DOLPHD-3684","M",16,"Local","MultiPass",10,0,1,0,1,1,0,0,1,0,1,NA,3,3,0,"N","N",110
"DOLPHD-3687","M",19,"Overseas","SinglePass",10,0,0,1,1,0,0,1,0,0,2,NA,3,1,0,"N","N",110
"DOLPHD-3692","M",16,"Local","MultiPass",10,0,1,0,1,1,0,0,1,0,1,NA,4,3,0,"Y","Y",110
"DOLPHD-3693","M",16,"Local","MultiPass",10,0,1,0,0,0,0,1,0,0,3,NA,0,1,0,"Y","Y",110
"DOLPHD-3698","M",13,"Local","MultiPass",10,0,1,0,0,0,0,1,0,0,1,NA,2,4,0,"N","N",110
"DOLPHD-3699","M",16,"Overseas","MultiPass",10,0,1,0,0,1,0,0,1,0,2,NA,4,1,0,"N","N",110
"DOLPHD-3704","M",14,"Local","SinglePass",10,0,0,1,0,0,0,0,1,0,1,NA,2,3,0,"N","N",60
"DOLPHD-3706","M",18,"Overseas","MultiPass",10,0,1,1,1,1,0,1,0,0,3,NA,4,2,0,"N","N",110
"DOLPHD-3707","M",19,"Local","MultiPass",10,0,1,1,1,1,1,1,0,0,1,NA,3,3,0,"N","Y",110
"DOLPHD-3711","M",19,"Overseas","SinglePass",10,0,1,0,0,0,0,1,1,0,2,NA,2,2,0,"N","N",85
"DOLPHD-3712","M",13,"Local","MultiPass",10,0,0,0,1,0,0,0,0,0,1,NA,3,4,0,"N","Y",110
"DOLPHD-3713","M",13,"Local","MultiPass",10,0,0,0,1,1,0,1,1,0,3,NA,3,1,0,"N","N",110
"DOLPHD-3714","M",19,"Overseas","MultiPass",10,0,0,0,1,1,0,0,0,0,2,NA,0,1,0,"Y","Y",110
"DOLPHD-3715","M",14,"Local","SinglePass",10,0,1,0,0,0,0,0,0,0,2,NA,3,1,0,"N","N",60
"DOLPHD-3717","M",18,"Local","SinglePass",10,0,0,0,0,0,1,1,0,0,2,NA,0,1,0,"N","N",85
"DOLPHD-3719","M",16,"Local","MultiPass",10,0,1,0,0,0,1,1,1,0,1,NA,4,4,0,"N","N",110
"DOLPHD-3721","M",15,"Overseas","MultiPass",10,0,1,0,0,1,0,0,1,0,3,NA,3,1,0,"N","N",110
"DOLPHD-3722","M",19,"Local","SinglePass",10,0,1,1,0,0,0,1,0,0,1,NA,2,4,0,"N","Y",110
"DOLPHD-3725","M",19,"Local","SinglePass",10,0,1,0,0,0,0,1,0,0,3,NA,0,1,0,"N","N",60
"DOLPHD-3728","M",17,"Local","MultiPass",10,0,1,0,0,0,0,1,0,0,2,NA,3,1,0,"N","N",110
"DOLPHD-3731","M",14,"Local","SinglePass",10,0,0,0,1,0,1,0,0,0,2,NA,3,1,0,"N","Y",85
"DOLPHD-3733","M",15,"Overseas","MultiPass",10,0,1,0,0,1,0,0,1,0,2,NA,3,2,0,"N","N",110
"DOLPHD-3734","M",15,"Local","MultiPass",10,0,1,0,0,1,0,1,1,0,1,NA,2,4,0,"N","N",110
"DOLPHD-3735","M",19,"Overseas","MultiPass",10,0,0,0,0,1,1,0,0,0,2,NA,2,2,0,"N","N",110
"DOLPHD-3737","M",15,"Local","SinglePass",10,0,1,0,1,0,0,1,0,0,1,NA,2,4,0,"N","N",110
"DOLPHD-3742","M",15,"Overseas","MultiPass",10,0,0,0,0,0,0,1,1,0,1,NA,2,3,0,"Y","N",110
"DOLPHD-3745","M",19,"Overseas","SinglePass",10,0,0,1,0,0,0,1,0,0,1,NA,4,4,0,"N","N",85
"DOLPHD-3746","M",17,"Local","SinglePass",10,0,1,0,1,0,0,1,1,0,1,NA,2,4,0,"N","Y",110
"DOLPHD-3747","M",16,"Overseas","MultiPass",10,0,1,0,0,1,0,1,1,0,2,NA,4,2,0,"N","Y",110
"DOLPHD-3749","M",17,"Local","MultiPass",10,0,1,1,0,1,0,0,0,0,1,NA,0,3,0,"N","N",110
"DOLPHD-3753","M",18,"Local","SinglePass",10,0,1,0,1,0,0,0,0,0,2,NA,0,1,0,"N","N",85
"DOLPHD-3758","M",18,"Local","SinglePass",10,0,0,0,1,0,1,1,0,0,3,NA,0,2,0,"N","N",85
"DOLPHD-3759","M",18,"Overseas","SinglePass",10,0,1,1,0,0,0,1,1,0,3,NA,2,1,0,"N","N",135
"DOLPHD-3760","M",18,"Local","SinglePass",10,0,1,0,0,0,1,0,1,0,3,NA,4,2,0,"N","N",110
"DOLPHD-3763","M",17,"Local","MultiPass",10,0,0,1,1,0,0,0,1,0,1,NA,2,3,0,"N","N",110
"DOLPHD-3765","M",14,"Local","SinglePass",10,0,0,0,1,0,1,1,1,0,2,NA,4,1,0,"Y","Y",135
"DOLPHD-3766","M",15,"Overseas","SinglePass",10,0,1,1,1,0,0,0,1,0,1,NA,2,3,0,"N","N",135
"DOLPHD-3767","M",13,"Local","SinglePass",10,0,0,0,0,0,0,1,0,0,2,NA,2,1,0,"N","N",60
"DOLPHD-3770","M",16,"Local","MultiPass",10,0,0,0,0,1,0,0,0,0,2,NA,2,1,0,"N","N",110
"DOLPHD-3772","M",18,"Local","SinglePass",10,0,0,0,0,0,0,0,0,0,2,NA,0,2,0,"Y","Y",35
"DOLPHD-3773","M",16,"Local","SinglePass",10,0,1,1,0,0,0,0,0,0,1,NA,3,4,0,"Y","N",60
"DOLPHD-3776","M",18,"Local","MultiPass",10,0,0,1,0,1,1,1,0,0,2,NA,4,1,0,"N","Y",110
"DOLPHD-3779","M",18,"Local","SinglePass",10,0,0,0,0,0,0,1,0,0,3,NA,0,2,0,"N","N",60
"DOLPHD-3781","M",18,"Overseas","SinglePass",10,0,1,0,0,0,0,0,0,0,3,NA,2,1,0,"N","N",35
"DOLPHD-3784","M",15,"Local","MultiPass",10,0,0,0,1,1,1,1,0,0,3,NA,3,1,0,"N","N",110
"DOLPHD-3788","M",15,"Local","SinglePass",10,0,0,0,0,0,1,1,1,0,1,NA,2,3,0,"Y","Y",85
"DOLPHD-3789","M",19,"Local","MultiPass",10,0,0,0,0,0,0,1,0,0,2,NA,0,2,0,"N","N",110
"DOLPHD-3790","M",17,"Overseas","MultiPass",10,0,1,0,0,1,0,0,0,0,1,NA,2,4,0,"N","N",110
"DOLPHD-3794","M",15,"Local","SinglePass",10,0,1,0,1,0,1,0,0,0,1,NA,4,4,0,"N","N",110
"DOLPHD-3797","M",18,"Local","MultiPass",10,0,0,1,0,1,0,1,0,0,3,NA,3,2,0,"N","Y",110
"DOLPHD-3801","M",17,"Local","SinglePass",10,0,1,0,0,0,0,0,1,0,2,NA,0,2,0,"N","N",60
"DOLPHD-3802","M",16,"Overseas","SinglePass",10,0,1,0,0,0,1,0,0,0,2,NA,0,2,0,"N","N",85
"DOLPHD-3803","M",16,"Local","SinglePass",10,0,1,0,1,0,0,0,0,0,3,NA,3,1,0,"N","N",60
"DOLPHD-3806","M",14,"Local","MultiPass",10,0,0,0,0,1,0,0,1,0,2,NA,0,1,0,"N","N",110
"DOLPHD-3807","M",17,"Overseas","SinglePass",10,0,1,0,0,0,1,0,0,0,2,NA,0,2,0,"N","N",85
"DOLPHD-3808","M",17,"Local","SinglePass",10,0,1,1,1,0,0,1,0,0,1,NA,2,3,0,"N","N",110
"DOLPHD-3811","M",15,"Local","MultiPass",10,0,0,0,0,1,0,0,0,0,3,NA,3,2,0,"N","N",110
"DOLPHD-3812","M",15,"Local","MultiPass",10,0,0,0,0,0,0,1,0,0,2,NA,0,1,0,"N","N",110
"DOLPHD-3816","M",17,"Local","SinglePass",10,0,1,0,0,0,0,0,0,0,3,NA,4,1,0,"Y","Y",35
"DOLPHD-3817","M",14,"Overseas","SinglePass",10,0,1,0,0,0,0,0,0,0,3,NA,2,1,0,"N","N",60
"DOLPHD-3818","M",18,"Local","MultiPass",10,0,0,0,1,0,0,0,1,0,2,NA,3,2,0,"Y","Y",110
"DOLPHD-3819","M",14,"Overseas","MultiPass",10,0,1,1,0,1,1,1,1,0,1,NA,3,4,0,"N","N",110
"DOLPHD-3820","M",13,"Local","MultiPass",10,0,0,0,1,1,1,0,0,0,2,NA,4,2,0,"N","N",110
"DOLPHD-3823","M",17,"Local","SinglePass",10,0,0,1,0,0,0,0,0,0,1,NA,2,4,0,"N","Y",60
"DOLPHD-3824","M",15,"Local","SinglePass",10,0,0,1,1,0,0,0,1,0,3,NA,4,1,0,"N","N",110
"DOLPHD-3825","M",14,"Local","MultiPass",10,0,0,0,0,0,0,1,0,0,1,NA,3,4,0,"N","N",110
"DOLPHD-3826","M",18,"Overseas","MultiPass",10,0,1,0,1,1,0,1,0,0,3,NA,2,1,0,"N","N",110
"DOLPHD-3829","M",19,"Overseas","SinglePass",10,0,1,1,1,0,0,1,1,0,3,NA,2,1,0,"N","N",160
"DOLPHD-3830","M",13,"Local","SinglePass",10,0,0,0,0,0,0,1,1,0,3,NA,0,1,0,"N","Y",85
"DOLPHD-3833","M",13,"Local","MultiPass",10,0,1,0,0,0,0,0,1,0,1,NA,4,4,0,"N","N",110
"DOLPHD-3834","M",15,"Overseas","MultiPass",10,0,1,1,1,0,0,1,0,0,3,NA,3,1,0,"N","Y",110
"DOLPHD-3837","M",15,"Local","SinglePass",10,0,1,0,0,0,0,1,0,0,3,NA,0,2,0,"N","N",85
"DOLPHD-3840","M",19,"Overseas","MultiPass",10,0,1,0,1,0,1,1,0,0,1,NA,2,4,0,"Y","Y",110
"DOLPHD-3841","M",19,"Overseas","MultiPass",10,0,1,0,0,0,1,1,0,0,1,NA,0,4,0,"N","N",110
"DOLPHD-3844","M",13,"Overseas","SinglePass",10,0,1,1,0,0,0,1,0,0,3,NA,0,1,0,"N","Y",85
"DOLPHD-3846","M",19,"Overseas","MultiPass",10,0,1,1,1,1,0,1,0,0,3,NA,2,2,0,"N","N",110
"DOLPHD-3847","M",13,"Overseas","MultiPass",10,0,1,0,0,1,0,1,1,0,3,NA,3,2,0,"N","Y",110
"DOLPHD-3848","M",13,"Overseas","MultiPass",10,0,1,1,1,0,0,0,0,0,1,NA,0,3,0,"Y","Y",110
"DOLPHD-3851","M",17,"Overseas","SinglePass",10,0,1,0,0,0,1,0,0,0,3,NA,3,1,0,"Y","Y",60
"DOLPHD-3852","M",15,"Overseas","SinglePass",10,0,0,0,0,0,0,0,0,0,1,NA,4,3,0,"N","Y",35
"DOLPHD-3854","M",17,"Overseas","MultiPass",10,0,1,0,1,1,1,0,0,0,3,NA,4,2,0,"N","N",110
"DOLPHD-3855","M",14,"Overseas","MultiPass",10,0,1,0,0,1,0,1,0,0,1,NA,4,3,0,"N","N",110
"DOLPHD-3856","M",17,"Overseas","SinglePass",10,0,0,0,0,0,0,0,1,0,1,NA,3,4,0,"N","N",35
"DOLPHD-3857","M",19,"Overseas","SinglePass",10,0,1,0,0,0,0,0,1,0,3,NA,0,2,0,"N","N",85
"DOLPHD-3858","M",16,"Overseas","SinglePass",10,0,1,0,0,0,0,1,1,0,2,NA,4,1,0,"N","Y",110
"DOLPHD-3859","M",19,"Overseas","SinglePass",10,0,0,0,1,0,0,1,0,0,3,NA,4,2,0,"N","N",85
"DOLPHD-3861","M",13,"Overseas","MultiPass",10,0,1,0,0,1,1,1,0,0,2,NA,3,1,0,"Y","Y",110
"DOLPHD-3862","M",13,"Overseas","MultiPass",10,0,0,1,0,1,0,1,0,0,2,NA,3,2,0,"N","N",110
"DOLPHD-3865","M",19,"Overseas","SinglePass",10,0,0,0,1,0,0,1,0,0,1,NA,3,3,0,"N","N",85
"DOLPHD-3866","M",15,"Overseas","SinglePass",10,0,1,0,0,0,1,0,0,0,2,NA,0,1,0,"N","N",60
"DOLPHD-3868","M",14,"Overseas","MultiPass",10,0,0,0,0,0,1,1,0,0,3,NA,0,1,0,"N","Y",110
"DOLPHD-3869","M",17,"Overseas","MultiPass",10,0,0,0,0,1,1,1,0,0,1,NA,0,3,0,"N","N",110
"DOLPHD-3870","M",19,"Overseas","SinglePass",10,0,1,0,1,0,0,1,0,0,1,NA,2,4,0,"Y","Y",110
"DOLPHD-3873","M",15,"Overseas","SinglePass",10,0,1,0,1,0,0,0,0,0,1,NA,2,4,0,"N","N",60
"DOLPHD-3876","M",16,"Overseas","MultiPass",10,0,1,0,0,0,0,1,0,0,1,NA,2,3,0,"N","N",110
"DOLPHD-3880","M",18,"Overseas","SinglePass",10,0,0,0,0,0,0,0,0,0,3,NA,3,2,0,"Y","Y",35
"DOLPHD-3883","M",19,"Overseas","SinglePass",10,0,0,0,0,0,0,0,0,0,3,NA,0,2,0,"N","N",35
"DOLPHD-3885","M",16,"Overseas","MultiPass",10,0,1,1,1,1,0,0,0,0,2,NA,3,2,0,"N","N",110
"DOLPHD-3888","M",17,"Overseas","MultiPass",10,0,0,1,0,0,1,0,0,0,1,NA,2,3,0,"N","N",110
"DOLPHD-3891","M",14,"Overseas","MultiPass",10,0,1,0,0,1,0,1,1,0,3,NA,2,2,0,"N","N",110
"DOLPHD-3896","M",17,"Overseas","SinglePass",10,0,1,0,0,0,0,1,1,0,1,NA,3,3,0,"Y","Y",110
"DOLPHD-3897","M",17,"Overseas","MultiPass",10,0,1,0,1,0,0,1,0,0,1,NA,3,3,0,"N","N",110
"DOLPHD-3898","M",16,"Overseas","SinglePass",10,0,0,0,0,0,0,1,0,0,1,NA,2,3,0,"N","Y",60
"DOLPHD-3900","M",13,"Overseas","MultiPass",10,0,1,1,0,0,0,0,0,0,1,NA,3,3,0,"N","N",110
"DOLPHD-3901","M",19,"Overseas","SinglePass",10,0,1,0,1,0,0,0,1,0,1,NA,3,3,0,"N","N",85
"DOLPHD-3903","M",19,"Overseas","MultiPass",10,0,1,0,0,1,0,0,1,0,1,NA,0,3,0,"N","N",110
"DOLPHD-3904","M",18,"Overseas","SinglePass",10,0,1,1,1,0,1,0,0,0,1,NA,4,3,0,"N","N",110
"DOLPHD-3907","M",14,"Overseas","SinglePass",10,0,0,0,1,0,0,0,0,0,1,NA,3,3,0,"N","Y",60
"DOLPHD-3908","M",15,"Overseas","SinglePass",10,0,0,0,0,0,0,1,0,0,1,NA,3,4,0,"N","Y",60
"DOLPHD-3910","M",15,"Overseas","SinglePass",10,0,1,0,1,0,0,0,1,0,1,NA,4,4,0,"N","N",110
"DOLPHD-3911","M",14,"Overseas","SinglePass",10,0,0,0,1,0,1,0,0,0,1,NA,4,4,0,"Y","Y",85
"DOLPHD-3913","M",19,"Overseas","SinglePass",10,0,1,1,0,0,0,1,0,0,1,NA,3,3,0,"N","Y",110
"DOLPHD-3915","M",16,"Overseas","MultiPass",10,0,0,0,0,1,0,0,0,0,3,NA,2,1,0,"N","Y",110
"DOLPHD-3922","M",15,"Local","SinglePass",10,0,0,0,0,0,0,1,1,0,1,NA,4,4,0,"N","Y",60
"DOLPHD-3924","M",16,"Local","MultiPass",10,0,1,0,0,1,0,1,0,0,1,NA,2,3,0,"N","N",110
"DOLPHD-3927","M",13,"Local","MultiPass",10,0,0,0,0,0,0,1,1,0,1,NA,2,4,0,"N","N",110
"DOLPHD-3928","M",13,"Local","SinglePass",10,0,1,0,0,0,0,0,0,0,1,NA,2,3,0,"N","Y",60
"DOLPHD-3930","M",14,"Local","MultiPass",10,0,0,0,1,0,1,1,0,0,1,NA,3,4,0,"N","N",110
"DOLPHD-3934","M",18,"Local","SinglePass",10,0,1,0,0,0,0,1,1,0,1,NA,4,3,0,"N","N",85
"DOLPHD-3937","M",16,"Local","SinglePass",10,0,1,0,0,0,1,0,1,0,1,NA,2,4,0,"N","N",85
"DOLPHD-3938","M",18,"Local","SinglePass",10,0,0,0,1,0,0,0,0,0,1,NA,4,4,0,"N","N",35
"DOLPHD-3943","M",15,"Local","SinglePass",10,0,1,0,0,0,0,1,0,0,2,NA,4,2,0,"N","N",85
"DOLPHD-3944","M",17,"Local","SinglePass",10,0,1,1,1,0,0,1,0,0,1,NA,4,3,0,"N","Y",135
"DOLPHD-3945","M",19,"Local","MultiPass",10,0,0,1,0,1,1,0,1,0,1,NA,2,3,0,"N","N",110
"DOLPHD-3954","M",18,"Local","MultiPass",10,0,1,0,0,0,0,0,1,0,1,NA,3,4,0,"N","N",110
"DOLPHD-3955","M",18,"Local","SinglePass",10,0,1,0,0,0,0,1,0,0,1,NA,3,3,0,"N","Y",85
"DOLPHD-3960","M",18,"Local","MultiPass",10,0,0,0,1,0,0,1,0,0,1,NA,3,3,0,"N","N",110
"DOLPHD-3962","M",15,"Local","SinglePass",10,0,0,0,0,0,0,0,0,0,1,NA,3,3,0,"N","Y",35
"DOLPHD-3963","M",15,"Local","MultiPass",10,0,0,1,0,1,0,0,0,0,1,NA,2,4,0,"N","N",110
"DOLPHD-3965","M",13,"Local","SinglePass",10,0,1,1,0,0,1,1,0,0,1,NA,4,3,0,"N","N",135
"DOLPHD-3966","M",18,"Local","MultiPass",10,0,1,0,1,1,1,0,0,0,1,NA,4,3,0,"N","N",110
"DOLPHD-3967","M",15,"Local","SinglePass",10,0,1,0,0,0,0,1,1,0,1,NA,2,3,0,"N","N",85
"DOLPHD-3970","M",18,"Local","SinglePass",10,0,1,1,1,0,0,0,1,0,1,NA,2,3,0,"Y","Y",135
"DOLPHD-3974","M",15,"Local","SinglePass",10,0,0,0,0,0,0,1,0,0,1,NA,2,3,0,"N","N",60
"DOLPHD-3975","M",15,"Local","MultiPass",10,0,0,0,0,1,1,0,0,0,1,NA,2,3,0,"N","N",110
"DOLPHD-3976","M",16,"Local","SinglePass",10,0,1,0,1,0,0,0,1,0,1,NA,4,4,0,"N","N",85
"DOLPHD-3984","M",16,"Local","MultiPass",10,0,0,0,1,1,0,0,1,0,1,NA,4,4,0,"N","Y",110
"DOLPHD-3987","M",14,"Local","MultiPass",10,0,1,0,0,1,0,1,0,0,1,NA,2,3,0,"N","N",110
"DOLPHD-3991","M",16,"Local","MultiPass",10,0,1,0,0,0,1,1,1,0,3,NA,2,1,0,"N","N",110
"DOLPHD-3995","M",19,"Local","MultiPass",10,0,1,0,0,1,1,0,1,0,1,NA,2,4,0,"N","N",110
"DOLPHD-3998","M",16,"Local","MultiPass",10,0,1,0,1,1,0,1,0,0,1,NA,4,4,0,"N","N",110
"DOLPHD-3999","M",17,"Local","SinglePass",10,0,1,0,0,0,0,0,0,0,1,NA,3,4,0,"Y","Y",60
"DOLPHD-4000","M",14,"Local","SinglePass",10,0,1,0,1,0,0,1,0,0,1,NA,3,3,0,"N","N",110
"DOLPHD-4002","M",19,"Local","MultiPass",10,0,0,0,1,1,1,0,1,0,1,NA,2,4,0,"N","N",110
"DOLPHD-4004","M",16,"Local","SinglePass",10,0,1,1,0,0,0,1,0,0,1,NA,3,4,0,"N","Y",110
"DOLPHD-4005","M",16,"Local","MultiPass",10,0,1,0,0,0,0,1,1,0,1,NA,2,3,0,"N","N",110
"DOLPHD-4006","M",14,"Local","SinglePass",10,0,0,0,0,0,0,0,0,0,1,NA,4,4,0,"N","Y",35
"DOLPHD-4007","M",16,"Local","SinglePass",10,0,1,0,0,0,0,1,0,0,1,NA,2,3,0,"N","N",60
"DOLPHD-4011","M",13,"Local","SinglePass",10,0,0,1,1,0,1,0,0,0,1,NA,2,4,0,"N","Y",110
"DOLPHD-4012","M",14,"Local","MultiPass",10,0,1,1,0,0,0,1,0,0,1,NA,2,3,0,"N","N",110
"DOLPHD-4015","M",16,"Local","MultiPass",10,0,0,1,0,1,0,0,1,0,1,NA,3,3,0,"N","Y",110
"DOLPHD-4019","M",18,"Local","MultiPass",10,0,1,0,0,1,0,0,0,0,1,NA,3,3,0,"N","N",110
"DOLPHD-4023","M",15,"Local","MultiPass",10,0,1,0,1,1,0,1,0,0,1,NA,4,3,0,"Y","Y",110
"DOLPHD-4026","M",15,"Local","MultiPass",10,0,0,1,0,0,0,1,1,0,1,NA,4,4,0,"N","N",110
"DOLPHD-4027","M",19,"Local","SinglePass",10,0,0,0,1,0,0,1,0,0,1,NA,2,4,0,"Y","Y",85
"DOLPHD-4028","M",16,"Local","SinglePass",10,0,1,0,1,0,0,1,0,0,1,NA,2,3,0,"N","N",85
"DOLPHD-4030","M",16,"Local","MultiPass",10,0,0,0,0,1,0,1,0,0,1,NA,2,3,0,"N","N",110
"DOLPHD-4032","M",14,"Local","SinglePass",10,0,1,0,0,0,0,0,0,0,1,NA,4,3,0,"N","N",35
"DOLPHD-4033","M",18,"Local","MultiPass",10,0,0,0,0,0,0,1,0,0,1,NA,2,4,0,"N","N",110
"DOLPHD-4036","M",16,"Local","MultiPass",10,0,1,0,0,0,0,0,0,0,1,NA,4,4,0,"N","N",110
"DOLPHD-4040","M",16,"Local","MultiPass",10,0,1,0,0,1,1,0,0,0,1,NA,4,3,0,"N","Y",110
"DOLPHD-4042","M",16,"Local","SinglePass",10,0,0,0,0,0,0,0,0,0,1,NA,2,4,0,"Y","Y",35
"DOLPHD-4047","M",16,"Local","MultiPass",10,0,1,0,1,1,1,1,0,0,1,NA,4,3,0,"N","Y",110
"DOLPHD-4050","M",14,"Local","MultiPass",10,0,1,1,0,1,0,1,0,0,1,NA,4,4,0,"N","N",110
"DOLPHD-4051","M",13,"Local","MultiPass",10,0,0,1,1,0,1,0,0,0,1,NA,4,4,0,"N","N",110
"DOLPHD-4052","M",19,"Local","SinglePass",10,0,1,1,0,0,0,1,1,0,1,NA,2,4,0,"N","N",110
"DOLPHD-4056","M",17,"Local","SinglePass",10,0,0,0,0,0,1,1,1,0,1,NA,3,4,0,"N","N",110
"DOLPHD-4060","M",13,"Local","SinglePass",10,0,1,1,0,0,0,0,0,0,1,NA,4,3,0,"N","N",60
"DOLPHD-4063","M",16,"Local","SinglePass",10,0,1,0,0,0,0,0,1,0,1,NA,3,3,0,"N","Y",85
"DOLPHD-4064","M",19,"Local","MultiPass",10,0,0,1,1,1,0,0,1,0,1,NA,2,4,0,"N","N",110
"DOLPHD-4065","M",14,"Local","MultiPass",10,0,0,0,1,1,0,1,0,0,1,NA,2,3,0,"Y","Y",110
"DOLPHD-4066","M",19,"Local","SinglePass",10,0,0,1,1,0,0,0,0,0,1,NA,2,4,0,"N","N",85
"DOLPHD-4067","M",13,"Local","SinglePass",10,0,1,0,1,0,0,1,0,0,1,NA,2,4,0,"N","Y",110
"DOLPHD-4068","M",18,"Local","MultiPass",10,0,1,1,1,0,0,1,0,0,1,NA,2,4,0,"N","Y",110
"DOLPHD-4073","M",15,"Local","SinglePass",10,0,1,0,1,0,1,1,0,0,1,NA,3,3,0,"N","N",135
"DOLPHD-4081","M",17,"Local","SinglePass",10,0,1,1,1,0,0,0,1,0,1,NA,3,4,0,"N","N",135
"DOLPHD-4083","M",19,"Local","SinglePass",10,0,0,1,0,0,0,0,0,0,1,NA,3,3,0,"N","Y",60
"DOLPHD-4084","M",15,"Local","SinglePass",10,0,1,0,0,0,1,1,1,0,1,NA,2,3,0,"N","Y",110
"DOLPHD-4085","M",16,"Local","MultiPass",10,0,0,0,0,1,0,1,0,0,1,NA,3,4,0,"Y","Y",110
"DOLPHD-4091","M",18,"Local","SinglePass",10,0,1,0,1,0,0,1,1,0,1,NA,3,3,0,"Y","Y",135
"DOLPHD-4092","M",13,"Local","MultiPass",10,0,1,0,0,0,0,1,0,0,1,NA,2,4,0,"N","N",110
"DOLPHD-4093","M",17,"Local","MultiPass",10,0,1,0,1,0,0,1,0,0,1,NA,4,4,0,"N","N",110
"DOLPHD-4094","M",19,"Local","SinglePass",10,0,1,1,1,0,0,1,0,0,1,NA,2,4,0,"N","N",135
"DOLPHD-4100","M",13,"Local","MultiPass",10,0,1,0,1,1,0,1,0,0,1,NA,2,4,0,"N","Y",110
"DOLPHD-4102","M",16,"Local","SinglePass",10,0,1,1,0,0,1,0,0,0,1,NA,2,3,0,"N","N",85
"DOLPHD-4105","M",13,"Local","SinglePass",10,0,1,0,0,0,0,0,0,0,1,NA,3,4,0,"N","N",35
"DOLPHD-4106","M",14,"Local","MultiPass",10,0,0,0,0,1,0,0,0,0,1,NA,3,4,0,"N","N",110
"DOLPHD-4107","M",13,"Local","MultiPass",10,0,0,1,0,1,0,0,0,0,1,NA,3,3,0,"N","N",110
"DOLPHD-4110","M",15,"Local","MultiPass",10,0,0,1,0,1,0,1,1,0,1,NA,3,4,0,"N","N",110
"DOLPHD-4111","M",14,"Local","SinglePass",10,0,1,0,1,0,0,0,0,0,1,NA,3,4,0,"N","Y",60
"DOLPHD-4112","M",17,"Local","SinglePass",10,0,1,1,0,0,0,0,0,0,1,NA,4,3,0,"N","N",60
"DOLPHD-4113","M",15,"Local","MultiPass",10,0,0,0,1,1,0,1,0,0,1,NA,3,4,0,"N","N",110
"DOLPHD-4114","M",18,"Local","MultiPass",10,0,0,0,0,0,0,1,0,0,1,NA,3,4,0,"N","N",110
"DOLPHD-4117","M",18,"Local","MultiPass",10,0,1,0,0,0,0,1,0,0,1,NA,2,3,0,"N","N",110
"DOLPHD-4120","M",16,"Local","MultiPass",10,0,0,0,1,0,0,1,1,0,1,NA,2,3,0,"N","N",110
"DOLPHD-4121","M",15,"Local","MultiPass",10,0,0,0,0,1,0,1,0,0,1,NA,3,3,0,"N","N",110
"DOLPHD-4123","M",14,"Local","SinglePass",10,0,1,1,1,0,0,1,0,0,1,NA,3,3,0,"N","N",135
"DOLPHD-4125","M",15,"Local","SinglePass",10,0,0,0,0,0,0,0,0,0,1,NA,2,4,0,"N","N",35
"DOLPHD-4127","M",14,"Local","MultiPass",10,0,0,0,0,1,0,1,0,0,1,NA,2,3,0,"N","N",110
"DOLPHD-4130","M",13,"Local","SinglePass",10,0,1,1,0,0,0,1,1,0,1,NA,4,4,0,"N","N",135
"DOLPHD-4133","M",13,"Local","SinglePass",10,0,0,0,0,0,0,1,0,0,1,NA,2,4,0,"N","N",60
"DOLPHD-4135","M",18,"Local","MultiPass",10,0,1,0,1,1,0,1,1,0,1,NA,4,3,0,"N","N",110
"DOLPHD-4138","M",17,"Local","MultiPass",10,0,1,0,0,0,0,0,0,0,1,NA,3,3,0,"N","N",110
"DOLPHD-4140","M",17,"Local","SinglePass",10,0,0,0,0,0,0,0,1,0,1,NA,4,3,0,"N","Y",60
"DOLPHD-4142","M",13,"Local","MultiPass",10,0,1,0,1,0,0,1,1,0,1,NA,2,4,0,"N","N",110
"DOLPHD-4144","M",15,"Local","SinglePass",10,0,1,0,1,0,0,1,1,0,1,NA,4,3,0,"N","N",135
"DOLPHD-4145","M",16,"Local","MultiPass",10,0,0,0,0,1,0,0,0,0,1,NA,4,4,0,"N","N",110
"DOLPHD-4148","M",16,"Local","MultiPass",10,0,0,0,0,1,0,1,0,0,1,NA,2,3,0,"N","N",110
"DOLPHD-4149","M",14,"Local","MultiPass",10,0,1,0,0,1,0,0,0,0,1,NA,2,3,0,"N","N",110
"DOLPHD-4153","M",19,"Local","SinglePass",10,0,0,0,1,0,0,1,0,0,1,NA,2,4,0,"N","Y",60
"DOLPHD-4156","M",14,"Local","MultiPass",10,0,1,0,0,1,0,1,0,0,1,NA,2,3,0,"N","Y",110
"DOLPHD-4157","M",18,"Local","SinglePass",10,0,0,1,1,0,0,1,1,0,1,NA,2,3,0,"N","N",135
"DOLPHD-4161","M",18,"Local","SinglePass",10,0,1,0,1,0,1,0,0,0,1,NA,4,4,0,"N","N",110
"DOLPHD-4163","M",14,"Local","MultiPass",10,0,1,0,0,0,1,1,0,0,1,NA,4,3,0,"N","Y",110
"DOLPHD-4164","M",15,"Local","SinglePass",10,0,0,0,1,0,1,1,0,0,1,NA,4,4,0,"N","N",110
"DOLPHD-4165","M",17,"Local","SinglePass",10,0,1,0,1,0,0,1,0,0,1,NA,4,3,0,"N","Y",110
"DOLPHD-4166","M",17,"Local","MultiPass",10,0,1,0,1,0,0,0,0,0,1,NA,4,3,0,"N","N",110
"DOLPHD-4167","M",13,"Local","SinglePass",10,0,1,0,0,0,0,0,1,0,1,NA,4,4,0,"N","N",60
"DOLPHD-4169","M",17,"Local","MultiPass",10,0,0,0,0,1,0,1,1,0,1,NA,3,3,0,"N","N",110
"DOLPHD-4170","M",18,"Local","MultiPass",10,0,1,0,0,1,1,1,0,0,1,NA,4,3,0,"N","Y",110
"DOLPHD-4171","M",14,"Local","SinglePass",10,0,0,0,0,0,1,0,0,0,1,NA,4,4,0,"N","Y",60
"DOLPHD-4174","M",18,"Local","SinglePass",10,0,1,0,0,0,0,1,0,0,1,NA,4,3,0,"N","N",85
"DOLPHD-4176","M",13,"Local","MultiPass",10,0,1,0,0,0,0,1,0,0,1,NA,3,3,0,"N","N",110
"DOLPHD-4179","M",16,"Local","SinglePass",10,0,1,0,0,0,0,0,0,0,1,NA,3,3,0,"N","N",60
"DOLPHD-4180","M",13,"Local","MultiPass",10,0,0,0,0,0,0,0,0,0,1,NA,3,3,0,"N","Y",110
"DOLPHD-4184","M",18,"Local","MultiPass",10,0,1,0,1,1,0,0,0,0,1,NA,2,4,0,"Y","Y",110
"DOLPHD-4190","M",16,"Local","MultiPass",10,0,1,0,0,0,0,1,0,0,1,NA,2,4,0,"N","Y",110
"DOLPHD-4191","M",19,"Local","MultiPass",10,0,0,1,1,1,0,0,1,0,2,NA,3,1,0,"N","N",110
"DOLPHD-4193","M",17,"Local","SinglePass",10,0,0,0,0,0,0,1,0,0,2,NA,0,1,0,"N","N",60
"DOLPHD-4202","M",19,"Local","SinglePass",10,0,0,1,0,0,0,1,0,0,1,NA,4,3,0,"N","Y",85
"DOLPHD-4204","M",13,"Local","MultiPass",10,0,0,0,0,0,0,1,1,0,2,NA,4,1,0,"N","N",110
"DOLPHD-4206","M",13,"Local","SinglePass",10,0,1,0,0,0,0,0,1,0,1,NA,4,3,0,"N","N",60
"DOLPHD-4207","M",17,"Local","SinglePass",10,0,0,0,0,0,0,0,0,0,1,NA,2,3,0,"N","N",10
"DOLPHD-4208","M",15,"Local","MultiPass",10,0,0,0,0,0,1,0,0,0,3,NA,0,1,0,"N","N",110
"DOLPHD-4210","M",19,"Local","SinglePass",10,0,1,1,1,0,0,1,1,0,1,NA,3,3,0,"N","N",135
"DOLPHD-4211","M",18,"Local","MultiPass",10,0,0,0,1,1,0,1,1,0,1,NA,2,4,0,"N","N",110
"DOLPHD-4219","M",17,"Local","MultiPass",10,0,1,1,0,1,0,1,0,0,1,NA,2,4,0,"N","Y",110
"DOLPHD-4223","M",17,"Local","SinglePass",10,0,1,0,1,0,0,0,1,0,3,NA,2,2,0,"N","N",110
"DOLPHD-4225","M",18,"Local","MultiPass",10,0,1,0,1,1,0,0,0,0,1,NA,4,3,0,"N","N",110
"DOLPHD-4228","M",18,"Local","SinglePass",10,0,0,1,0,0,0,0,0,0,1,NA,2,4,0,"N","Y",60
"DOLPHD-4229","M",14,"Local","MultiPass",10,0,1,0,1,1,0,1,0,0,1,NA,4,4,0,"N","N",110
"DOLPHD-4231","M",13,"Local","SinglePass",10,0,1,0,1,0,0,1,1,0,3,NA,2,1,0,"N","N",110
"DOLPHD-4232","M",14,"Local","MultiPass",10,0,1,0,0,1,1,0,0,0,1,NA,0,4,0,"N","N",110
"DOLPHD-4238","M",16,"Local","SinglePass",10,0,1,0,0,0,1,0,0,0,2,NA,3,2,0,"N","Y",60
"DOLPHD-4239","M",15,"Local","MultiPass",10,0,1,0,0,0,0,0,0,0,2,NA,0,1,0,"N","N",110
"DOLPHD-4241","M",14,"Local","SinglePass",10,0,0,0,1,0,0,1,1,0,3,NA,2,1,0,"N","N",85
"DOLPHD-4242","M",16,"Local","SinglePass",10,0,1,0,0,0,1,1,0,0,2,NA,2,1,0,"N","N",110
"DOLPHD-4243","M",19,"Local","MultiPass",10,0,1,0,0,1,0,1,0,0,1,NA,0,3,0,"N","N",110
"DOLPHD-4244","M",15,"Local","SinglePass",10,0,0,0,0,0,0,0,0,0,1,NA,3,4,0,"N","N",35
"DOLPHD-4245","M",15,"Local","SinglePass",10,0,1,0,1,0,1,0,0,0,2,NA,4,1,0,"Y","Y",110
"DOLPHD-4249","M",18,"Local","SinglePass",10,0,0,0,1,0,1,0,0,0,1,NA,3,4,0,"N","N",60
"DOLPHD-4250","M",18,"Local","MultiPass",10,0,0,0,1,1,0,1,0,0,1,NA,4,4,0,"N","N",110
"DOLPHD-4251","M",17,"Local","SinglePass",10,0,1,0,1,0,0,0,1,0,1,NA,3,3,0,"N","N",85
"DOLPHD-4252","M",19,"Local","SinglePass",10,0,1,1,1,0,0,0,0,0,1,NA,3,4,0,"N","N",85
"DOLPHD-4255","M",18,"Local","SinglePass",10,0,0,1,0,0,1,1,0,0,1,NA,4,4,0,"N","Y",110
"DOLPHD-4256","M",13,"Local","SinglePass",10,0,0,1,0,0,1,0,0,0,1,NA,2,3,0,"N","N",60
"DOLPHD-4259","M",18,"Local","SinglePass",10,0,1,0,1,0,1,0,0,0,1,NA,4,4,0,"Y","Y",85
"DOLPHD-4261","M",15,"Local","MultiPass",10,0,1,0,0,1,0,0,1,0,2,NA,0,2,0,"N","N",110
"DOLPHD-4266","M",19,"Local","SinglePass",10,0,0,0,0,0,1,0,0,0,3,NA,2,2,0,"N","N",35
"DOLPHD-4267","M",14,"Local","MultiPass",10,0,1,0,0,1,1,0,0,0,3,NA,2,2,0,"N","N",110
"DOLPHD-4269","M",18,"Local","SinglePass",10,0,0,0,0,0,0,1,0,0,3,NA,0,1,0,"N","N",35
"DOLPHD-4270","M",17,"Local","SinglePass",10,0,1,0,0,0,0,1,0,0,2,NA,0,1,0,"N","N",85
"DOLPHD-4272","M",19,"Local","SinglePass",10,0,1,0,0,0,0,1,0,0,3,NA,0,1,0,"N","N",60
"DOLPHD-4274","M",18,"Local","MultiPass",10,0,1,0,0,1,0,0,0,0,2,NA,3,2,0,"N","N",110
"DOLPHD-4275","M",17,"Local","MultiPass",10,0,1,1,1,0,0,0,0,0,2,NA,0,1,0,"N","N",110
"DOLPHD-4276","M",19,"Local","SinglePass",10,0,0,0,1,0,1,0,1,0,1,NA,3,3,0,"N","N",110
"DOLPHD-4278","M",14,"Local","MultiPass",10,0,1,0,0,1,1,1,1,0,1,NA,3,4,0,"N","N",110
"DOLPHD-4279","M",13,"Local","SinglePass",10,0,1,0,1,0,0,1,0,0,3,NA,4,1,0,"N","Y",110
"DOLPHD-4283","M",18,"Local","SinglePass",10,0,0,1,1,0,0,0,0,0,1,NA,0,4,0,"N","N",60
"DOLPHD-4284","M",16,"Local","SinglePass",10,0,1,0,0,0,1,0,0,0,3,NA,0,2,0,"N","N",60
"DOLPHD-4287","M",16,"Local","SinglePass",10,0,0,0,1,0,0,0,0,0,3,NA,0,2,0,"N","N",60
"DOLPHD-4289","M",14,"Local","MultiPass",10,0,1,1,0,1,0,1,0,0,1,NA,2,4,0,"N","N",110
"DOLPHD-4292","M",19,"Local","MultiPass",10,0,1,0,0,0,0,0,0,0,3,NA,4,1,0,"N","N",110
"DOLPHD-4293","M",14,"Local","SinglePass",10,0,1,0,0,0,0,1,0,0,3,NA,0,2,0,"N","Y",85
"DOLPHD-4302","M",14,"Local","MultiPass",10,0,0,0,0,1,0,0,0,0,1,NA,2,4,0,"N","N",110
"DOLPHD-4304","M",13,"Local","SinglePass",10,0,0,0,0,0,0,0,1,0,2,NA,3,1,0,"N","Y",60
"DOLPHD-4308","M",16,"Local","SinglePass",10,0,0,0,0,0,1,1,0,0,3,NA,4,2,0,"N","N",85
"DOLPHD-4312","M",19,"Local","SinglePass",10,0,1,0,0,0,0,1,1,0,3,NA,3,1,0,"N","N",110
"DOLPHD-4315","M",13,"Local","SinglePass",10,0,0,1,0,0,1,1,0,0,1,NA,3,4,0,"N","N",110
"DOLPHD-4319","M",14,"Local","SinglePass",10,0,1,1,0,0,0,1,0,0,1,NA,4,3,0,"N","Y",85
"DOLPHD-4320","M",16,"Local","MultiPass",10,0,1,0,0,1,0,1,0,0,2,NA,3,2,0,"N","Y",110
"DOLPHD-4322","M",13,"Local","SinglePass",10,0,0,0,0,0,0,0,0,0,1,NA,4,3,0,"N","N",35
"DOLPHD-4323","M",15,"Local","MultiPass",10,0,0,0,0,0,0,1,0,0,3,NA,4,2,0,"N","N",110
"DOLPHD-4326","M",14,"Local","SinglePass",10,0,1,0,0,0,0,1,1,0,2,NA,3,2,0,"N","N",110
"DOLPHD-4327","M",19,"Local","MultiPass",10,0,1,0,1,0,0,0,0,0,2,NA,3,2,0,"N","N",110
"DOLPHD-4329","M",18,"Local","SinglePass",10,0,1,0,0,0,1,1,0,0,1,NA,0,3,0,"N","N",85
"DOLPHD-4332","M",18,"Local","SinglePass",10,0,1,1,1,0,0,0,0,0,2,NA,4,1,0,"N","N",85
"DOLPHD-4335","M",13,"Local","SinglePass",10,0,1,1,0,0,0,0,1,0,1,NA,2,3,0,"N","N",110
"DOLPHD-4339","M",18,"Local","SinglePass",10,0,1,1,1,0,0,0,1,0,2,NA,2,2,0,"N","N",135
"DOLPHD-4340","M",15,"Local","SinglePass",10,0,1,0,0,0,0,0,1,0,1,NA,4,4,0,"N","Y",60
"DOLPHD-4341","M",14,"Local","MultiPass",10,0,0,0,0,1,0,0,0,0,3,NA,4,1,0,"N","N",110
"DOLPHD-4343","M",15,"Local","SinglePass",10,0,1,0,1,0,0,0,1,0,1,NA,4,3,0,"N","N",110
"DOLPHD-4346","M",19,"Local","SinglePass",10,0,1,0,0,0,0,0,0,0,3,NA,0,2,0,"N","N",60
"DOLPHD-4347","M",13,"Local","SinglePass",10,0,0,1,1,0,1,0,0,0,2,NA,4,2,0,"Y","Y",85
"DOLPHD-4350","M",19,"Local","SinglePass",10,0,1,0,1,0,1,0,1,0,3,NA,2,2,0,"N","N",110
"DOLPHD-4353","M",16,"Local","SinglePass",10,0,0,0,0,0,0,0,0,0,2,NA,0,1,0,"N","Y",35
"DOLPHD-4355","M",15,"Local","MultiPass",10,0,1,1,0,0,1,1,0,0,2,NA,3,1,0,"N","N",110
"DOLPHD-4356","M",17,"Local","SinglePass",10,0,0,0,0,0,0,0,1,0,3,NA,0,2,0,"Y","Y",35
"DOLPHD-4357","M",19,"Local","SinglePass",10,0,1,0,0,0,1,0,0,0,1,NA,0,4,0,"N","Y",85
"DOLPHD-4363","M",18,"Local","SinglePass",10,0,1,0,0,0,0,0,1,0,2,NA,0,1,0,"N","N",85
"DOLPHD-4365","M",17,"Local","MultiPass",10,0,0,0,0,0,0,0,0,0,1,NA,3,4,0,"N","N",110
"DOLPHD-4367","M",15,"Local","SinglePass",10,0,0,1,1,0,0,1,0,0,3,NA,4,2,0,"N","N",85
"DOLPHD-4368","M",13,"Local","SinglePass",10,0,1,0,1,0,0,0,1,0,1,NA,4,3,0,"N","N",85
"DOLPHD-4369","M",18,"Local","MultiPass",10,0,0,0,1,1,1,0,1,0,2,NA,2,1,0,"N","N",110
"DOLPHD-4373","M",15,"Local","MultiPass",10,0,0,0,1,1,0,1,1,0,1,NA,2,4,0,"Y","Y",110
"DOLPHD-4377","M",19,"Local","SinglePass",10,0,1,0,1,0,0,1,1,0,1,NA,2,3,0,"N","N",135
"DOLPHD-4386","M",15,"Local","MultiPass",10,0,0,0,1,0,1,1,1,0,1,NA,3,4,0,"Y","Y",110
"DOLPHD-4388","M",18,"Local","SinglePass",10,0,0,0,1,0,0,0,0,0,1,NA,0,4,0,"N","N",60
"DOLPHD-4389","M",18,"Local","SinglePass",10,0,0,1,1,0,0,0,0,0,3,NA,0,1,0,"Y","Y",60
"DOLPHD-4390","M",15,"Local","MultiPass",10,0,0,0,0,0,0,0,0,0,1,NA,0,4,0,"N","N",110
"DOLPHD-4395","M",16,"Local","SinglePass",10,0,1,0,1,0,1,0,0,0,1,NA,4,3,0,"N","N",85
"DOLPHD-4399","M",15,"Local","SinglePass",10,0,0,0,0,0,0,0,0,0,1,NA,4,4,0,"N","N",35
"DOLPHD-4401","M",18,"Local","MultiPass",10,0,0,1,0,1,0,0,0,0,3,NA,4,2,0,"N","N",110
"DOLPHD-4404","M",14,"Local","MultiPass",10,0,1,0,0,1,0,0,0,0,3,NA,2,2,0,"N","Y",110
"DOLPHD-4406","M",16,"Local","SinglePass",10,0,0,0,1,0,0,0,1,0,1,NA,0,3,0,"Y","Y",85
"DOLPHD-4407","M",13,"Local","MultiPass",10,0,0,1,1,1,0,0,1,0,2,NA,4,2,0,"N","N",110
"DOLPHD-4408","M",14,"Local","MultiPass",10,0,0,0,1,0,1,1,0,0,3,NA,0,2,0,"N","N",110
"DOLPHD-4410","M",18,"Local","SinglePass",10,0,1,0,1,0,0,1,0,0,3,NA,2,1,0,"N","N",85
"DOLPHD-4412","M",13,"Local","SinglePass",10,0,0,1,0,0,0,0,0,0,1,NA,4,3,0,"Y","Y",35
"DOLPHD-4423","M",17,"Local","SinglePass",10,0,0,0,1,0,0,0,1,0,2,NA,0,1,0,"N","Y",85
"DOLPHD-4424","M",15,"Local","SinglePass",10,0,1,0,1,0,0,1,1,0,3,NA,3,2,0,"N","N",135
"DOLPHD-4427","M",17,"Local","SinglePass",10,0,1,0,0,0,0,0,0,0,3,NA,0,2,0,"N","N",60
"DOLPHD-4429","M",15,"Local","MultiPass",10,0,1,1,0,0,0,1,1,0,1,NA,4,4,0,"N","N",110
"DOLPHD-4434","M",18,"Local","SinglePass",10,0,1,1,0,0,1,0,1,0,2,NA,4,2,0,"N","N",135
"DOLPHD-4437","M",15,"Local","SinglePass",10,0,1,0,0,0,0,1,0,0,3,NA,4,2,0,"Y","N",85
"DOLPHD-4439","M",14,"Local","MultiPass",10,0,0,0,0,0,1,1,1,0,1,NA,0,4,0,"N","Y",110
"DOLPHD-4441","M",17,"Local","SinglePass",10,0,1,0,0,0,1,0,1,0,1,NA,3,3,0,"N","N",85
"DOLPHD-4442","M",17,"Local","MultiPass",10,0,0,0,0,0,1,1,0,0,3,NA,0,2,0,"N","N",110
"DOLPHD-4444","M",16,"Local","SinglePass",10,0,1,0,0,0,0,1,0,0,1,NA,4,3,0,"N","N",60
"DOLPHD-4452","M",14,"Local","SinglePass",10,0,0,0,1,0,0,1,0,0,1,NA,3,4,0,"N","Y",85
"DOLPHD-4453","M",13,"Local","MultiPass",10,0,0,0,0,0,0,1,0,0,1,NA,4,3,0,"N","N",110
"DOLPHD-4455","M",15,"Local","SinglePass",10,0,0,1,0,0,1,1,0,0,1,NA,3,4,0,"N","N",110
"DOLPHD-4457","M",18,"Local","MultiPass",10,0,1,0,0,0,1,0,0,0,2,NA,2,2,0,"N","Y",110
"DOLPHD-4459","M",13,"Local","SinglePass",10,0,1,0,0,0,0,1,1,0,1,NA,0,3,0,"N","N",85
"DOLPHD-4465","M",14,"Local","SinglePass",10,0,0,1,0,0,0,0,0,0,3,NA,3,1,0,"N","N",60
"DOLPHD-4467","M",18,"Local","MultiPass",10,0,0,0,1,1,0,1,0,0,1,NA,4,3,0,"N","N",110
"DOLPHD-4468","M",15,"Local","SinglePass",10,0,0,0,0,0,1,0,1,0,1,NA,0,3,0,"N","N",85
"DOLPHD-4472","M",19,"Local","SinglePass",10,0,1,0,0,0,0,1,0,0,2,NA,0,1,0,"N","N",60
"DOLPHD-4474","M",18,"Local","MultiPass",10,0,0,0,1,0,0,0,0,0,3,NA,0,2,0,"N","Y",110
"DOLPHD-4475","M",15,"Local","SinglePass",10,0,1,0,0,0,0,0,0,0,2,NA,0,2,0,"Y","Y",60
"DOLPHD-4477","M",17,"Local","MultiPass",10,0,1,0,0,1,0,0,0,0,2,NA,0,2,0,"N","N",110
"DOLPHD-4478","M",14,"Local","MultiPass",10,0,1,0,0,1,0,1,0,0,1,NA,0,3,0,"N","N",110
"DOLPHD-4481","M",14,"Local","MultiPass",10,0,1,1,0,1,1,0,1,0,3,NA,3,1,0,"N","Y",110
"DOLPHD-4482","M",16,"Local","SinglePass",10,0,1,0,1,0,0,1,0,0,1,NA,4,4,0,"N","N",110
"DOLPHD-4484","M",16,"Local","MultiPass",10,0,0,1,0,0,0,1,0,0,2,NA,0,2,0,"N","N",110
"DOLPHD-4485","M",17,"Local","MultiPass",10,0,1,0,0,0,0,1,0,0,1,NA,2,3,0,"N","N",110
"DOLPHD-4486","M",17,"Local","SinglePass",10,0,1,1,1,0,0,0,0,0,3,NA,3,2,0,"N","Y",85
"DOLPHD-4490","M",14,"Local","SinglePass",10,0,1,1,1,0,0,1,1,0,3,NA,3,2,0,"N","N",160
"DOLPHD-4495","M",13,"Local","MultiPass",10,0,1,0,0,1,0,0,0,0,1,NA,0,4,0,"N","N",110
"DOLPHD-4503","M",15,"Local","SinglePass",10,0,0,0,0,0,0,1,1,0,2,NA,0,1,0,"N","N",85
"DOLPHD-4510","M",13,"Local","SinglePass",10,11,0,0,0,0,1,1,0,0,3,NA,0,2,0,"N","Y",96
"DOLPHD-4514","M",18,"Local","SinglePass",10,11,1,0,0,0,0,1,0,0,3,NA,0,1,0,"N","Y",96
"DOLPHD-4515","M",13,"Local","SinglePass",10,11,1,0,0,0,0,0,0,0,3,NA,2,1,0,"N","Y",46
"DOLPHD-4517","M",14,"Local","SinglePass",10,11,1,0,0,0,1,1,0,0,3,NA,2,1,0,"N","N",96
"DOLPHD-4518","M",18,"Local","SinglePass",10,11,0,1,0,0,0,0,0,0,3,NA,4,2,0,"N","N",71
"DOLPHD-4521","M",15,"Local","SinglePass",10,11,0,0,0,0,0,0,0,0,1,NA,2,4,0,"N","N",21
"DOLPHD-4523","M",15,"Local","MultiPass",10,11,0,1,1,1,0,1,1,0,1,NA,3,3,0,"N","N",121
"DOLPHD-4524","M",15,"Local","SinglePass",10,11,1,0,0,0,1,0,1,0,3,NA,0,1,0,"N","N",96
"DOLPHD-4526","M",16,"Local","MultiPass",10,11,1,0,0,1,0,1,0,0,1,NA,2,4,0,"N","N",121
"DOLPHD-4529","M",13,"Local","SinglePass",10,11,1,0,0,0,0,0,1,0,1,NA,2,4,0,"N","N",71
"DOLPHD-4530","M",18,"Local","MultiPass",10,11,0,1,1,1,0,1,0,0,1,NA,2,3,0,"N","N",121
"DOLPHD-4532","M",14,"Local","SinglePass",10,11,0,0,0,0,0,1,0,0,3,NA,0,2,0,"N","N",71
"DOLPHD-4534","M",19,"Local","MultiPass",10,11,1,0,0,1,1,0,1,0,1,NA,4,4,0,"N","Y",121
"DOLPHD-4535","M",16,"Local","SinglePass",10,11,1,0,0,0,0,0,0,0,2,NA,3,1,0,"N","N",71
"DOLPHD-4540","M",19,"Local","MultiPass",10,11,1,0,0,0,0,0,0,0,1,NA,0,4,0,"N","N",121
"DOLPHD-4542","M",17,"Local","SinglePass",10,11,1,0,0,0,1,0,0,0,2,NA,4,2,0,"N","N",96
"DOLPHD-4544","M",14,"Local","MultiPass",10,11,0,0,0,0,0,0,0,0,1,NA,2,4,0,"N","N",121
"DOLPHD-4545","M",14,"Local","SinglePass",10,11,0,0,1,0,0,1,0,0,3,NA,0,1,0,"N","Y",96
"DOLPHD-4548","M",15,"Local","MultiPass",10,11,0,0,0,1,0,1,0,0,2,NA,0,1,0,"N","N",121
"DOLPHD-4553","M",18,"Local","SinglePass",10,11,1,0,0,0,0,1,1,0,1,NA,2,4,0,"Y","Y",121
"DOLPHD-4557","M",18,"Local","SinglePass",10,11,0,1,1,0,0,0,0,0,3,NA,3,2,0,"N","N",96
"DOLPHD-4558","M",16,"Local","MultiPass",10,11,1,0,1,1,0,0,1,0,1,NA,3,3,0,"N","N",121
"DOLPHD-4560","M",15,"Local","SinglePass",10,11,1,0,0,0,0,1,1,0,1,NA,3,3,0,"N","Y",121
"DOLPHD-4565","M",19,"Local","MultiPass",10,11,0,0,0,0,1,0,0,0,1,NA,0,3,0,"N","N",121
"DOLPHD-4567","M",19,"Local","SinglePass",10,11,0,1,0,0,0,0,0,0,3,"FantasyCarousel",0,2,0,"N","N",71
"DOLPHD-4568","M",19,"Local","MultiPass",10,11,0,1,0,0,1,0,0,0,1,"FantasyCarousel",2,3,0,"N","N",121
"DOLPHD-4569","M",15,"Local","MultiPass",10,11,0,0,1,0,0,0,0,0,1,NA,2,3,0,"N","N",121
"DOLPHD-4571","M",18,"Local","SinglePass",10,11,0,0,0,0,0,1,1,0,1,NA,4,4,0,"N","N",96
"DOLPHD-4572","M",17,"Local","MultiPass",10,11,0,0,0,0,0,1,1,0,1,NA,2,3,0,"N","Y",121
"DOLPHD-4574","M",16,"Local","SinglePass",10,11,0,1,0,0,0,0,0,0,1,"FantasyCarousel",2,3,0,"N","N",71
"DOLPHD-4575","M",17,"Local","MultiPass",10,11,0,0,0,1,1,1,0,0,3,NA,2,2,0,"N","N",121
"DOLPHD-4577","M",14,"Local","SinglePass",10,11,0,1,1,0,0,1,0,0,3,"FantasyCarousel",2,1,0,"N","N",121
"DOLPHD-4579","M",18,"Local","MultiPass",10,11,1,0,0,1,0,1,0,0,1,NA,4,3,0,"N","Y",121
"DOLPHD-4581","M",19,"Local","SinglePass",10,11,1,0,0,0,1,0,0,0,1,NA,4,3,0,"Y","Y",96
"DOLPHD-4582","M",14,"Local","MultiPass",10,11,1,0,1,0,0,1,1,0,1,NA,2,3,0,"N","N",121
"DOLPHD-4584","M",16,"Local","SinglePass",10,11,0,0,0,0,0,0,0,0,2,NA,2,2,0,"N","Y",46
"DOLPHD-4585","M",14,"Local","SinglePass",10,11,0,0,1,0,1,0,1,0,1,NA,3,4,0,"N","N",121
"DOLPHD-4588","M",14,"Local","SinglePass",10,11,0,0,0,0,1,1,1,0,1,NA,2,3,0,"N","N",96
"DOLPHD-4592","M",17,"Local","SinglePass",10,11,0,0,0,0,0,1,1,0,1,NA,3,3,0,"N","N",96
"DOLPHD-4594","M",17,"Local","SinglePass",10,11,1,0,0,0,1,1,1,0,1,NA,3,4,0,"N","N",146
"DOLPHD-4595","M",15,"Local","SinglePass",10,11,1,0,0,0,0,0,1,0,1,NA,4,4,0,"N","N",96
"DOLPHD-4596","M",15,"Local","MultiPass",10,11,1,0,1,1,0,0,0,0,1,NA,4,3,0,"N","N",121
"DOLPHD-4597","M",15,"Local","MultiPass",10,11,1,0,0,1,0,0,1,0,1,NA,0,4,0,"Y","Y",121
"DOLPHD-4600","M",17,"Local","MultiPass",10,11,0,0,0,0,0,1,1,0,2,NA,3,1,0,"Y","Y",121
"DOLPHD-4601","M",14,"Local","SinglePass",10,11,0,0,0,0,0,1,0,0,3,NA,4,1,0,"N","Y",46
"DOLPHD-4603","M",18,"Local","MultiPass",10,11,1,1,1,0,0,1,0,0,2,NA,4,1,0,"N","N",121
"DOLPHD-4607","M",13,"Local","MultiPass",10,11,0,0,1,1,0,1,1,0,2,NA,2,1,0,"Y","Y",121
"DOLPHD-4610","M",17,"Local","MultiPass",10,11,0,1,0,1,0,1,0,0,3,"FantasyCarousel",2,1,0,"Y","Y",121
"DOLPHD-4617","M",14,"Local","MultiPass",10,11,1,0,0,1,0,0,0,0,3,NA,2,1,0,"Y","Y",121
"DOLPHD-4620","M",13,"Local","SinglePass",10,11,1,0,1,0,0,1,0,0,3,NA,2,1,0,"N","Y",121
"DOLPHD-4624","M",13,"Local","MultiPass",10,11,0,1,0,0,0,1,1,0,2,"FantasyCarousel",0,1,0,"N","Y",121
"DOLPHD-4625","M",16,"Local","MultiPass",10,11,1,0,1,0,0,1,0,0,2,NA,3,1,0,"Y","N",121
"DOLPHD-4626","M",13,"Local","SinglePass",10,11,1,1,0,0,1,0,1,0,1,NA,4,4,0,"N","Y",146
"DOLPHD-4627","M",17,"Local","SinglePass",10,11,0,1,1,0,0,0,0,0,2,"FantasyCarousel",0,1,0,"N","N",71
"DOLPHD-4628","M",15,"Local","MultiPass",10,11,1,0,0,1,0,1,0,0,3,NA,0,1,0,"Y","Y",121
"DOLPHD-4629","M",18,"Local","SinglePass",10,11,0,1,0,0,0,0,0,0,3,NA,0,1,0,"N","N",71
"DOLPHD-4633","M",13,"Local","SinglePass",10,11,1,0,0,0,0,1,0,0,1,NA,3,4,0,"N","N",71
"DOLPHD-4634","M",13,"Local","SinglePass",10,11,0,0,0,0,1,1,1,0,1,NA,4,3,0,"N","Y",121
"DOLPHD-4639","M",13,"Local","MultiPass",10,11,0,0,1,1,1,1,0,0,1,NA,2,3,0,"N","N",121
"DOLPHD-4640","M",18,"Local","SinglePass",10,11,1,0,1,0,0,1,0,0,3,NA,2,2,0,"N","N",121
"DOLPHD-4642","M",13,"Local","MultiPass",10,11,1,0,0,0,0,0,0,0,1,NA,2,4,0,"Y","Y",121
"DOLPHD-4644","M",13,"Local","SinglePass",10,11,0,1,0,0,0,0,1,0,2,"FantasyCarousel",0,1,0,"N","N",71
"DOLPHD-4649","M",13,"Local","MultiPass",10,11,0,1,0,0,0,1,0,0,3,NA,2,2,0,"Y","Y",121
"DOLPHD-4650","M",19,"Local","SinglePass",10,11,1,0,1,0,0,1,0,0,2,NA,2,2,0,"N","N",121
"DOLPHD-4656","M",16,"Local","MultiPass",10,11,0,1,1,1,0,0,0,0,1,"FantasyCarousel",2,4,0,"Y","Y",121
"DOLPHD-4660","M",14,"Local","MultiPass",10,11,0,0,0,0,0,1,0,0,1,NA,0,3,0,"N","N",121
"DOLPHD-4662","M",14,"Local","SinglePass",10,11,0,0,1,0,1,0,1,0,1,NA,0,4,0,"Y","Y",96
"DOLPHD-4664","M",19,"Local","SinglePass",10,11,1,1,1,0,1,0,0,0,1,NA,3,3,0,"N","N",121
"DOLPHD-4665","M",13,"Local","SinglePass",10,11,1,1,1,0,1,0,0,0,2,NA,2,1,0,"N","Y",121
"DOLPHD-4668","M",14,"Local","SinglePass",10,11,1,0,1,0,0,1,1,0,1,NA,4,4,0,"N","N",146
"DOLPHD-4671","M",14,"Local","SinglePass",10,11,0,0,1,0,0,1,1,0,2,NA,2,1,0,"N","N",121
"DOLPHD-4673","M",18,"Local","MultiPass",10,11,1,0,1,0,0,1,1,0,2,NA,2,2,0,"N","Y",121
"DOLPHD-4674","M",17,"Local","MultiPass",10,11,1,1,0,1,0,0,1,0,3,NA,2,1,0,"N","N",121
"DOLPHD-4676","M",13,"Local","SinglePass",10,11,1,0,0,0,0,1,0,0,1,NA,4,3,0,"N","N",71
"DOLPHD-4680","M",15,"Local","MultiPass",10,11,1,0,0,1,0,0,0,0,3,NA,3,1,0,"N","N",121
"DOLPHD-4682","M",17,"Local","SinglePass",10,11,1,0,1,0,0,0,0,0,1,NA,0,4,0,"N","Y",96
"DOLPHD-4685","M",18,"Local","SinglePass",10,11,0,0,1,0,1,1,0,0,1,NA,2,4,0,"N","N",121
"DOLPHD-4686","M",18,"Local","SinglePass",10,11,0,0,0,0,0,1,0,0,2,NA,0,1,0,"N","Y",46
"DOLPHD-4689","M",16,"Local","SinglePass",10,11,1,0,0,0,0,1,0,0,2,NA,2,2,0,"N","N",96
"DOLPHD-4690","M",16,"Local","SinglePass",10,11,1,0,0,0,0,1,1,0,3,NA,4,2,0,"N","N",121
"DOLPHD-4693","M",19,"Local","SinglePass",10,11,1,0,1,0,0,0,1,0,1,NA,2,4,0,"N","N",121
"DOLPHD-4698","M",19,"Local","MultiPass",10,11,1,0,1,0,1,1,1,0,3,NA,4,2,0,"N","N",121
"DOLPHD-4700","M",15,"Local","SinglePass",10,11,1,0,1,0,0,1,1,0,3,NA,4,2,0,"N","N",146
"DOLPHD-4701","M",15,"Local","MultiPass",10,11,0,0,0,1,1,0,1,0,1,NA,2,3,0,"N","N",121
"DOLPHD-4708","M",17,"Local","MultiPass",10,11,0,0,0,0,1,1,0,0,3,NA,2,2,0,"N","N",121
"DOLPHD-4710","M",17,"Local","SinglePass",10,11,0,0,0,0,1,1,0,0,2,NA,2,2,0,"Y","Y",96
"DOLPHD-4711","M",18,"Local","SinglePass",10,11,1,0,1,0,0,0,1,0,2,NA,3,1,0,"N","N",121
"DOLPHD-4714","M",16,"Local","SinglePass",10,11,1,0,0,0,0,0,0,0,2,NA,0,2,0,"N","Y",71
"DOLPHD-4717","M",17,"Local","SinglePass",10,11,1,1,0,0,1,0,0,0,1,NA,3,3,0,"N","N",121
"DOLPHD-4719","M",17,"Local","MultiPass",10,11,0,0,0,1,0,1,0,0,2,NA,3,1,0,"N","N",121
"DOLPHD-4720","M",14,"Local","SinglePass",10,11,0,0,1,0,0,0,0,0,2,NA,4,2,0,"N","N",71
"DOLPHD-4722","M",17,"Local","MultiPass",10,11,0,0,0,1,0,0,1,0,1,NA,0,4,0,"N","N",121
"DOLPHD-4724","M",17,"Local","SinglePass",10,11,0,0,0,0,0,1,0,0,2,NA,0,1,0,"N","N",46
"DOLPHD-4725","M",19,"Local","SinglePass",10,11,0,0,0,0,0,0,0,0,1,NA,4,3,0,"N","N",46
"DOLPHD-4726","M",15,"Local","MultiPass",10,11,1,0,0,1,1,1,1,0,1,NA,4,4,0,"N","N",121
"DOLPHD-4727","M",15,"Local","SinglePass",10,11,1,0,0,0,0,1,1,0,2,NA,0,2,0,"N","N",96
"DOLPHD-4729","M",17,"Local","MultiPass",10,11,0,1,0,1,0,0,0,0,3,NA,3,1,0,"N","N",121
"DOLPHD-4732","M",13,"Local","SinglePass",10,11,0,0,0,0,1,0,1,0,1,NA,0,4,0,"N","Y",71
"DOLPHD-4733","M",19,"Local","MultiPass",10,11,1,0,1,1,0,1,1,0,2,NA,2,2,0,"Y","Y",121
"DOLPHD-4735","M",17,"Local","SinglePass",10,11,0,0,1,0,0,1,0,0,1,NA,3,4,0,"N","N",71
"DOLPHD-4736","M",14,"Local","MultiPass",10,11,0,1,0,1,0,0,1,0,1,NA,0,3,0,"N","N",121
"DOLPHD-4739","M",25,"Local","SinglePass",5,16,0,0,0,0,1,1,0,0,1,NA,2,3,0,"Y","Y",96
"DOLPHD-4741","M",23,"Local","SinglePass",5,16,1,0,0,0,0,0,0,0,1,NA,3,4,0,"N","N",46
"DOLPHD-4744","M",23,"Local","MultiPass",5,16,1,0,1,1,0,0,0,0,3,NA,0,2,0,"N","N",121
"DOLPHD-4749","M",25,"Local","SinglePass",5,16,0,1,0,0,0,0,1,0,3,NA,0,2,0,"Y","Y",96
"DOLPHD-4750","M",22,"Local","MultiPass",5,16,0,0,0,0,0,1,0,0,3,NA,0,2,0,"N","Y",121
"DOLPHD-4751","M",21,"Local","MultiPass",5,16,0,0,1,1,0,1,0,0,1,NA,4,3,0,"N","N",121
"DOLPHD-4753","M",20,"Local","SinglePass",5,16,0,1,1,0,1,1,0,0,1,NA,2,4,0,"N","N",146
"DOLPHD-4754","M",24,"Local","MultiPass",5,16,0,0,1,1,1,0,0,0,3,NA,0,1,0,"N","N",121
"DOLPHD-4756","M",23,"Local","SinglePass",5,16,0,0,1,0,1,1,0,0,2,NA,3,1,0,"N","N",121
"DOLPHD-4757","M",25,"Local","MultiPass",5,16,0,0,1,1,1,1,1,0,1,NA,2,3,0,"N","N",121
"DOLPHD-4760","M",22,"Local","SinglePass",5,16,1,1,1,0,0,1,0,0,2,NA,3,2,0,"N","N",121
"DOLPHD-4764","M",20,"Local","MultiPass",5,16,1,0,0,0,0,1,0,0,1,NA,0,4,0,"N","N",121
"DOLPHD-4768","M",23,"Local","MultiPass",5,16,1,0,0,0,0,0,1,0,1,NA,4,3,0,"N","N",121
"DOLPHD-4772","M",20,"Local","MultiPass",5,16,0,0,1,0,0,1,1,0,3,NA,0,1,0,"N","N",121
"DOLPHD-4776","M",25,"Local","SinglePass",5,16,1,1,0,0,1,0,0,0,3,NA,2,1,0,"N","N",96
"DOLPHD-4777","M",22,"Local","SinglePass",5,16,1,0,1,0,1,1,1,0,3,NA,3,2,0,"N","N",171
"DOLPHD-4779","M",23,"Local","MultiPass",5,16,0,0,0,1,0,1,1,0,1,NA,4,3,0,"Y","Y",121
"DOLPHD-4781","M",22,"Local","SinglePass",5,16,1,0,1,0,0,0,1,0,1,NA,3,3,0,"N","N",121
"DOLPHD-4782","M",22,"Local","MultiPass",5,16,1,1,0,1,1,1,0,0,1,NA,4,4,0,"N","N",121
"DOLPHD-4784","M",20,"Local","SinglePass",5,16,0,0,1,0,0,1,0,0,1,NA,4,3,0,"N","N",71
"DOLPHD-4787","M",24,"Local","SinglePass",5,16,0,0,1,0,0,1,0,0,1,NA,3,3,0,"Y","Y",96
"DOLPHD-4788","M",23,"Local","SinglePass",5,16,1,0,0,0,0,1,0,0,1,NA,0,4,0,"N","N",96
"DOLPHD-4790","M",24,"Local","SinglePass",5,16,1,0,0,0,0,1,1,0,1,NA,0,4,0,"N","N",96
"DOLPHD-4791","M",24,"Local","SinglePass",5,16,1,0,1,0,0,0,0,0,1,NA,4,3,0,"N","N",96
"DOLPHD-4793","M",21,"Local","MultiPass",5,16,1,0,0,0,0,1,0,0,1,NA,0,4,0,"Y","Y",121
"DOLPHD-4800","M",22,"Local","MultiPass",5,16,1,0,0,0,0,1,0,0,3,NA,3,2,0,"N","Y",121
"DOLPHD-4801","M",22,"Local","SinglePass",5,16,1,0,1,0,0,0,0,0,1,NA,4,3,0,"Y","Y",96
"DOLPHD-4803","M",21,"Local","MultiPass",5,16,1,0,0,1,0,1,1,0,2,NA,3,1,0,"N","N",121
"DOLPHD-4805","M",25,"Local","SinglePass",5,16,1,1,0,0,0,0,0,0,1,NA,0,3,0,"N","N",96
"DOLPHD-4807","M",20,"Local","MultiPass",5,16,1,0,0,1,0,0,0,0,1,NA,4,3,0,"Y","Y",121
"DOLPHD-4808","M",25,"Local","SinglePass",5,16,0,0,0,0,0,0,1,0,1,NA,0,3,0,"N","N",71
"DOLPHD-4810","M",23,"Local","MultiPass",5,16,0,0,1,1,1,0,1,0,3,NA,2,1,0,"N","N",121
"DOLPHD-4811","M",23,"Local","SinglePass",5,16,1,0,1,0,0,1,1,0,2,NA,3,2,0,"N","N",146
"DOLPHD-4814","M",24,"Local","MultiPass",5,16,1,0,0,0,0,1,0,0,3,NA,0,2,0,"N","N",121
"DOLPHD-4818","M",22,"Local","SinglePass",5,16,0,1,0,0,1,1,0,0,3,NA,3,2,0,"N","N",121
"DOLPHD-4820","M",21,"Local","MultiPass",5,16,1,1,0,0,0,1,1,0,1,NA,2,4,0,"N","Y",121
"DOLPHD-4823","M",25,"Local","SinglePass",5,16,0,1,0,0,1,0,1,0,1,NA,0,4,0,"N","Y",96
"DOLPHD-4825","M",21,"Local","SinglePass",5,16,1,0,0,0,0,0,1,0,1,NA,4,4,0,"Y","Y",71
"DOLPHD-4827","M",23,"Local","MultiPass",5,16,1,0,1,1,0,1,0,0,2,NA,3,1,0,"N","N",121
"DOLPHD-4829","M",22,"Local","SinglePass",5,16,0,0,0,0,1,1,0,0,3,NA,0,2,0,"N","N",96
"DOLPHD-4834","M",20,"Local","MultiPass",5,16,0,0,0,1,1,0,0,0,3,NA,0,2,0,"N","Y",121
"DOLPHD-4835","M",22,"Local","MultiPass",5,16,1,0,1,1,0,1,1,0,2,NA,4,1,0,"N","N",121
"DOLPHD-4839","M",21,"Local","SinglePass",5,16,0,0,0,0,0,1,0,0,1,NA,0,4,0,"Y","Y",71
"DOLPHD-4840","M",21,"Local","SinglePass",5,16,1,0,0,0,0,0,0,0,2,NA,0,1,0,"N","N",71
"DOLPHD-4841","M",25,"Local","MultiPass",5,16,0,0,0,0,0,1,0,0,1,NA,0,3,0,"N","N",121
"DOLPHD-4842","M",24,"Local","MultiPass",5,16,1,0,0,1,0,0,0,0,1,NA,2,3,0,"Y","Y",121
"DOLPHD-4844","M",21,"Local","SinglePass",5,16,1,0,1,0,1,1,0,0,3,NA,3,1,0,"N","N",146
"DOLPHD-4845","M",24,"Local","MultiPass",5,16,0,0,0,1,0,1,0,0,1,NA,4,4,0,"Y","Y",121
"DOLPHD-4850","M",24,"Local","SinglePass",5,16,1,1,1,0,0,0,0,0,1,NA,4,4,0,"N","Y",121
"DOLPHD-4851","M",21,"Local","SinglePass",5,16,0,0,1,0,0,0,0,0,1,NA,3,4,0,"N","N",46
"DOLPHD-4852","M",21,"Local","MultiPass",5,16,1,0,0,0,0,1,0,0,3,NA,0,1,0,"N","Y",121
"DOLPHD-4853","M",20,"Local","SinglePass",5,16,1,0,1,0,0,0,0,0,2,NA,0,1,0,"N","N",71
"DOLPHD-4855","M",24,"Local","MultiPass",5,16,1,0,0,0,0,0,0,0,1,NA,0,3,0,"N","N",121
"DOLPHD-4866","M",24,"Local","MultiPass",5,16,1,1,0,1,1,0,1,0,3,NA,4,1,0,"Y","Y",121
"DOLPHD-4868","M",23,"Local","SinglePass",5,16,1,1,0,0,0,1,0,0,2,NA,0,1,0,"N","N",96
"DOLPHD-4869","M",21,"Local","MultiPass",5,16,1,0,0,1,0,1,1,0,3,NA,3,2,0,"N","N",121
"DOLPHD-4874","M",20,"Local","SinglePass",5,16,1,0,1,0,0,0,0,0,2,NA,2,1,0,"Y","Y",71
"DOLPHD-4876","M",23,"Local","MultiPass",5,16,1,0,0,0,0,1,1,0,3,NA,2,2,0,"N","N",121
"DOLPHD-4877","M",21,"Local","MultiPass",5,16,1,0,0,1,0,0,0,0,3,NA,2,2,0,"N","N",121
"DOLPHD-4878","M",22,"Local","SinglePass",5,16,1,1,0,0,0,1,0,0,1,NA,2,3,0,"N","N",121
"DOLPHD-4880","M",23,"Local","MultiPass",5,16,1,0,1,1,0,0,0,0,1,NA,0,4,0,"N","N",121
"DOLPHD-4884","M",24,"Local","MultiPass",5,16,1,0,1,1,0,1,0,0,1,NA,3,3,0,"N","N",121
"DOLPHD-4886","M",25,"Local","SinglePass",5,16,1,0,1,0,0,0,1,0,2,NA,0,2,0,"N","N",96
"DOLPHD-4888","M",21,"Local","SinglePass",5,16,0,1,0,0,0,1,0,0,3,NA,0,1,0,"N","N",96
"DOLPHD-4889","M",23,"Local","SinglePass",5,16,0,0,0,0,1,1,1,0,3,NA,4,2,0,"N","N",121
"DOLPHD-4891","M",20,"Local","MultiPass",5,16,1,0,0,0,0,0,0,0,3,NA,0,2,0,"N","N",121
"DOLPHD-4894","M",23,"Local","MultiPass",5,16,1,0,0,0,0,0,0,0,1,NA,3,4,0,"N","N",121
"DOLPHD-4898","M",21,"Local","MultiPass",5,16,1,0,1,1,0,1,0,0,1,NA,3,3,0,"N","N",121
"DOLPHD-4902","M",20,"Local","SinglePass",5,16,0,0,0,0,0,0,0,0,1,NA,2,3,0,"N","N",46
"DOLPHD-4905","M",24,"Local","MultiPass",5,16,1,1,1,0,0,0,1,0,2,NA,4,1,0,"N","N",121
"DOLPHD-4906","M",21,"Local","SinglePass",5,16,1,0,1,0,1,0,1,0,3,NA,2,1,0,"Y","Y",146
"DOLPHD-4907","M",25,"Local","SinglePass",5,16,0,0,0,0,0,1,0,0,2,NA,0,1,0,"N","Y",71
"DOLPHD-4908","M",21,"Local","MultiPass",5,16,0,0,0,0,1,0,0,0,2,NA,2,2,0,"N","N",121
"DOLPHD-4909","M",24,"Local","SinglePass",5,16,1,0,0,0,0,1,0,0,1,NA,2,3,0,"N","N",71
"DOLPHD-4910","M",24,"Local","SinglePass",5,16,1,0,1,0,0,1,0,0,3,NA,4,2,0,"N","N",96
"DOLPHD-4911","M",21,"Local","MultiPass",5,16,0,1,0,1,0,1,1,0,1,NA,2,3,0,"N","Y",121
"DOLPHD-4915","M",20,"Local","MultiPass",5,16,1,0,1,1,0,0,0,0,1,NA,2,3,0,"Y","N",121
"DOLPHD-4918","M",21,"Local","MultiPass",5,16,1,0,0,0,0,1,0,0,1,NA,0,3,0,"N","N",121
"DOLPHD-4920","M",20,"Local","SinglePass",5,16,1,0,0,0,1,1,0,0,1,NA,3,4,0,"N","N",121
"DOLPHD-4922","M",23,"Local","MultiPass",5,16,1,0,0,1,0,1,0,0,2,NA,4,1,0,"N","N",121
"DOLPHD-4927","M",21,"Local","SinglePass",5,16,1,1,0,0,0,0,0,0,2,NA,2,2,0,"N","Y",96
"DOLPHD-4928","M",23,"Local","SinglePass",5,16,0,1,1,0,0,0,0,0,1,NA,4,3,0,"N","N",71
"DOLPHD-4934","M",23,"Local","SinglePass",5,16,0,0,0,0,0,0,0,0,3,NA,2,1,0,"N","N",46
"DOLPHD-4937","M",20,"Local","SinglePass",5,16,1,0,0,0,0,0,0,0,3,NA,0,2,0,"N","N",71
"DOLPHD-4941","M",24,"Local","SinglePass",5,16,1,0,0,0,0,0,1,0,1,NA,0,3,0,"N","N",71
"DOLPHD-4943","M",22,"Local","MultiPass",5,16,1,0,0,1,0,1,1,0,1,NA,2,4,0,"N","N",121
"DOLPHD-4950","M",25,"Local","MultiPass",5,16,0,0,0,1,1,0,0,0,1,NA,3,4,0,"N","N",121
"DOLPHD-4952","M",23,"Local","SinglePass",5,16,0,0,0,0,0,0,0,0,1,NA,2,4,0,"N","N",21
"DOLPHD-4953","M",24,"Local","MultiPass",5,16,0,0,1,1,0,1,0,0,2,NA,0,1,0,"N","N",121
"DOLPHD-4954","M",21,"Local","MultiPass",5,16,1,0,1,0,0,0,0,0,3,NA,0,1,0,"N","Y",121
"DOLPHD-4955","M",22,"Local","SinglePass",5,16,0,0,1,0,0,0,1,0,2,NA,0,1,0,"N","N",71
"DOLPHD-4958","M",20,"Local","SinglePass",5,16,0,0,0,0,0,0,0,0,1,NA,2,3,0,"N","N",46
"DOLPHD-4961","M",23,"Local","MultiPass",5,16,0,0,0,1,0,1,0,0,1,NA,3,4,0,"N","N",121
"DOLPHD-4962","M",20,"Local","SinglePass",5,16,1,0,0,0,1,1,0,0,2,NA,4,1,0,"N","N",96
"DOLPHD-4965","M",23,"Local","SinglePass",5,16,1,0,1,0,0,1,0,0,1,NA,2,4,0,"N","N",121
"DOLPHD-4966","M",25,"Local","SinglePass",5,16,1,0,1,0,0,0,0,0,1,NA,2,4,0,"N","N",71
"DOLPHD-4968","M",25,"Local","MultiPass",5,16,1,1,0,0,0,0,0,0,2,NA,4,1,0,"N","N",121
"DOLPHD-4970","M",25,"Local","SinglePass",5,16,0,1,0,0,1,1,0,0,3,NA,2,1,0,"N","N",121
"DOLPHD-4974","M",21,"Local","MultiPass",5,16,1,0,0,1,1,0,0,0,3,NA,2,1,0,"N","Y",121
"DOLPHD-4979","M",22,"Local","SinglePass",5,16,1,0,1,0,0,1,0,0,1,NA,3,4,0,"N","N",96
"DOLPHD-4981","M",20,"Local","MultiPass",5,16,1,0,0,1,0,0,1,0,3,NA,3,1,0,"N","N",121
"DOLPHD-4982","M",21,"Local","MultiPass",5,16,1,1,1,0,0,1,0,0,1,NA,2,3,0,"N","N",121
"DOLPHD-4985","M",23,"Local","MultiPass",5,16,1,0,1,1,1,0,1,0,1,NA,3,3,0,"N","N",121
"DOLPHD-4990","M",25,"Local","SinglePass",5,16,0,0,0,0,0,1,0,0,2,NA,3,1,0,"N","N",46
"DOLPHD-4993","M",25,"Local","SinglePass",5,16,0,0,0,0,0,1,0,0,2,NA,0,2,0,"N","N",46
"DOLPHD-4994","M",25,"Local","SinglePass",5,16,1,1,0,0,0,1,1,0,3,NA,4,1,0,"N","N",146
"DOLPHD-4996","M",25,"Local","MultiPass",5,16,0,0,0,0,0,0,0,0,2,NA,4,1,0,"N","N",121
"DOLPHD-4998","M",22,"Local","SinglePass",5,16,0,0,0,0,0,0,0,0,1,NA,2,4,0,"N","N",21
"DOLPHD-4999","M",25,"Local","MultiPass",5,16,1,0,1,0,1,0,1,0,2,NA,4,2,0,"N","N",121
"DOLPHD-5000","M",23,"Local","SinglePass",5,16,1,0,0,0,0,0,1,0,2,NA,2,1,0,"N","N",71
"DOLPHD-5002","M",22,"Local","MultiPass",5,16,0,0,0,0,0,0,0,0,2,NA,3,1,0,"N","Y",121
"DOLPHD-5004","M",20,"Local","SinglePass",5,16,1,0,0,0,0,0,0,0,3,NA,3,2,0,"Y","Y",71
"DOLPHD-5007","M",24,"Local","SinglePass",5,16,1,0,1,0,0,0,0,0,2,NA,0,2,0,"N","N",96
"DOLPHD-5008","M",22,"Local","SinglePass",5,16,0,0,1,0,0,0,1,0,1,NA,4,4,0,"N","Y",96
"DOLPHD-5010","M",24,"Local","MultiPass",5,16,1,1,1,1,1,1,1,0,1,NA,2,3,0,"N","Y",121
"DOLPHD-5012","M",24,"Local","SinglePass",5,16,1,0,1,0,0,0,1,0,1,NA,2,4,0,"N","N",121
"DOLPHD-5013","M",21,"Local","MultiPass",5,16,0,0,0,1,0,1,0,0,3,NA,3,1,0,"N","N",121
"DOLPHD-5015","M",20,"Local","SinglePass",5,16,0,0,1,0,0,1,0,0,1,NA,2,4,0,"N","N",96
"DOLPHD-5016","M",23,"Local","MultiPass",5,16,1,1,1,0,0,1,0,0,1,NA,2,4,0,"Y","Y",121
"DOLPHD-5017","M",20,"Local","MultiPass",5,16,1,0,1,0,0,1,0,0,1,NA,0,4,0,"N","N",121
"DOLPHD-5019","M",23,"Local","SinglePass",5,16,0,0,0,0,0,1,1,0,1,NA,0,4,0,"N","N",71
"DOLPHD-5022","M",24,"Local","SinglePass",5,16,0,0,1,0,0,1,1,0,2,NA,3,1,0,"N","N",121
"DOLPHD-5023","M",23,"Local","MultiPass",5,16,1,1,0,1,1,0,1,0,1,NA,4,4,0,"N","N",121
"DOLPHD-5024","M",22,"Local","MultiPass",5,16,0,0,1,0,0,1,0,0,1,NA,3,3,0,"N","N",121
"DOLPHD-5025","M",25,"Local","SinglePass",5,16,1,0,0,0,1,0,1,0,3,NA,2,1,0,"N","Y",96
"DOLPHD-5027","M",20,"Local","MultiPass",5,16,0,0,1,0,1,1,0,0,3,NA,0,1,0,"N","N",121
"DOLPHD-5028","M",25,"Local","SinglePass",5,16,0,0,0,0,0,0,1,0,2,NA,3,1,0,"N","N",46
"DOLPHD-5030","M",23,"Local","MultiPass",5,16,1,0,0,0,0,1,1,0,1,NA,4,4,0,"N","Y",121
"DOLPHD-5035","M",23,"Local","SinglePass",5,16,0,0,0,0,0,1,0,0,1,NA,2,4,0,"Y","N",71
"DOLPHD-5036","M",23,"Local","SinglePass",5,16,0,0,0,0,1,0,1,0,2,NA,4,2,0,"N","N",71
"DOLPHD-5037","M",23,"Local","MultiPass",5,16,1,1,1,0,0,1,0,0,2,NA,2,1,0,"N","Y",121
"DOLPHD-5040","M",20,"Local","SinglePass",5,16,0,0,1,0,0,1,0,0,1,NA,3,4,0,"N","N",96
"DOLPHD-5041","M",23,"Local","MultiPass",5,16,1,0,0,1,0,0,0,0,1,NA,4,4,0,"N","N",121
"DOLPHD-5044","M",23,"Local","MultiPass",5,16,1,0,0,1,0,0,0,0,1,NA,3,3,0,"N","N",121
"DOLPHD-5048","M",25,"Local","MultiPass",5,16,1,0,0,1,0,0,0,0,2,NA,0,1,0,"N","N",121
"DOLPHD-5049","M",22,"Local","SinglePass",5,16,0,0,0,0,0,1,1,0,1,NA,4,3,0,"N","N",71
"DOLPHD-5052","M",23,"Local","MultiPass",5,16,0,0,1,1,0,0,0,0,1,NA,0,3,0,"N","N",121
"DOLPHD-5053","M",21,"Local","SinglePass",5,16,0,0,1,0,1,0,0,0,2,NA,0,1,0,"N","N",71
"DOLPHD-5055","M",25,"Local","MultiPass",5,16,1,1,1,1,1,0,0,0,1,NA,3,4,0,"N","N",121
"DOLPHD-5057","M",22,"Local","SinglePass",5,16,0,0,0,0,0,1,1,0,2,NA,0,2,0,"N","N",71
"DOLPHD-5059","M",23,"Local","MultiPass",5,16,1,0,1,0,0,0,0,0,3,NA,2,1,0,"N","Y",121
"DOLPHD-5061","M",21,"Local","SinglePass",5,16,0,0,0,0,1,0,1,0,1,NA,4,3,0,"N","Y",96
"DOLPHD-5063","M",21,"Local","SinglePass",5,16,1,1,0,0,0,1,0,0,2,NA,4,1,0,"N","N",121
"DOLPHD-5064","M",20,"Local","SinglePass",5,16,1,0,0,0,0,0,0,0,3,NA,0,2,0,"Y","Y",46
"DOLPHD-5065","M",20,"Local","MultiPass",5,16,0,1,1,0,0,1,1,0,3,NA,4,2,0,"Y","N",121
"DOLPHD-5066","M",25,"Local","MultiPass",5,16,1,1,0,0,0,1,1,0,3,NA,2,2,0,"Y","Y",121
"DOLPHD-5068","M",23,"Local","SinglePass",5,16,0,0,0,0,0,0,0,0,3,NA,0,1,0,"N","N",46
"DOLPHD-5075","M",23,"Local","SinglePass",5,16,1,0,0,0,0,1,0,0,1,NA,3,4,0,"N","N",96
"DOLPHD-5077","M",22,"Local","SinglePass",5,16,0,1,0,0,1,1,0,0,2,NA,3,1,0,"N","N",96
"DOLPHD-5078","M",20,"Local","SinglePass",5,16,0,0,0,0,1,0,0,0,3,NA,3,1,0,"N","N",46
"DOLPHD-5079","M",24,"Local","MultiPass",5,16,1,1,0,1,0,0,0,0,3,NA,2,2,0,"N","N",121
"DOLPHD-5081","M",21,"Local","SinglePass",5,16,0,0,0,0,0,1,0,0,1,NA,0,4,0,"N","Y",46
"DOLPHD-5085","M",24,"Local","SinglePass",5,16,1,0,0,0,1,1,0,0,1,NA,3,3,0,"N","N",96
"DOLPHD-5087","M",22,"Local","MultiPass",5,16,1,0,0,1,0,1,0,0,3,NA,0,2,0,"Y","Y",121
"DOLPHD-5088","M",23,"Local","SinglePass",5,16,1,0,1,0,0,0,1,0,1,NA,2,3,0,"N","N",121
"DOLPHD-5089","M",20,"Local","SinglePass",5,16,1,0,0,0,1,1,1,0,3,NA,3,2,0,"N","N",121
"DOLPHD-5090","M",22,"Local","MultiPass",5,16,1,0,0,1,1,0,0,0,1,NA,0,3,0,"N","N",121
"DOLPHD-5092","M",25,"Local","SinglePass",5,16,0,0,0,0,0,0,0,0,1,NA,3,3,0,"N","N",21
"DOLPHD-5093","M",24,"Local","MultiPass",5,16,1,0,0,0,1,1,1,0,3,NA,3,1,0,"N","Y",121
"DOLPHD-5095","M",22,"Local","SinglePass",5,16,1,0,0,0,0,1,1,0,1,NA,2,3,0,"Y","Y",96
"DOLPHD-5097","M",22,"Local","MultiPass",5,16,0,0,0,1,1,0,0,0,3,NA,4,2,0,"N","Y",121
"DOLPHD-5098","M",23,"Local","SinglePass",5,16,1,0,0,0,1,1,0,0,2,NA,2,2,0,"N","N",121
"DOLPHD-5104","M",21,"Local","MultiPass",5,16,0,0,0,0,1,1,0,0,3,NA,2,2,0,"Y","Y",121
"DOLPHD-5105","M",20,"Local","SinglePass",5,16,1,0,0,0,0,1,0,0,3,NA,4,1,0,"N","Y",71
"DOLPHD-5112","M",20,"Local","SinglePass",5,16,0,1,1,0,0,1,0,0,2,NA,4,2,0,"N","Y",121
"DOLPHD-5113","M",22,"Local","SinglePass",5,16,1,0,0,0,0,1,0,0,2,NA,4,1,0,"N","N",71
"DOLPHD-5115","M",25,"Local","MultiPass",5,16,1,0,0,1,1,1,0,0,2,NA,2,1,0,"N","N",121
"DOLPHD-5116","M",25,"Local","SinglePass",5,16,0,0,0,0,0,1,0,0,3,NA,0,2,0,"N","N",71
"DOLPHD-5118","M",20,"Local","MultiPass",5,16,0,0,1,0,0,1,0,0,3,NA,2,1,0,"N","N",121
"DOLPHD-5119","M",25,"Local","SinglePass",5,16,1,1,1,0,0,1,1,0,1,NA,3,4,0,"N","Y",171
"DOLPHD-5121","M",25,"Local","MultiPass",5,16,0,1,0,0,0,1,1,0,1,NA,0,3,0,"N","N",121
"DOLPHD-5122","M",25,"Local","MultiPass",5,16,0,0,0,1,0,1,1,0,1,NA,4,4,0,"N","N",121
"DOLPHD-5123","M",23,"Local","SinglePass",5,16,1,0,1,0,0,0,1,0,1,NA,0,3,0,"N","N",96
"DOLPHD-5124","M",23,"Local","SinglePass",5,16,1,0,1,0,0,0,0,0,2,NA,2,2,0,"N","N",71
"DOLPHD-5126","M",20,"Local","SinglePass",5,16,0,0,0,0,0,0,0,0,3,NA,3,2,0,"N","N",21
"DOLPHD-5128","M",21,"Local","MultiPass",5,16,0,1,1,0,0,1,0,0,3,NA,2,2,0,"N","Y",121
"DOLPHD-5131","M",22,"Local","SinglePass",5,16,1,0,0,0,1,1,1,0,2,NA,2,2,0,"N","N",121
"DOLPHD-5134","M",24,"Local","SinglePass",5,16,0,0,0,0,0,0,1,0,3,NA,0,2,0,"N","Y",46
"DOLPHD-5135","M",22,"Local","MultiPass",5,16,0,1,0,0,0,1,1,0,2,NA,0,1,0,"N","N",121
"DOLPHD-5136","M",21,"Local","MultiPass",5,16,1,0,0,1,0,0,1,0,2,NA,0,1,0,"N","N",121
"DOLPHD-5137","M",20,"Local","SinglePass",5,16,0,0,0,0,1,1,0,0,3,NA,2,1,0,"Y","Y",71
"DOLPHD-5139","M",24,"Local","MultiPass",5,16,1,1,1,1,0,1,0,0,3,NA,3,2,0,"N","N",121
"DOLPHD-5140","M",23,"Local","SinglePass",5,16,0,0,0,0,1,1,0,0,3,NA,2,1,0,"N","N",96
"DOLPHD-5141","M",24,"Local","SinglePass",5,16,1,0,0,0,0,1,1,0,1,NA,0,3,0,"N","N",96
"DOLPHD-5142","M",20,"Local","MultiPass",5,16,0,1,0,0,1,0,0,0,3,NA,0,2,0,"N","N",121
"DOLPHD-5143","M",23,"Local","MultiPass",5,16,1,0,0,1,0,1,0,0,3,NA,2,2,0,"N","Y",121
"DOLPHD-5150","M",20,"Local","MultiPass",5,16,0,0,0,1,0,0,0,0,2,NA,0,2,0,"N","N",121
"DOLPHD-5152","M",21,"Local","SinglePass",5,16,1,0,0,0,0,0,0,0,1,NA,4,3,0,"N","N",71
"DOLPHD-5155","M",22,"Local","SinglePass",5,16,1,0,1,0,1,1,0,0,1,NA,2,4,0,"N","N",121
"DOLPHD-5156","M",20,"Local","MultiPass",5,16,0,0,0,1,1,0,0,0,1,NA,2,4,0,"Y","Y",121
"DOLPHD-5161","M",21,"Local","SinglePass",5,16,1,0,0,0,1,0,0,0,1,NA,4,4,0,"N","Y",71
"DOLPHD-5164","M",20,"Local","MultiPass",5,16,0,0,1,1,1,0,1,0,3,NA,4,1,0,"N","N",121
"DOLPHD-5165","M",24,"Local","SinglePass",5,16,1,0,0,0,0,0,0,0,3,NA,0,1,0,"N","N",71
"DOLPHD-5170","M",20,"Local","MultiPass",5,16,1,0,1,1,0,1,0,0,3,NA,4,1,0,"N","N",121
"DOLPHD-5175","M",21,"Local","SinglePass",5,16,1,1,1,0,0,1,1,0,1,NA,2,4,0,"Y","Y",146
"DOLPHD-5177","M",25,"Local","MultiPass",5,16,1,0,1,0,0,0,1,0,3,NA,0,1,0,"N","N",121
"DOLPHD-5178","M",23,"Local","MultiPass",5,16,0,1,1,0,0,1,0,0,3,NA,0,1,0,"N","N",121
"DOLPHD-5179","M",24,"Local","SinglePass",5,16,1,0,0,0,0,1,0,0,2,NA,4,2,0,"N","N",96
"DOLPHD-5181","M",21,"Local","MultiPass",5,16,0,1,1,0,0,0,0,0,3,NA,0,2,0,"N","N",121
"DOLPHD-5182","M",23,"Local","SinglePass",5,16,1,0,1,0,0,1,0,0,1,NA,4,4,0,"Y","Y",96
"DOLPHD-5186","M",21,"Local","SinglePass",5,16,0,1,0,0,1,0,0,0,2,NA,0,1,0,"N","N",71
"DOLPHD-5189","M",20,"Local","SinglePass",5,16,0,1,1,0,0,1,1,0,1,NA,2,4,0,"N","N",121
"DOLPHD-5190","M",25,"Local","SinglePass",5,16,0,0,0,0,1,0,0,0,2,NA,0,2,0,"N","N",46
"DOLPHD-5192","M",25,"Local","MultiPass",5,16,1,0,0,1,1,1,0,0,3,NA,2,1,0,"N","Y",121
"DOLPHD-5193","M",25,"Local","SinglePass",5,16,0,0,1,0,1,0,0,0,3,NA,0,2,0,"N","N",71
"DOLPHD-5194","M",20,"Local","SinglePass",5,16,1,0,0,0,0,0,0,0,3,NA,3,2,0,"N","N",71
"DOLPHD-5195","M",23,"Local","MultiPass",5,16,0,0,1,0,0,1,0,0,1,NA,2,3,0,"N","Y",121
"DOLPHD-5197","M",20,"Local","SinglePass",5,16,0,0,0,0,0,1,0,0,1,NA,4,3,0,"N","N",71
"DOLPHD-5199","M",24,"Local","MultiPass",5,16,0,1,1,1,1,0,0,0,1,NA,2,3,0,"N","N",121
"DOLPHD-5201","M",25,"Local","SinglePass",5,16,1,0,1,0,0,1,1,0,2,NA,2,1,0,"N","N",146
"DOLPHD-5209","M",20,"Local","MultiPass",5,16,0,0,0,1,0,1,1,0,2,NA,0,1,0,"Y","N",121
"DOLPHD-5210","M",21,"Local","SinglePass",5,16,0,0,0,0,0,0,0,0,3,NA,2,2,0,"N","N",46
"DOLPHD-5216","M",24,"Local","MultiPass",5,16,0,1,0,0,0,0,1,0,1,NA,0,4,0,"N","Y",121
"DOLPHD-5219","M",22,"Local","MultiPass",5,16,0,0,1,0,0,1,0,0,2,NA,2,1,0,"N","N",121
"DOLPHD-5221","M",23,"Overseas","SinglePass",5,16,1,1,0,0,1,0,0,0,3,NA,0,2,0,"N","N",96
"DOLPHD-5223","M",21,"Local","MultiPass",5,16,0,1,0,0,0,1,0,0,3,NA,0,1,0,"N","N",121
"DOLPHD-5226","M",25,"Local","MultiPass",5,16,1,0,0,1,0,0,0,0,3,NA,2,2,0,"N","N",121
"DOLPHD-5228","M",25,"Overseas","SinglePass",5,16,0,0,0,0,1,0,1,0,3,NA,0,1,0,"N","N",96
"DOLPHD-5229","M",23,"Local","SinglePass",5,16,1,0,1,0,0,1,0,0,2,NA,2,2,0,"N","N",121
"DOLPHD-5230","M",24,"Local","MultiPass",5,16,0,0,0,1,0,0,1,0,2,NA,3,2,0,"N","Y",121
"DOLPHD-5231","M",24,"Overseas","SinglePass",5,16,0,0,0,0,1,1,1,0,3,NA,4,2,0,"N","N",121
"DOLPHD-5232","M",23,"Overseas","SinglePass",5,16,0,0,0,0,0,1,0,0,1,NA,2,3,0,"N","N",71
"DOLPHD-5233","M",20,"Overseas","MultiPass",5,16,1,0,0,1,0,0,1,0,3,NA,0,1,0,"N","N",121
"DOLPHD-5236","M",20,"Local","SinglePass",5,16,0,0,0,0,0,0,1,0,1,NA,0,3,0,"N","N",71
"DOLPHD-5237","M",24,"Local","MultiPass",5,16,0,0,0,0,0,0,0,0,2,NA,3,2,0,"N","N",121
"DOLPHD-5240","M",24,"Overseas","MultiPass",5,16,0,0,0,0,1,1,0,0,1,NA,0,4,0,"N","N",121
"DOLPHD-5244","M",22,"Overseas","MultiPass",5,16,0,0,0,1,0,1,0,0,1,NA,2,3,0,"Y","Y",121
"DOLPHD-5246","M",25,"Overseas","SinglePass",5,16,1,0,0,0,1,0,1,0,3,NA,4,2,0,"N","N",121
"DOLPHD-5249","M",24,"Local","SinglePass",5,16,1,0,0,0,0,0,1,0,2,NA,0,2,0,"N","N",71
"DOLPHD-5251","M",24,"Local","MultiPass",5,16,1,0,1,1,0,1,0,0,2,NA,2,2,0,"N","N",121
"DOLPHD-5253","M",20,"Local","SinglePass",5,16,1,0,0,0,0,1,1,0,2,NA,2,2,0,"N","N",96
"DOLPHD-5254","M",23,"Local","MultiPass",5,16,1,0,1,0,0,1,1,0,1,NA,3,4,0,"N","N",121
"DOLPHD-5259","M",25,"Local","SinglePass",5,16,0,0,0,0,0,0,0,0,2,NA,3,1,0,"N","N",21
"DOLPHD-5260","M",25,"Local","SinglePass",5,16,1,0,0,0,1,0,0,0,1,NA,3,3,0,"N","N",71
"DOLPHD-5262","M",23,"Local","MultiPass",5,16,1,0,0,0,0,1,0,0,1,NA,3,4,0,"N","N",121
"DOLPHD-5264","M",23,"Overseas","SinglePass",5,16,1,0,0,0,0,0,1,0,2,NA,3,2,0,"N","N",96
"DOLPHD-5267","M",23,"Overseas","SinglePass",5,16,1,1,0,0,0,0,0,0,1,NA,0,4,0,"N","N",71
"DOLPHD-5271","M",24,"Local","SinglePass",5,16,1,0,1,0,1,1,0,0,3,NA,3,1,0,"N","N",146
"DOLPHD-5273","M",20,"Local","SinglePass",5,16,1,0,1,0,1,1,0,0,2,NA,2,2,0,"N","N",146
"DOLPHD-5274","M",22,"Local","SinglePass",5,16,1,0,0,0,0,0,1,0,3,NA,4,1,0,"N","N",71
"DOLPHD-5278","M",20,"Local","SinglePass",5,16,1,0,1,0,1,0,1,0,1,NA,4,4,0,"Y","Y",146
"DOLPHD-5280","M",25,"Overseas","SinglePass",5,16,1,0,0,0,0,0,0,0,3,NA,4,1,0,"N","N",71
"DOLPHD-5281","M",21,"Overseas","SinglePass",5,16,1,0,1,0,1,1,0,0,1,NA,4,4,0,"N","N",121
"DOLPHD-5283","M",25,"Local","MultiPass",5,16,0,0,0,1,1,1,0,0,2,NA,4,2,0,"N","N",121
"DOLPHD-5285","M",23,"Local","SinglePass",5,16,1,1,0,0,0,0,0,0,1,NA,0,4,0,"N","N",71
"DOLPHD-5287","M",21,"Local","SinglePass",5,16,1,0,0,0,1,1,0,0,2,NA,0,1,0,"N","N",96
"DOLPHD-5290","M",24,"Local","MultiPass",5,16,1,0,1,0,0,1,1,0,3,NA,4,2,0,"N","Y",121
"DOLPHD-5291","M",25,"Overseas","SinglePass",5,16,0,0,0,0,0,0,1,0,1,NA,0,3,0,"N","N",71
"DOLPHD-5293","M",23,"Overseas","MultiPass",5,16,1,0,0,0,0,1,1,0,2,NA,0,2,0,"N","Y",121
"DOLPHD-5294","M",25,"Overseas","SinglePass",5,16,1,0,1,0,0,0,1,0,2,NA,3,1,0,"N","N",121
"DOLPHD-5296","M",23,"Local","MultiPass",5,16,1,0,0,1,0,0,0,0,3,NA,2,1,0,"N","N",121
"DOLPHD-5298","M",23,"Local","SinglePass",5,16,0,0,0,0,0,1,0,0,1,NA,0,4,0,"N","Y",71
"DOLPHD-5299","M",20,"Local","SinglePass",5,16,0,0,1,0,1,0,1,0,2,NA,4,1,0,"N","N",121
"DOLPHD-5300","M",22,"Overseas","MultiPass",5,16,0,1,0,1,0,1,0,0,3,NA,0,1,0,"N","Y",121
"DOLPHD-5307","M",21,"Local","MultiPass",5,16,1,0,0,1,0,1,1,0,2,NA,4,2,0,"N","Y",121
"DOLPHD-5308","M",22,"Local","SinglePass",5,16,0,0,1,0,0,0,0,0,2,NA,2,2,0,"N","N",46
"DOLPHD-5309","M",20,"Local","SinglePass",5,16,1,0,0,0,1,0,1,0,3,NA,0,1,0,"N","N",96
"DOLPHD-5311","M",24,"Local","MultiPass",5,16,1,0,1,0,0,0,1,0,3,NA,2,1,0,"N","N",121
"DOLPHD-5316","M",24,"Overseas","SinglePass",5,16,0,0,1,0,0,1,0,0,3,NA,0,1,0,"N","N",96
"DOLPHD-5321","M",25,"Local","MultiPass",5,16,0,0,0,1,1,0,0,0,1,NA,2,3,0,"Y","Y",121
"DOLPHD-5322","M",22,"Local","SinglePass",5,16,1,0,0,0,0,0,0,0,2,NA,3,1,0,"N","Y",71
"DOLPHD-5323","M",23,"Local","SinglePass",5,16,1,0,1,0,0,1,0,0,3,NA,0,1,0,"N","N",96
"DOLPHD-5324","M",20,"Overseas","MultiPass",5,16,0,0,0,1,0,0,1,0,3,NA,4,2,0,"N","Y",121
"DOLPHD-5326","M",22,"Local","SinglePass",5,16,1,0,0,0,0,1,0,0,3,NA,0,1,0,"N","N",71
"DOLPHD-5327","M",23,"Overseas","SinglePass",5,16,1,0,0,0,0,0,0,0,1,NA,2,4,0,"N","Y",71
"DOLPHD-5331","M",20,"Local","MultiPass",5,16,1,0,0,1,0,0,0,0,1,NA,2,3,0,"N","N",121
"DOLPHD-5334","M",21,"Local","SinglePass",5,16,0,0,0,0,1,0,1,0,2,NA,0,1,0,"Y","Y",71
"DOLPHD-5336","M",25,"Overseas","SinglePass",5,16,1,0,0,0,1,1,0,0,1,NA,0,4,0,"Y","Y",96
"DOLPHD-5338","M",25,"Local","MultiPass",5,16,1,1,0,0,1,0,0,0,2,NA,3,1,0,"N","Y",121
"DOLPHD-5339","M",23,"Overseas","MultiPass",5,16,1,0,0,1,1,1,1,0,3,NA,3,2,0,"N","Y",121
"DOLPHD-5340","M",25,"Overseas","SinglePass",5,16,1,0,0,0,1,1,1,0,2,NA,2,1,0,"N","N",146
"DOLPHD-5341","M",24,"Overseas","SinglePass",5,16,1,1,0,0,0,0,0,0,1,NA,4,3,0,"Y","Y",71
"DOLPHD-5342","M",22,"Overseas","MultiPass",5,16,1,0,0,1,1,0,1,0,1,NA,3,3,0,"N","Y",121
"DOLPHD-5343","M",23,"Local","SinglePass",5,16,1,0,1,0,0,1,0,0,3,NA,2,2,0,"N","N",121
"DOLPHD-5344","M",23,"Local","SinglePass",5,16,1,0,0,0,0,1,0,0,2,NA,3,2,0,"N","N",96
"DOLPHD-5355","M",22,"Local","SinglePass",5,16,0,0,0,0,1,1,1,0,2,NA,0,2,0,"N","Y",96
"DOLPHD-5359","M",22,"Local","MultiPass",5,16,0,0,0,0,0,0,1,0,1,NA,2,4,0,"N","Y",121
"DOLPHD-5360","M",21,"Overseas","MultiPass",5,16,1,0,1,1,0,0,1,0,1,NA,4,4,0,"Y","Y",121
"DOLPHD-5361","M",23,"Local","SinglePass",5,16,0,1,0,0,0,0,0,0,2,NA,0,2,0,"N","N",46
"DOLPHD-5364","M",23,"Overseas","SinglePass",5,16,1,0,1,0,0,1,1,0,1,NA,3,4,0,"N","N",121
"DOLPHD-5365","M",20,"Overseas","SinglePass",5,16,0,0,1,0,1,1,0,0,2,NA,4,1,0,"N","Y",96
"DOLPHD-5369","M",25,"Local","SinglePass",5,16,0,1,0,0,1,1,0,0,1,NA,3,3,0,"N","N",121
"DOLPHD-5373","M",24,"Local","MultiPass",5,16,1,1,0,1,1,1,0,0,1,NA,3,3,0,"N","N",121
"DOLPHD-5375","M",21,"Overseas","SinglePass",5,16,0,0,0,0,0,0,0,0,3,NA,4,1,0,"N","N",21
"DOLPHD-5376","M",21,"Overseas","SinglePass",5,16,1,0,1,0,0,0,0,0,1,NA,3,3,0,"N","N",71
"DOLPHD-5384","M",25,"Overseas","MultiPass",5,16,1,0,0,1,0,0,0,0,1,NA,4,3,0,"N","N",121
"DOLPHD-5388","M",20,"Overseas","MultiPass",5,16,1,0,1,1,1,1,0,0,3,NA,2,1,0,"N","Y",121
"DOLPHD-5390","M",20,"Overseas","SinglePass",5,16,0,0,0,0,0,0,0,0,3,NA,3,1,0,"N","N",46
"DOLPHD-5392","M",24,"Local","SinglePass",5,16,1,1,0,0,0,0,0,0,1,NA,4,4,0,"N","N",96
"DOLPHD-5394","M",24,"Local","MultiPass",5,16,0,1,0,0,0,1,0,0,2,NA,4,1,0,"N","N",121
"DOLPHD-5395","M",24,"Local","MultiPass",5,16,1,0,0,1,0,1,0,0,3,NA,3,1,0,"N","N",121
"DOLPHD-5398","M",25,"Local","MultiPass",5,16,1,0,0,0,1,1,1,0,3,NA,4,1,0,"N","N",121
"DOLPHD-5399","M",20,"Overseas","SinglePass",5,16,1,0,0,0,0,0,1,0,3,NA,4,1,0,"N","N",96
"DOLPHD-5401","M",24,"Overseas","MultiPass",5,16,1,1,0,0,0,0,0,0,3,NA,3,1,0,"N","Y",121
"DOLPHD-5402","M",20,"Overseas","MultiPass",5,16,1,0,0,1,0,0,0,0,3,NA,2,1,0,"N","N",121
"DOLPHD-5404","M",32,"Local","SinglePass",5,16,1,0,0,0,0,1,0,0,1,NA,2,3,0,"N","N",96
"DOLPHD-5405","M",35,"Local","MultiPass",5,16,0,0,0,0,1,1,0,0,2,NA,2,2,0,"N","N",121
"DOLPHD-5406","M",26,"Local","SinglePass",5,16,1,0,1,0,0,1,1,0,2,NA,4,1,0,"N","N",146
"DOLPHD-5408","M",33,"Overseas","MultiPass",5,16,1,0,1,0,0,0,1,0,2,NA,3,1,0,"N","N",121
"DOLPHD-5411","M",29,"Overseas","SinglePass",5,16,0,0,0,0,1,0,0,0,1,NA,2,3,0,"N","Y",46
"DOLPHD-5412","M",31,"Overseas","MultiPass",5,16,0,0,0,0,0,1,0,0,3,NA,4,2,0,"N","N",121
"DOLPHD-5415","M",34,"Local","MultiPass",5,16,1,1,0,1,1,0,0,0,1,NA,4,3,0,"N","N",121
"DOLPHD-5419","M",35,"Local","MultiPass",5,16,0,0,1,0,0,0,1,0,1,NA,3,3,0,"N","N",121
"DOLPHD-5420","M",32,"Overseas","SinglePass",5,16,1,1,0,0,0,1,0,0,2,NA,2,2,0,"N","N",96
"DOLPHD-5426","M",27,"Overseas","MultiPass",5,16,1,1,1,1,0,1,0,0,2,NA,4,2,0,"N","N",121
"DOLPHD-5430","M",31,"Local","MultiPass",5,16,0,0,1,0,0,1,0,0,2,NA,2,2,0,"N","Y",121
"DOLPHD-5431","M",32,"Local","SinglePass",5,16,0,0,1,0,0,1,0,0,1,NA,2,3,0,"N","N",96
"DOLPHD-5435","M",28,"Overseas","SinglePass",5,16,0,0,0,0,0,1,0,0,1,NA,2,4,0,"N","N",46
"DOLPHD-5436","M",33,"Overseas","MultiPass",5,16,0,0,0,1,1,1,1,0,2,NA,3,2,0,"N","Y",121
"DOLPHD-5437","M",32,"Overseas","MultiPass",5,16,0,0,1,0,1,1,1,0,1,NA,2,4,0,"N","N",121
"DOLPHD-5438","M",29,"Overseas","SinglePass",5,16,1,0,1,0,0,0,1,0,2,NA,4,1,0,"N","Y",121
"DOLPHD-5439","M",30,"Local","SinglePass",5,16,1,0,0,0,0,1,0,0,2,NA,2,1,0,"N","Y",96
"DOLPHD-5441","M",29,"Local","SinglePass",5,16,1,0,1,0,0,1,0,0,1,NA,2,4,0,"N","Y",121
"DOLPHD-5442","M",33,"Local","SinglePass",5,16,0,1,0,0,1,0,0,0,2,NA,2,2,0,"N","Y",96
"DOLPHD-5444","M",31,"Overseas","MultiPass",5,16,1,0,0,1,0,1,0,0,3,NA,3,1,0,"N","N",121
"DOLPHD-5447","M",28,"Overseas","MultiPass",5,16,1,0,0,1,0,0,1,0,2,NA,4,2,0,"N","N",121
"DOLPHD-5448","M",26,"Overseas","SinglePass",5,16,1,0,0,0,0,0,0,0,2,NA,4,2,0,"N","Y",71
"DOLPHD-5455","M",28,"Local","SinglePass",5,16,0,0,0,0,0,0,0,0,1,NA,3,4,0,"N","N",21
"DOLPHD-5456","M",34,"Overseas","SinglePass",5,16,1,0,0,0,0,0,1,0,3,NA,3,2,0,"N","N",71
"DOLPHD-5457","M",26,"Local","MultiPass",5,16,1,0,0,1,0,0,0,0,1,NA,4,3,0,"Y","Y",121
"DOLPHD-5458","M",31,"Local","MultiPass",5,16,1,0,1,1,0,1,1,0,2,NA,4,1,0,"Y","Y",121
"DOLPHD-5459","M",34,"Overseas","SinglePass",5,16,1,0,0,0,0,0,0,0,2,NA,2,1,0,"N","Y",71
"DOLPHD-5460","M",28,"Overseas","SinglePass",5,16,0,0,0,0,0,1,1,0,1,NA,2,3,0,"N","N",96
"DOLPHD-5463","M",30,"Local","SinglePass",5,16,1,0,0,0,1,1,0,0,1,NA,3,4,0,"N","Y",121
"DOLPHD-5466","M",35,"Local","SinglePass",5,16,1,0,1,0,0,0,1,0,3,NA,3,2,0,"N","N",96
"DOLPHD-5469","M",32,"Local","SinglePass",5,16,0,1,1,0,1,1,0,0,1,NA,4,3,0,"N","N",146
"DOLPHD-5470","M",30,"Local","SinglePass",5,16,0,0,0,0,0,1,0,0,1,NA,3,4,0,"N","N",71
"DOLPHD-5473","M",31,"Overseas","SinglePass",5,16,1,0,0,0,1,0,0,0,1,NA,4,3,0,"N","N",96
"DOLPHD-5477","M",31,"Local","SinglePass",5,16,0,0,1,0,0,0,0,0,2,NA,3,1,0,"N","Y",46
"DOLPHD-5478","M",26,"Local","MultiPass",5,16,1,0,0,0,1,0,1,0,3,NA,4,2,0,"Y","Y",121
"DOLPHD-5479","M",33,"Local","MultiPass",5,16,0,0,1,0,1,1,1,0,2,NA,2,1,0,"N","N",121
"DOLPHD-5482","M",32,"Local","MultiPass",5,16,1,0,0,0,0,0,0,0,1,NA,4,4,0,"N","N",121
"DOLPHD-5483","M",33,"Overseas","SinglePass",5,16,0,0,0,0,1,0,1,0,1,NA,4,4,0,"N","N",96
"DOLPHD-5484","M",28,"Overseas","SinglePass",5,16,1,0,1,0,0,1,0,0,1,NA,3,4,0,"N","N",96
"DOLPHD-5490","M",30,"Local","SinglePass",5,16,1,1,0,0,0,0,1,0,2,NA,2,1,0,"N","N",96
"DOLPHD-5493","M",33,"Local","MultiPass",5,16,0,1,0,0,0,0,0,0,2,NA,3,1,0,"N","N",121
"DOLPHD-5496","M",31,"Overseas","MultiPass",5,16,0,0,0,0,0,1,0,0,2,NA,2,1,0,"N","N",121
"DOLPHD-5497","M",34,"Overseas","SinglePass",5,16,0,0,1,0,1,1,0,0,1,NA,4,3,0,"Y","Y",96
"DOLPHD-5498","M",34,"Overseas","SinglePass",5,16,1,0,1,0,0,0,0,0,1,NA,2,3,0,"N","N",71
"DOLPHD-5499","M",26,"Local","MultiPass",5,16,0,0,0,1,1,1,1,0,2,NA,3,2,0,"N","Y",121
"DOLPHD-5501","M",31,"Local","SinglePass",5,16,1,0,0,0,0,0,0,0,2,NA,3,1,0,"N","N",46
"DOLPHD-5502","M",26,"Local","SinglePass",5,16,1,0,0,0,0,1,1,0,1,NA,4,3,0,"N","N",121
"DOLPHD-5504","M",30,"Overseas","SinglePass",5,16,0,0,0,0,1,0,0,0,1,NA,3,3,0,"N","N",71
"DOLPHD-5506","M",32,"Local","MultiPass",5,16,0,0,0,0,0,0,1,0,2,NA,3,2,0,"N","N",121
"DOLPHD-5508","M",33,"Overseas","SinglePass",5,16,1,0,0,0,0,1,0,0,1,NA,3,3,0,"N","N",96
"DOLPHD-5509","M",29,"Overseas","SinglePass",5,16,1,0,1,0,0,0,0,0,1,NA,2,3,0,"Y","Y",71
"DOLPHD-5510","M",32,"Overseas","MultiPass",5,16,1,0,0,1,0,1,0,0,1,NA,3,3,0,"N","N",121
"DOLPHD-5513","M",26,"Local","MultiPass",5,16,0,0,1,0,0,1,1,0,3,NA,3,1,0,"N","Y",121
"DOLPHD-5519","M",26,"Overseas","SinglePass",5,16,1,1,1,0,0,1,0,0,3,NA,3,1,0,"N","N",121
"DOLPHD-5522","M",29,"Overseas","SinglePass",5,16,1,0,0,0,0,1,1,0,2,NA,4,1,0,"N","N",121
"DOLPHD-5523","M",34,"Local","SinglePass",5,16,0,0,1,0,0,0,0,0,2,NA,4,2,0,"N","N",71
"DOLPHD-5524","M",30,"Local","MultiPass",5,16,1,0,1,0,0,0,0,0,2,NA,2,1,0,"N","Y",121
"DOLPHD-5526","M",31,"Local","SinglePass",5,16,1,0,0,0,0,0,0,0,2,NA,4,2,0,"N","Y",71
"DOLPHD-5528","M",34,"Overseas","MultiPass",5,16,1,1,1,1,0,1,1,0,1,NA,3,4,0,"N","N",121
"DOLPHD-5529","M",28,"Local","SinglePass",5,16,0,0,0,0,0,1,1,0,1,NA,2,4,0,"N","N",71
"DOLPHD-5530","M",28,"Local","SinglePass",5,16,0,0,1,0,0,1,0,0,1,NA,2,4,0,"Y","Y",96
"DOLPHD-5531","M",30,"Overseas","MultiPass",5,16,1,0,1,0,0,0,1,0,1,NA,4,4,0,"N","N",121
"DOLPHD-5533","M",32,"Overseas","SinglePass",5,16,0,1,1,0,0,1,0,0,1,NA,2,3,0,"N","N",121
"DOLPHD-5534","M",33,"Overseas","MultiPass",5,16,0,1,0,1,0,0,0,0,1,NA,2,4,0,"N","N",121
"DOLPHD-5536","M",32,"Local","SinglePass",5,16,0,0,0,0,1,1,0,0,1,NA,3,3,0,"N","N",71
"DOLPHD-5539","M",27,"Local","SinglePass",5,16,0,0,1,0,0,1,1,0,2,NA,4,1,0,"N","N",96
"DOLPHD-5540","M",35,"Overseas","SinglePass",5,16,1,0,0,0,0,0,1,0,2,NA,4,1,0,"Y","Y",71
"DOLPHD-5541","M",35,"Local","MultiPass",5,16,1,0,0,0,0,1,0,0,1,NA,4,4,0,"N","Y",121
"DOLPHD-5549","M",26,"Local","MultiPass",5,16,1,0,1,0,0,0,1,0,2,NA,4,1,0,"N","Y",121
"DOLPHD-5551","M",29,"Local","SinglePass",5,16,0,0,0,0,0,1,0,0,1,NA,4,4,0,"N","Y",71
"DOLPHD-5558","M",26,"Overseas","SinglePass",5,16,1,0,0,0,1,0,0,0,2,NA,3,2,0,"N","N",71
"DOLPHD-5563","M",30,"Local","MultiPass",5,16,1,0,0,0,0,0,0,0,2,NA,4,1,0,"N","Y",121
"DOLPHD-5566","M",28,"Local","MultiPass",5,16,1,0,0,0,0,0,0,0,1,NA,3,3,0,"N","N",121
"DOLPHD-5567","M",32,"Overseas","SinglePass",5,16,1,0,0,0,1,0,0,0,3,NA,4,1,0,"N","N",71
"DOLPHD-5569","M",33,"Overseas","MultiPass",5,16,0,0,1,0,1,0,0,0,2,NA,3,1,0,"N","Y",121
"DOLPHD-5571","M",27,"Local","SinglePass",5,16,0,0,1,0,0,1,1,0,2,NA,3,2,0,"N","N",121
"DOLPHD-5573","M",27,"Local","MultiPass",5,16,1,0,1,1,1,1,0,0,2,NA,2,1,0,"N","N",121
"DOLPHD-5581","M",30,"Overseas","SinglePass",5,16,1,0,1,0,1,0,0,0,1,NA,4,3,0,"N","N",121
"DOLPHD-5582","M",30,"Overseas","SinglePass",5,16,1,1,1,0,1,1,0,0,1,NA,2,4,0,"Y","Y",171
"DOLPHD-5583","M",34,"Local","MultiPass",5,16,0,0,0,0,0,1,0,0,3,NA,4,1,0,"N","N",121
"DOLPHD-5584","M",27,"Local","MultiPass",5,16,1,0,0,0,0,1,0,0,2,NA,2,2,0,"N","N",121
"DOLPHD-5587","M",27,"Local","MultiPass",5,16,0,0,0,0,1,1,0,0,2,NA,4,1,0,"Y","Y",121
"DOLPHD-5588","M",27,"Overseas","SinglePass",5,16,0,0,0,0,0,0,1,0,1,NA,2,3,0,"N","N",71
"DOLPHD-5590","M",30,"Local","MultiPass",5,16,1,0,0,0,0,1,1,0,3,NA,2,2,0,"N","N",121
"DOLPHD-5592","M",31,"Overseas","SinglePass",5,16,1,0,1,0,0,0,1,0,2,NA,2,2,0,"N","N",96
"DOLPHD-5593","M",28,"Overseas","SinglePass",5,16,1,1,0,0,0,0,0,0,1,NA,3,3,0,"N","N",71
"DOLPHD-5595","M",32,"Local","SinglePass",5,16,1,1,1,0,0,0,1,0,1,NA,2,3,0,"N","N",146
"DOLPHD-5600","M",26,"Overseas","SinglePass",5,16,0,0,0,0,0,1,1,0,1,NA,2,3,0,"N","N",96
"DOLPHD-5603","M",35,"Overseas","SinglePass",5,16,1,0,0,0,0,0,0,0,1,NA,4,4,0,"N","Y",46
"DOLPHD-5605","M",28,"Overseas","MultiPass",5,16,0,0,1,1,1,0,0,0,1,NA,4,3,0,"N","N",121
"DOLPHD-5608","M",34,"Local","MultiPass",5,16,0,0,1,0,0,1,0,0,2,NA,4,1,0,"N","N",121
"DOLPHD-5610","M",31,"Local","SinglePass",5,16,1,0,0,0,1,1,1,0,1,NA,3,4,0,"N","N",146
"DOLPHD-5613","M",34,"Local","SinglePass",5,16,1,0,1,0,1,0,1,0,3,NA,4,2,0,"N","N",146
"DOLPHD-5614","M",33,"Local","SinglePass",5,16,0,0,1,0,0,0,0,0,2,NA,4,1,0,"N","N",71
"DOLPHD-5615","M",32,"Overseas","MultiPass",5,16,0,1,1,1,0,0,0,0,3,NA,2,1,0,"N","Y",121
"DOLPHD-5617","M",35,"Overseas","SinglePass",5,16,0,0,0,0,0,1,0,0,1,NA,4,4,0,"N","N",46
"DOLPHD-5624","M",32,"Overseas","SinglePass",5,16,0,1,0,0,0,1,0,0,2,NA,2,1,0,"N","N",96
"DOLPHD-5626","M",33,"Local","MultiPass",5,16,1,0,0,1,0,0,0,0,1,NA,3,3,0,"N","N",121
"DOLPHD-5627","M",28,"Overseas","SinglePass",5,16,1,0,0,0,0,0,0,0,2,NA,4,2,0,"Y","Y",71
"DOLPHD-5628","M",31,"Overseas","SinglePass",5,16,0,0,0,0,0,1,0,0,3,NA,2,1,0,"N","N",71
"DOLPHD-5635","M",31,"Local","SinglePass",5,16,1,1,0,0,0,0,0,0,2,NA,3,2,0,"N","N",96
"DOLPHD-5636","M",35,"Overseas","MultiPass",5,16,1,0,1,1,1,1,1,0,2,NA,4,1,0,"N","N",121
"DOLPHD-5644","M",30,"Local","SinglePass",5,16,1,0,0,0,0,0,0,0,1,NA,4,3,0,"N","N",46
"DOLPHD-5648","M",32,"Overseas","SinglePass",5,16,0,0,0,0,0,1,0,0,1,NA,3,4,0,"N","N",71
"DOLPHD-5650","M",32,"Local","MultiPass",5,16,0,1,0,1,0,0,1,0,2,NA,2,1,0,"N","N",121
"DOLPHD-5651","M",31,"Overseas","SinglePass",5,16,0,0,0,0,0,0,1,0,3,NA,4,2,0,"Y","Y",71
"DOLPHD-5652","M",26,"Overseas","SinglePass",5,16,1,0,1,0,1,1,1,0,3,NA,2,2,0,"N","Y",171
"DOLPHD-5657","M",26,"Local","MultiPass",5,16,1,0,0,0,1,1,0,0,2,NA,4,1,0,"N","Y",121
"DOLPHD-5660","M",29,"Overseas","MultiPass",5,16,1,0,0,1,0,1,0,0,3,NA,4,2,0,"N","N",121
"DOLPHD-5661","M",30,"Local","MultiPass",5,16,1,0,1,1,0,0,0,0,3,NA,4,1,0,"N","N",121
"DOLPHD-5664","M",26,"Overseas","MultiPass",5,16,1,0,0,0,0,1,1,0,2,NA,2,1,0,"N","Y",121
"DOLPHD-5665","M",32,"Overseas","SinglePass",5,16,1,0,1,0,1,0,1,0,1,NA,4,4,0,"N","N",146
"DOLPHD-5669","M",26,"Local","SinglePass",5,16,1,0,0,0,0,0,0,0,2,NA,3,1,0,"N","N",71
"DOLPHD-5671","M",35,"Local","MultiPass",5,16,1,0,1,1,0,1,1,0,3,NA,3,2,0,"Y","Y",121
"DOLPHD-5672","M",34,"Overseas","SinglePass",5,16,0,0,0,0,0,0,1,0,2,NA,4,1,0,"N","N",71
"DOLPHD-5673","M",33,"Local","SinglePass",5,16,1,0,1,0,1,1,1,0,3,NA,3,1,0,"N","N",146
"DOLPHD-5674","M",31,"Local","MultiPass",5,16,0,0,0,0,1,0,0,0,2,NA,4,1,0,"N","N",121
"DOLPHD-5679","M",35,"Local","SinglePass",5,16,1,0,0,0,0,1,1,0,1,NA,3,3,0,"N","N",121
"DOLPHD-5681","M",34,"Local","MultiPass",5,16,1,0,0,1,0,1,0,0,3,NA,3,1,0,"N","N",121
"DOLPHD-5683","M",26,"Local","SinglePass",5,16,1,0,0,0,0,0,0,0,1,NA,4,3,0,"N","N",46
"DOLPHD-5685","M",29,"Local","MultiPass",5,16,1,0,0,1,0,0,1,0,2,NA,4,1,0,"N","N",121
"DOLPHD-5687","M",31,"Overseas","SinglePass",5,16,1,0,1,0,0,1,0,0,1,NA,4,3,0,"N","N",121
"DOLPHD-5690","M",33,"Overseas","SinglePass",5,16,0,1,0,0,0,0,1,0,2,NA,4,2,0,"N","N",71
"DOLPHD-5691","M",26,"Local","SinglePass",5,16,0,1,0,0,1,1,1,0,1,NA,2,3,0,"N","N",146
"DOLPHD-5693","M",31,"Local","SinglePass",5,16,0,0,0,0,0,1,0,0,2,NA,3,1,0,"N","N",46
"DOLPHD-5694","M",34,"Local","SinglePass",5,16,1,1,0,0,1,0,0,0,3,NA,4,2,0,"N","N",121
"DOLPHD-5695","M",27,"Local","MultiPass",5,16,1,1,0,0,0,1,1,0,3,NA,4,2,0,"N","N",121
"DOLPHD-5697","M",26,"Local","SinglePass",5,16,1,0,1,0,1,0,0,0,2,NA,2,2,0,"N","Y",96
"DOLPHD-5702","M",33,"Overseas","MultiPass",5,16,0,0,0,1,1,1,0,0,3,NA,4,2,0,"N","N",121
"DOLPHD-5703","M",33,"Local","MultiPass",5,16,0,0,1,1,1,1,0,0,1,NA,3,3,0,"Y","Y",121
"DOLPHD-5706","M",26,"Local","MultiPass",5,16,0,0,1,1,0,0,0,0,2,NA,2,2,0,"N","N",121
"DOLPHD-5708","M",32,"Overseas","SinglePass",5,16,0,1,0,0,0,0,0,0,1,NA,4,3,0,"N","N",71
"DOLPHD-5709","M",34,"Local","MultiPass",5,16,1,1,0,0,0,0,0,0,1,NA,4,4,0,"N","N",121
"DOLPHD-5712","M",35,"Overseas","SinglePass",5,16,1,0,1,0,0,0,1,0,1,NA,3,4,0,"N","N",121
"DOLPHD-5713","M",33,"Overseas","MultiPass",5,16,0,0,1,1,0,1,0,0,2,NA,2,1,0,"N","N",121
"DOLPHD-5717","M",35,"Local","MultiPass",5,16,1,0,0,0,0,1,0,0,2,NA,2,2,0,"N","N",121
"DOLPHD-5720","M",27,"Overseas","MultiPass",5,16,1,0,0,1,0,1,1,0,2,NA,3,1,0,"N","N",121
"DOLPHD-5721","M",34,"Local","SinglePass",5,16,1,0,0,0,0,1,1,0,1,NA,2,4,0,"N","N",96
"DOLPHD-5727","M",33,"Local","MultiPass",5,16,1,0,1,0,0,1,0,0,3,NA,3,2,0,"N","N",121
"DOLPHD-5735","M",30,"Overseas","SinglePass",5,16,0,0,0,0,1,0,0,0,1,NA,4,3,0,"N","N",46
"DOLPHD-5737","M",32,"Overseas","MultiPass",5,16,0,1,0,1,0,1,1,0,1,NA,4,4,0,"N","N",121
"DOLPHD-5738","M",29,"Overseas","MultiPass",5,16,1,0,1,0,0,1,0,0,2,NA,2,2,0,"N","N",121
"DOLPHD-5739","M",29,"Local","SinglePass",5,16,1,0,1,0,1,0,0,0,1,NA,3,4,0,"N","N",121
"DOLPHD-5742","M",33,"Local","SinglePass",5,16,1,0,1,0,0,1,1,0,3,NA,3,2,0,"N","N",146
"DOLPHD-5743","M",27,"Local","SinglePass",5,16,1,0,0,0,1,1,0,0,2,NA,2,2,0,"N","N",121
"DOLPHD-5746","M",27,"Local","SinglePass",5,16,1,0,0,0,1,1,0,0,2,NA,3,2,0,"N","Y",121
"DOLPHD-5747","M",31,"Overseas","SinglePass",5,16,1,0,1,0,0,1,0,0,1,NA,4,4,0,"N","Y",121
"DOLPHD-5748","M",28,"Overseas","MultiPass",5,16,1,0,0,0,0,1,0,0,1,NA,4,4,0,"N","N",121
"DOLPHD-5749","M",26,"Overseas","SinglePass",5,16,1,0,0,0,0,1,0,0,2,NA,3,2,0,"Y","Y",71
"DOLPHD-5753","M",30,"Local","SinglePass",5,16,1,0,0,0,0,0,0,0,3,NA,3,2,0,"Y","Y",46
"DOLPHD-5759","M",31,"Overseas","MultiPass",5,16,1,0,0,1,0,0,0,0,1,NA,4,3,0,"N","N",121
"DOLPHD-5761","M",31,"Overseas","SinglePass",5,16,0,0,1,0,0,0,0,0,1,NA,3,4,0,"N","N",71
"DOLPHD-5762","M",35,"Overseas","MultiPass",5,16,1,0,1,1,0,0,0,0,1,NA,3,4,0,"Y","Y",121
"DOLPHD-5763","M",28,"Local","SinglePass",5,16,0,0,0,0,0,1,1,0,2,NA,3,2,0,"N","N",96
"DOLPHD-5769","M",35,"Local","MultiPass",5,16,0,0,0,1,0,0,1,0,1,NA,2,3,0,"N","N",121
"DOLPHD-5770","M",32,"Local","SinglePass",5,16,1,1,1,0,0,0,0,0,1,NA,4,4,0,"N","N",121
"DOLPHD-5771","M",29,"Overseas","SinglePass",5,16,0,1,1,0,0,1,0,0,1,NA,3,4,0,"N","Y",96
"DOLPHD-5774","M",31,"Overseas","SinglePass",5,16,1,0,0,0,0,0,1,0,2,NA,4,2,0,"N","N",71
"DOLPHD-5775","M",35,"Local","SinglePass",5,16,0,0,1,0,0,0,0,0,2,NA,4,1,0,"N","N",46
"DOLPHD-5778","M",28,"Local","SinglePass",5,16,1,0,0,0,1,1,0,0,3,NA,4,1,0,"N","Y",121
"DOLPHD-5779","M",35,"Local","MultiPass",5,16,1,0,0,1,1,1,1,0,3,NA,4,1,0,"N","N",121
"DOLPHD-5781","M",31,"Local","SinglePass",5,16,1,1,1,0,0,0,1,0,3,NA,3,2,0,"N","N",121
"DOLPHD-5782","M",27,"Local","SinglePass",5,16,1,1,0,0,1,1,1,0,3,NA,2,1,0,"N","N",146
"DOLPHD-5784","M",26,"Overseas","SinglePass",5,16,1,0,0,0,1,1,1,0,1,NA,4,4,0,"N","Y",121
"DOLPHD-5786","M",29,"Overseas","MultiPass",5,16,1,1,0,1,0,0,0,0,1,NA,4,4,0,"N","Y",121
"DOLPHD-5788","M",27,"Local","SinglePass",5,16,0,1,0,0,0,1,0,0,2,NA,2,1,0,"N","N",71
"DOLPHD-5792","M",27,"Overseas","SinglePass",5,16,0,0,0,0,1,0,0,0,1,NA,3,4,0,"N","Y",71
"DOLPHD-5797","M",35,"Overseas","MultiPass",5,16,1,0,0,0,0,1,1,0,3,NA,2,1,0,"N","Y",121
"DOLPHD-5798","M",30,"Overseas","SinglePass",5,16,1,0,0,0,0,0,0,0,1,NA,4,4,0,"N","N",71
"DOLPHD-5800","M",27,"Local","MultiPass",5,16,1,0,0,1,0,1,0,0,2,NA,2,2,0,"N","N",121
"DOLPHD-5801","M",26,"Local","MultiPass",5,16,0,0,0,0,0,1,0,0,2,NA,4,1,0,"Y","N",121
"DOLPHD-5802","M",35,"Local","SinglePass",5,16,1,0,0,0,0,1,1,0,2,NA,3,1,0,"N","N",121
"DOLPHD-5803","M",31,"Local","SinglePass",5,16,1,0,0,0,0,0,0,0,1,NA,3,3,0,"N","N",46
"DOLPHD-5804","M",26,"Overseas","MultiPass",5,16,0,0,1,1,0,0,0,0,1,NA,2,3,0,"N","N",121
"DOLPHD-5805","M",28,"Local","SinglePass",5,16,1,0,0,0,0,1,0,0,3,NA,3,2,0,"N","N",96
"DOLPHD-5808","M",27,"Overseas","MultiPass",5,16,1,1,0,1,0,0,0,0,1,NA,4,3,0,"N","Y",121
"DOLPHD-5810","M",27,"Overseas","SinglePass",5,16,1,0,0,0,1,1,1,0,3,NA,3,1,0,"N","N",121
"DOLPHD-5811","M",29,"Local","MultiPass",5,16,1,0,1,1,0,0,0,0,1,NA,2,3,0,"N","Y",121
"DOLPHD-5812","M",31,"Local","SinglePass",5,16,0,0,0,0,1,1,1,0,1,NA,4,4,0,"N","N",121
"DOLPHD-5813","M",31,"Local","SinglePass",5,16,1,0,1,0,1,0,0,0,1,NA,4,4,0,"N","N",96
"DOLPHD-5815","M",28,"Local","MultiPass",5,16,1,0,0,1,0,0,0,0,1,NA,4,3,0,"N","N",121
"DOLPHD-5816","M",34,"Overseas","SinglePass",5,16,1,0,1,0,0,1,0,0,1,NA,3,3,0,"N","N",121
"DOLPHD-5817","M",34,"Local","SinglePass",5,16,1,1,0,0,0,0,0,0,1,NA,2,3,0,"N","Y",96
"DOLPHD-5820","M",31,"Overseas","SinglePass",5,16,0,0,1,0,0,0,0,0,1,NA,2,4,0,"N","N",46
"DOLPHD-5825","M",34,"Local","MultiPass",5,16,0,0,0,1,0,1,0,0,2,NA,2,2,0,"N","N",121
"DOLPHD-5826","M",35,"Local","SinglePass",5,16,0,0,1,0,0,1,0,0,3,NA,4,2,0,"Y","Y",71
"DOLPHD-5827","M",35,"Local","SinglePass",5,16,1,1,0,0,1,1,1,0,1,NA,2,3,0,"N","N",171
"DOLPHD-5828","M",34,"Overseas","MultiPass",5,16,1,1,0,1,1,1,0,0,1,NA,2,4,0,"N","N",121
"DOLPHD-5829","M",32,"Local","MultiPass",5,16,1,1,0,1,0,0,1,0,3,NA,2,1,0,"N","N",121
"DOLPHD-5833","M",27,"Overseas","SinglePass",5,16,1,0,0,0,1,1,0,0,2,NA,2,1,0,"N","N",96
"DOLPHD-5837","M",33,"Local","SinglePass",5,16,1,0,0,0,0,0,0,0,1,NA,3,3,0,"N","Y",46
"DOLPHD-5838","M",28,"Local","SinglePass",5,16,0,0,0,0,0,0,0,0,3,NA,2,2,0,"N","N",21
"DOLPHD-5841","M",30,"Local","SinglePass",5,16,0,0,1,0,0,0,0,0,3,NA,2,1,0,"N","N",71
"DOLPHD-5842","M",30,"Local","MultiPass",5,16,1,0,0,1,0,0,0,0,3,NA,3,1,0,"N","N",121
"DOLPHD-5843","M",34,"Overseas","MultiPass",5,16,0,0,0,1,0,0,0,0,3,NA,2,2,0,"N","N",121
"DOLPHD-5845","M",27,"Overseas","SinglePass",5,16,0,0,1,0,1,0,0,0,3,NA,4,1,0,"N","N",96
"DOLPHD-5846","M",28,"Overseas","MultiPass",5,16,0,0,1,0,1,1,0,0,2,NA,2,1,0,"N","N",121
"DOLPHD-5847","M",30,"Local","SinglePass",5,16,0,0,1,0,1,0,1,0,1,NA,4,4,0,"N","N",121
"DOLPHD-5848","M",31,"Local","SinglePass",5,16,0,0,0,0,0,0,1,0,2,NA,2,2,0,"Y","Y",71
"DOLPHD-5850","M",34,"Local","MultiPass",5,16,1,0,0,1,0,1,1,0,1,NA,2,4,0,"N","N",121
"DOLPHD-5851","M",30,"Local","SinglePass",5,16,1,0,0,0,1,1,0,0,2,NA,3,1,0,"N","N",96
"DOLPHD-5852","M",34,"Overseas","SinglePass",5,16,1,0,1,0,1,0,0,0,1,NA,3,4,0,"N","N",121
"DOLPHD-5855","M",35,"Overseas","SinglePass",5,16,1,0,1,0,0,0,0,0,2,NA,2,1,0,"N","N",71
"DOLPHD-5859","M",32,"Local","SinglePass",5,16,0,1,0,0,0,1,0,0,3,NA,4,2,0,"N","Y",96
"DOLPHD-5861","M",33,"Local","SinglePass",5,16,1,0,1,0,0,0,0,0,2,NA,2,2,0,"N","N",96
"DOLPHD-5862","M",35,"Local","SinglePass",5,16,1,1,1,0,0,0,1,0,1,NA,3,4,0,"Y","Y",146
"DOLPHD-5863","M",35,"Local","MultiPass",5,16,1,0,0,1,1,1,1,0,1,NA,4,4,0,"N","N",121
"DOLPHD-5867","M",34,"Overseas","MultiPass",5,16,0,0,1,1,0,0,0,0,2,NA,4,1,0,"N","N",121
"DOLPHD-5868","M",27,"Overseas","SinglePass",5,16,1,0,1,0,0,0,0,0,2,NA,3,1,0,"Y","N",96
"DOLPHD-5871","M",35,"Local","MultiPass",5,16,1,1,0,1,0,1,0,0,1,NA,3,3,0,"N","N",121
"DOLPHD-5872","M",35,"Local","SinglePass",5,16,0,1,0,0,0,1,1,0,2,NA,4,1,0,"N","Y",96
"DOLPHD-5874","M",29,"Local","MultiPass",5,16,1,0,0,1,0,1,0,0,1,NA,2,3,0,"N","N",121
"DOLPHD-5876","M",34,"Overseas","SinglePass",5,16,1,0,0,0,0,0,1,0,3,NA,4,1,0,"N","N",71
"DOLPHD-5879","M",33,"Overseas","SinglePass",5,16,1,0,0,0,1,0,1,0,1,NA,2,4,0,"N","N",96
"DOLPHD-5880","M",33,"Overseas","SinglePass",5,16,0,0,0,0,0,0,0,0,2,NA,2,2,0,"N","Y",46
"DOLPHD-5884","M",33,"Local","MultiPass",5,16,1,0,0,1,0,1,1,0,2,NA,2,2,0,"N","N",121
"DOLPHD-5887","M",30,"Local","SinglePass",5,16,0,1,1,0,0,1,1,0,3,NA,3,2,0,"N","Y",146
"DOLPHD-5888","M",32,"Overseas","MultiPass",5,16,0,0,1,0,1,0,0,0,3,NA,4,1,0,"N","N",121
"DOLPHD-5891","M",28,"Overseas","MultiPass",5,16,0,0,0,1,0,0,0,0,1,NA,2,4,0,"N","N",121
"DOLPHD-5892","M",28,"Overseas","MultiPass",5,16,0,1,1,0,1,0,0,0,2,NA,2,2,0,"Y","Y",121
"DOLPHD-5899","M",26,"Local","MultiPass",5,16,1,0,0,1,0,1,0,0,3,NA,2,1,0,"Y","N",121
"DOLPHD-5900","M",26,"Overseas","SinglePass",5,16,0,0,0,0,1,1,0,0,1,NA,4,4,0,"N","N",71
"DOLPHD-5901","M",28,"Local","SinglePass",5,16,0,0,1,0,1,1,1,0,1,NA,2,4,0,"N","N",146
"DOLPHD-5904","M",32,"Overseas","SinglePass",5,16,1,0,0,0,0,0,0,0,1,NA,3,3,0,"N","N",71
"DOLPHD-5905","M",31,"Overseas","MultiPass",5,16,0,0,0,0,0,1,0,0,1,NA,2,3,0,"N","Y",121
"DOLPHD-5907","M",33,"Local","SinglePass",5,16,0,1,1,0,0,1,0,0,2,NA,2,2,0,"N","Y",121
"DOLPHD-5909","M",34,"Local","MultiPass",5,16,1,0,0,0,1,1,0,0,1,NA,3,3,0,"N","N",121
"DOLPHD-5910","M",31,"Local","SinglePass",5,16,0,0,1,0,0,0,0,0,1,NA,3,4,0,"N","N",46
"DOLPHD-5916","M",26,"Overseas","MultiPass",5,16,0,1,0,1,0,0,0,0,2,NA,3,2,0,"N","N",121
"DOLPHD-5920","M",32,"Local","MultiPass",5,16,0,0,0,0,0,1,0,0,2,NA,4,2,0,"N","N",121
"DOLPHD-5921","M",34,"Local","SinglePass",5,16,0,0,0,0,0,0,1,0,2,NA,4,2,0,"Y","Y",46
"DOLPHD-5922","M",27,"Local","SinglePass",5,16,0,0,1,0,1,0,0,0,2,NA,2,2,0,"N","N",96
"DOLPHD-5923","M",27,"Local","MultiPass",5,16,0,0,1,1,0,1,0,0,1,NA,3,3,0,"N","N",121
"DOLPHD-5924","M",33,"Overseas","SinglePass",5,16,0,0,0,0,0,1,0,0,3,NA,2,1,0,"N","N",46
"DOLPHD-5926","M",31,"Local","MultiPass",5,16,0,0,0,0,0,1,1,0,3,NA,4,2,0,"N","N",121
"DOLPHD-5930","M",34,"Overseas","MultiPass",5,16,1,0,1,0,1,0,1,0,1,NA,3,4,0,"N","Y",121
"DOLPHD-5931","M",33,"Local","SinglePass",5,16,1,0,0,0,0,1,0,0,3,NA,3,1,0,"Y","N",96
"DOLPHD-5932","M",33,"Local","SinglePass",5,16,1,0,0,0,0,1,0,0,1,NA,2,4,0,"N","N",71
"DOLPHD-5935","M",29,"Local","SinglePass",5,16,0,1,1,0,1,1,0,0,3,NA,3,1,0,"N","N",121
"DOLPHD-5939","M",34,"Overseas","SinglePass",5,16,1,0,1,0,0,1,1,0,3,NA,4,1,0,"N","N",146
"DOLPHD-5940","M",28,"Overseas","MultiPass",5,16,0,0,0,0,1,1,0,0,3,NA,4,2,0,"N","N",121
"DOLPHD-5943","M",31,"Local","SinglePass",5,16,1,0,0,0,0,0,0,0,3,NA,3,2,0,"N","N",46
"DOLPHD-5944","M",35,"Local","MultiPass",5,16,0,0,0,0,0,1,0,0,1,NA,3,4,0,"N","N",121
"DOLPHD-5946","M",34,"Local","SinglePass",5,16,1,0,0,0,0,0,1,0,1,NA,2,4,0,"N","Y",96
"DOLPHD-5947","M",33,"Local","MultiPass",5,16,1,0,1,1,0,0,0,0,2,NA,2,2,0,"N","N",121
"DOLPHD-5948","M",26,"Overseas","MultiPass",5,16,0,0,0,0,0,1,0,0,2,NA,2,2,0,"N","N",121
"DOLPHD-5949","M",27,"Local","SinglePass",5,16,0,0,1,0,0,1,1,0,2,NA,4,1,0,"N","N",121
"DOLPHD-5951","M",31,"Overseas","MultiPass",5,16,1,1,0,0,0,1,0,0,2,NA,2,2,0,"Y","Y",121
"DOLPHD-5952","M",29,"Overseas","SinglePass",5,16,1,1,0,0,0,0,1,0,2,NA,4,1,0,"N","N",121
"DOLPHD-5956","M",26,"Local","SinglePass",5,16,0,0,0,0,0,1,0,0,2,NA,4,2,0,"N","N",71
"DOLPHD-5960","M",30,"Overseas","SinglePass",5,16,1,1,0,0,0,1,1,0,1,NA,2,4,0,"N","Y",146
"DOLPHD-5963","M",35,"Overseas","SinglePass",5,16,1,0,1,0,0,1,0,0,3,NA,3,1,0,"N","N",121
"DOLPHD-5964","M",29,"Overseas","SinglePass",5,16,0,0,1,0,1,1,0,0,3,NA,4,2,0,"N","N",121
"DOLPHD-5966","M",28,"Overseas","SinglePass",5,16,1,0,0,0,1,0,0,0,2,NA,3,2,0,"N","Y",71
"DOLPHD-5971","M",28,"Local","SinglePass",5,16,0,0,1,0,0,1,0,0,1,NA,4,3,0,"N","N",71
"DOLPHD-5972","M",34,"Overseas","MultiPass",5,16,1,1,0,1,0,1,0,0,2,NA,4,1,0,"N","N",121
"DOLPHD-5978","M",44,"Overseas","SinglePass",5,18,0,0,0,0,0,1,1,0,1,NA,4,4,0,"N","N",98
"DOLPHD-5979","M",39,"Local","MultiPass",5,16,1,0,0,0,0,0,0,0,3,NA,3,1,0,"N","N",121
"DOLPHD-5980","M",38,"Local","SinglePass",5,16,0,1,1,0,0,0,0,0,1,NA,3,4,0,"N","N",96
"DOLPHD-5983","M",39,"Local","MultiPass",5,16,1,0,0,1,0,0,0,0,3,NA,2,2,0,"N","N",121
"DOLPHD-5986","M",37,"Local","MultiPass",5,16,1,0,1,1,0,1,1,0,3,NA,2,2,0,"N","N",121
"DOLPHD-5989","M",36,"Overseas","MultiPass",5,16,1,1,1,0,0,0,0,0,2,NA,4,1,0,"N","N",121
"DOLPHD-5990","M",48,"Overseas","MultiPass",5,18,0,0,1,0,0,1,0,0,1,NA,2,3,0,"N","N",123
"DOLPHD-5991","M",44,"Local","SinglePass",5,18,1,1,0,0,1,0,0,0,1,NA,3,4,0,"N","N",98
"DOLPHD-5993","M",47,"Local","MultiPass",5,18,1,0,1,0,0,0,1,0,1,NA,4,3,0,"N","Y",123
"DOLPHD-5995","M",40,"Local","SinglePass",5,16,0,0,1,0,0,0,0,0,1,NA,3,3,0,"N","N",46
"DOLPHD-5997","M",43,"Local","MultiPass",5,18,0,0,0,0,0,1,0,0,1,NA,4,3,0,"N","N",123
"DOLPHD-6000","M",46,"Overseas","MultiPass",5,18,1,0,0,0,0,1,0,0,3,NA,3,1,0,"N","N",123
"DOLPHD-6002","M",40,"Overseas","SinglePass",5,16,1,0,0,0,0,1,0,0,3,NA,3,2,0,"N","N",71
"DOLPHD-6003","M",38,"Local","MultiPass",5,16,1,0,1,1,1,0,0,0,1,NA,2,3,0,"N","N",121
"DOLPHD-6007","M",46,"Local","MultiPass",5,18,0,0,0,0,1,0,1,0,3,NA,3,2,0,"N","N",123
"DOLPHD-6011","M",38,"Overseas","MultiPass",5,16,0,0,1,1,0,0,0,0,3,NA,2,2,0,"N","N",121
"DOLPHD-6012","M",46,"Overseas","SinglePass",5,18,0,0,1,0,1,0,0,0,2,NA,2,2,0,"N","N",73
"DOLPHD-6013","M",47,"Overseas","SinglePass",5,18,0,0,0,0,0,1,0,0,1,NA,4,4,0,"Y","N",48
"DOLPHD-6015","M",38,"Local","SinglePass",5,16,0,0,0,0,0,0,0,0,3,NA,4,2,0,"N","Y",21
"DOLPHD-6017","M",43,"Local","MultiPass",5,18,1,0,1,0,1,0,1,0,3,NA,2,2,0,"N","N",123
"DOLPHD-6018","M",42,"Local","MultiPass",5,18,1,0,1,0,0,0,1,0,1,NA,3,4,0,"N","N",123
"DOLPHD-6020","M",41,"Overseas","SinglePass",5,18,0,0,0,0,1,1,0,0,1,NA,3,3,0,"N","N",73
"DOLPHD-6021","M",39,"Local","MultiPass",5,16,1,0,1,0,0,0,1,0,2,NA,2,1,0,"N","N",121
"DOLPHD-6022","M",46,"Local","SinglePass",5,18,1,0,0,0,0,0,1,0,1,NA,4,4,0,"N","N",73
"DOLPHD-6025","M",41,"Overseas","MultiPass",5,18,0,0,0,0,1,1,1,0,1,NA,3,4,0,"N","N",123
"DOLPHD-6027","M",36,"Local","SinglePass",5,16,0,0,0,0,0,0,1,0,3,NA,3,1,0,"N","N",71
"DOLPHD-6028","M",40,"Local","MultiPass",5,16,1,0,0,1,1,1,1,0,1,NA,3,3,0,"N","N",121
"DOLPHD-6029","M",36,"Local","SinglePass",5,16,1,0,1,0,0,0,1,0,2,NA,3,1,0,"Y","Y",121
"DOLPHD-6030","M",38,"Local","SinglePass",5,16,0,1,0,0,0,1,0,0,1,NA,3,3,0,"N","N",71
"DOLPHD-6031","M",41,"Local","MultiPass",5,18,1,0,0,0,0,0,0,0,1,NA,3,4,0,"N","N",123
"DOLPHD-6033","M",47,"Local","SinglePass",5,18,1,1,0,0,0,1,0,0,3,NA,3,2,0,"N","Y",123
"DOLPHD-6034","M",39,"Local","SinglePass",5,16,0,0,1,0,0,1,0,0,3,NA,3,1,0,"N","Y",96
"DOLPHD-6036","M",42,"Overseas","SinglePass",5,18,0,1,1,0,0,0,0,0,2,NA,2,2,0,"N","N",73
"DOLPHD-6040","M",41,"Local","SinglePass",5,18,0,1,1,0,0,0,1,0,2,NA,4,2,0,"N","N",123
"DOLPHD-6042","M",47,"Local","MultiPass",5,18,1,0,1,0,0,0,0,0,1,NA,3,3,0,"N","N",123
"DOLPHD-6043","M",36,"Local","SinglePass",5,16,1,0,1,0,0,0,0,0,2,NA,4,2,0,"N","N",71
"DOLPHD-6045","M",41,"Local","MultiPass",5,18,1,1,0,0,0,1,0,0,3,NA,4,1,0,"Y","Y",123
"DOLPHD-6047","M",43,"Overseas","SinglePass",5,18,1,0,1,0,1,0,0,0,3,NA,2,1,0,"N","Y",123
"DOLPHD-6050","M",37,"Overseas","SinglePass",5,16,1,0,0,0,0,1,0,0,3,NA,4,2,0,"N","N",96
"DOLPHD-6057","M",41,"Local","SinglePass",5,18,1,0,1,0,0,1,0,0,3,NA,2,2,0,"N","Y",98
"DOLPHD-6059","M",40,"Overseas","MultiPass",5,16,0,0,1,1,1,0,0,0,3,NA,2,2,0,"N","N",121
"DOLPHD-6060","M",39,"Overseas","MultiPass",5,16,1,0,0,0,0,0,0,0,1,NA,3,3,0,"N","N",121
"DOLPHD-6061","M",47,"Overseas","SinglePass",5,18,0,0,0,0,0,1,0,0,2,NA,4,2,0,"N","N",48
"DOLPHD-6064","M",48,"Local","SinglePass",5,18,1,0,0,0,0,1,0,0,3,NA,4,2,0,"Y","Y",73
"DOLPHD-6066","M",45,"Local","MultiPass",5,18,1,0,0,0,0,1,0,0,3,NA,2,2,0,"N","Y",123
"DOLPHD-6068","M",38,"Overseas","SinglePass",5,16,0,0,0,0,1,0,0,0,1,NA,4,4,0,"N","N",46
"DOLPHD-6069","M",44,"Local","SinglePass",5,18,1,0,0,0,0,0,1,0,2,NA,2,2,0,"N","N",98
"DOLPHD-6070","M",43,"Local","MultiPass",5,18,0,0,0,0,0,0,0,0,3,NA,2,2,0,"N","N",123
"DOLPHD-6072","M",40,"Overseas","SinglePass",5,16,1,0,1,0,0,1,1,0,2,NA,3,2,0,"N","Y",121
"DOLPHD-6076","M",45,"Local","SinglePass",5,18,0,1,0,0,0,0,0,0,1,NA,3,4,0,"N","N",73
"DOLPHD-6077","M",44,"Local","MultiPass",5,18,1,0,0,0,0,0,1,0,2,NA,4,1,0,"Y","N",123
"DOLPHD-6078","M",44,"Local","SinglePass",5,18,1,0,0,0,0,0,0,0,1,NA,4,3,0,"N","N",73
"DOLPHD-6081","M",37,"Local","MultiPass",5,16,0,0,0,1,1,0,1,0,1,NA,3,4,0,"N","Y",121
"DOLPHD-6082","M",45,"Local","SinglePass",5,18,0,0,0,0,0,0,0,0,2,NA,2,2,0,"N","N",23
"DOLPHD-6088","M",40,"Local","MultiPass",5,16,0,0,1,1,0,0,0,0,1,NA,3,3,0,"Y","Y",121
"DOLPHD-6089","M",41,"Local","SinglePass",5,18,1,0,1,0,0,1,0,0,1,NA,2,3,0,"N","Y",123
"DOLPHD-6093","M",42,"Local","SinglePass",5,18,1,0,0,0,0,1,0,0,1,NA,3,4,0,"Y","Y",73
"DOLPHD-6094","M",43,"Local","MultiPass",5,18,0,0,1,0,1,1,1,0,2,NA,4,2,0,"N","N",123
"DOLPHD-6095","M",41,"Overseas","MultiPass",5,18,1,0,0,0,1,1,1,0,3,NA,2,2,0,"N","Y",123
"DOLPHD-6096","M",48,"Overseas","SinglePass",5,18,1,0,1,0,1,0,0,0,2,NA,2,1,0,"N","N",98
"DOLPHD-6097","M",37,"Overseas","SinglePass",5,16,1,0,0,0,0,0,0,0,1,NA,4,3,0,"N","N",71
"DOLPHD-6102","M",46,"Local","MultiPass",5,18,0,0,0,0,0,0,1,0,1,NA,3,4,0,"N","Y",123
"DOLPHD-6105","M",41,"Local","MultiPass",5,18,0,0,0,0,0,0,1,0,1,NA,3,4,0,"Y","Y",123
"DOLPHD-6107","M",38,"Overseas","SinglePass",5,16,0,0,0,0,1,1,1,0,1,NA,3,4,0,"N","Y",121
"DOLPHD-6109","M",45,"Overseas","MultiPass",5,18,0,0,1,0,1,1,1,0,2,NA,3,2,0,"N","N",123
"DOLPHD-6111","M",48,"Local","SinglePass",5,18,0,0,0,0,0,0,0,0,2,NA,4,2,0,"N","N",48
"DOLPHD-6115","M",40,"Local","MultiPass",5,16,1,0,0,1,0,0,1,0,1,NA,3,3,0,"N","Y",121
"DOLPHD-6116","M",37,"Overseas","MultiPass",5,16,1,0,1,1,1,0,0,0,2,NA,4,2,0,"N","N",121
"DOLPHD-6119","M",41,"Overseas","MultiPass",5,18,1,1,1,0,1,1,0,0,3,NA,3,2,0,"N","N",123
"DOLPHD-6120","M",38,"Overseas","SinglePass",5,16,1,1,0,0,0,1,0,0,2,NA,3,2,0,"N","N",121
"DOLPHD-6122","M",41,"Overseas","MultiPass",5,18,1,0,1,0,0,1,0,0,3,NA,4,1,0,"N","N",123
"DOLPHD-6124","M",48,"Local","SinglePass",5,18,1,1,1,0,0,0,1,0,2,NA,4,1,0,"N","N",148
"DOLPHD-6125","M",46,"Local","SinglePass",5,18,0,0,0,0,0,0,0,0,1,NA,4,3,0,"N","Y",23
"DOLPHD-6128","M",43,"Overseas","SinglePass",5,18,0,0,1,0,0,1,0,0,2,NA,3,2,0,"N","N",98
"DOLPHD-6133","M",39,"Overseas","MultiPass",5,16,1,0,0,0,0,1,0,0,3,NA,3,2,0,"N","N",121
"DOLPHD-6135","M",40,"Local","SinglePass",5,16,0,0,0,0,0,0,1,0,1,NA,3,4,0,"N","Y",71
"DOLPHD-6140","M",44,"Overseas","MultiPass",5,18,1,0,0,0,0,1,0,0,2,NA,3,1,0,"Y","Y",123
"DOLPHD-6141","M",48,"Local","SinglePass",5,18,0,0,1,0,1,0,1,0,1,NA,4,3,0,"N","Y",123
"DOLPHD-6142","M",45,"Local","SinglePass",5,18,0,0,1,0,1,1,1,0,1,NA,3,4,0,"N","N",123
"DOLPHD-6143","M",47,"Overseas","MultiPass",5,18,0,0,0,0,0,0,1,0,2,NA,2,1,0,"Y","Y",123
"DOLPHD-6144","M",45,"Overseas","MultiPass",5,18,1,0,1,0,0,1,0,0,3,NA,4,2,0,"Y","Y",123
"DOLPHD-6145","M",40,"Overseas","SinglePass",5,16,1,0,0,0,0,1,0,0,1,NA,4,4,0,"Y","Y",71
"DOLPHD-6146","M",46,"Overseas","SinglePass",5,18,0,0,0,0,0,0,0,0,2,NA,3,2,0,"N","Y",23
"DOLPHD-6153","M",37,"Local","SinglePass",5,16,0,0,0,0,0,1,0,0,1,NA,4,3,0,"Y","Y",71
"DOLPHD-6156","M",46,"Overseas","SinglePass",5,18,0,0,1,0,0,1,1,0,3,NA,3,1,0,"N","N",123
"DOLPHD-6157","M",39,"Overseas","MultiPass",5,16,1,0,0,0,1,1,0,0,1,NA,3,3,0,"Y","Y",121
"DOLPHD-6159","M",37,"Local","SinglePass",5,16,1,0,1,0,0,1,0,0,2,NA,3,1,0,"Y","Y",121
"DOLPHD-6160","M",47,"Local","SinglePass",5,18,0,1,1,0,0,0,0,0,2,NA,2,2,0,"N","Y",73
"DOLPHD-6162","M",46,"Local","SinglePass",5,18,0,0,1,0,0,0,0,0,3,NA,2,1,0,"N","N",73
"DOLPHD-6165","M",40,"Local","MultiPass",5,16,0,0,1,1,0,1,1,0,1,NA,3,3,0,"N","N",121
"DOLPHD-6166","M",38,"Local","SinglePass",5,16,0,1,0,0,1,1,0,0,2,NA,2,1,0,"N","Y",96
"DOLPHD-6168","M",42,"Overseas","MultiPass",5,18,1,1,1,0,0,0,1,0,3,NA,4,2,0,"Y","Y",123
"DOLPHD-6169","M",50,"Overseas","SinglePass",5,18,NA,NA,NA,0,NA,NA,NA,0,1,NA,3,3,0,"N","Y",23
"DOLPHD-6172","M",51,"Local","MultiPass",5,18,NA,NA,NA,0,NA,NA,NA,0,2,NA,3,1,0,"N","Y",123
"DOLPHD-6182","M",53,"Overseas","MultiPass",5,18,NA,NA,NA,0,NA,NA,NA,1,1,NA,2,3,0,"N","N",123
"DOLPHD-6183","M",54,"Local","SinglePass",5,18,NA,NA,NA,0,NA,NA,NA,0,1,NA,2,4,0,"N","N",23
"DOLPHD-6188","M",49,"Overseas","SinglePass",5,18,1,0,1,0,0,1,0,0,2,NA,3,1,0,"N","N",98
"DOLPHD-6192","M",54,"Overseas","MultiPass",5,18,NA,NA,NA,0,NA,NA,NA,0,2,NA,3,2,0,"N","N",123
"DOLPHD-6193","M",50,"Overseas","MultiPass",5,18,NA,NA,NA,0,NA,NA,NA,1,2,NA,3,2,0,"N","N",123
"DOLPHD-6194","M",54,"Overseas","SinglePass",5,18,NA,NA,NA,0,NA,NA,NA,0,1,NA,2,4,0,"N","N",23
"DOLPHD-6200","M",53,"Overseas","MultiPass",5,18,NA,NA,NA,0,NA,NA,NA,1,3,NA,2,1,0,"N","N",123
"DOLPHD-6201","M",52,"Local","SinglePass",5,18,NA,NA,NA,0,NA,NA,NA,0,2,NA,4,1,0,"N","N",23
"DOLPHD-6202","M",54,"Local","SinglePass",5,18,NA,NA,NA,0,NA,NA,NA,1,2,NA,2,2,0,"N","N",48
"DOLPHD-6203","M",52,"Overseas","MultiPass",5,18,NA,NA,NA,0,NA,NA,NA,0,2,NA,4,2,0,"Y","Y",123
"DOLPHD-6205","M",54,"Overseas","SinglePass",5,18,NA,NA,NA,0,NA,NA,NA,1,1,NA,3,4,0,"N","N",48
"DOLPHD-6206","M",54,"Overseas","MultiPass",5,18,NA,NA,NA,0,NA,NA,NA,0,1,NA,2,3,0,"N","N",123
"DOLPHD-6207","M",54,"Local","MultiPass",5,18,NA,NA,NA,0,NA,NA,NA,1,2,NA,3,1,0,"Y","N",123
"DOLPHD-6208","M",51,"Local","SinglePass",5,18,NA,NA,NA,0,NA,NA,NA,1,2,NA,4,1,0,"N","N",48
"DOLPHD-6209","M",53,"Local","SinglePass",5,18,NA,NA,NA,0,NA,NA,NA,0,3,NA,3,2,0,"N","Y",23
"DOLPHD-6213","M",49,"Local","MultiPass",5,18,0,0,0,0,0,0,0,0,3,NA,4,1,0,"N","N",123
"DOLPHD-6217","M",52,"Overseas","MultiPass",5,18,NA,NA,NA,0,NA,NA,NA,1,3,NA,2,2,0,"N","N",123
"DOLPHD-6218","M",53,"Overseas","SinglePass",5,18,NA,NA,NA,0,NA,NA,NA,1,2,NA,3,1,0,"N","N",48
"DOLPHD-6219","M",54,"Local","SinglePass",5,18,NA,NA,NA,0,NA,NA,NA,1,2,NA,4,2,0,"N","N",48
"DOLPHD-6220","M",52,"Local","MultiPass",5,18,NA,NA,NA,0,NA,NA,NA,0,1,NA,2,3,0,"N","N",123
"DOLPHD-6222","M",50,"Local","SinglePass",5,18,NA,NA,NA,0,NA,NA,NA,0,1,NA,4,3,0,"Y","Y",23
"DOLPHD-6223","M",51,"Local","SinglePass",5,18,NA,NA,NA,0,NA,NA,NA,1,2,NA,4,2,0,"N","N",48
"DOLPHD-6227","M",50,"Overseas","MultiPass",5,18,NA,NA,NA,0,NA,NA,NA,0,1,NA,2,4,0,"N","N",123
"DOLPHD-6228","M",52,"Overseas","MultiPass",5,18,NA,NA,NA,0,NA,NA,NA,1,1,NA,3,3,0,"N","Y",123
"DOLPHD-6232","M",49,"Local","SinglePass",5,18,1,0,0,0,0,0,0,0,1,NA,2,3,0,"N","N",73
"DOLPHD-6233","M",55,"Local","SinglePass",5,18,NA,NA,NA,0,NA,NA,NA,1,1,NA,3,4,0,"Y","Y",48
"DOLPHD-6239","M",52,"Overseas","SinglePass",5,18,NA,NA,NA,0,NA,NA,NA,0,2,NA,4,1,0,"N","N",23
"DOLPHD-6240","M",49,"Overseas","SinglePass",5,18,1,0,0,0,0,0,0,0,1,NA,3,4,0,"N","N",48
"DOLPHD-6242","M",49,"Overseas","MultiPass",5,18,0,0,0,0,0,1,0,0,3,NA,4,1,0,"N","Y",123
"DOLPHD-6243","M",54,"Local","SinglePass",5,18,NA,NA,NA,0,NA,NA,NA,0,3,NA,3,2,0,"N","N",23
"DOLPHD-6245","M",55,"Local","MultiPass",5,18,NA,NA,NA,0,NA,NA,NA,0,3,NA,3,1,0,"N","N",123
"DOLPHD-6246","M",54,"Local","SinglePass",5,18,NA,NA,NA,0,NA,NA,NA,1,1,NA,3,4,0,"N","N",48
"DOLPHD-6248","M",53,"Overseas","MultiPass",5,18,NA,NA,NA,0,NA,NA,NA,0,1,NA,2,3,0,"N","N",123
"DOLPHD-6249","M",52,"Local","MultiPass",5,18,NA,NA,NA,0,NA,NA,NA,0,1,NA,4,4,0,"N","N",123
"DOLPHD-6254","M",52,"Overseas","SinglePass",5,18,NA,NA,NA,0,NA,NA,NA,0,1,NA,3,3,0,"N","N",23
"DOLPHD-6255","M",55,"Local","MultiPass",5,18,NA,NA,NA,0,NA,NA,NA,0,1,NA,2,3,0,"N","N",123
"DOLPHD-6257","M",54,"Local","SinglePass",5,18,NA,NA,NA,0,NA,NA,NA,0,3,NA,4,2,0,"N","N",23
"DOLPHD-6260","M",55,"Overseas","SinglePass",5,18,NA,NA,NA,0,NA,NA,NA,0,3,NA,2,2,0,"N","N",23
"DOLPHD-6262","M",54,"Local","MultiPass",5,18,NA,NA,NA,0,NA,NA,NA,1,2,NA,4,2,0,"N","N",123
"DOLPHD-6264","M",49,"Overseas","SinglePass",5,18,1,0,0,0,1,1,1,0,1,NA,2,4,0,"N","Y",123
"DOLPHD-6265","M",51,"Overseas","SinglePass",5,18,NA,NA,NA,0,NA,NA,NA,0,3,NA,3,1,0,"N","N",23
"DOLPHD-6266","M",54,"Overseas","MultiPass",5,18,NA,NA,NA,0,NA,NA,NA,1,3,NA,4,2,0,"N","Y",123
"DOLPHD-6267","M",49,"Local","SinglePass",5,18,1,0,1,0,1,1,0,0,1,NA,2,3,0,"N","N",123
"DOLPHD-6268","M",55,"Local","SinglePass",5,18,NA,NA,NA,0,NA,NA,NA,1,3,NA,3,1,0,"N","N",48
"DOLPHD-6269","M",55,"Local","MultiPass",5,18,NA,NA,NA,0,NA,NA,NA,1,1,NA,4,3,0,"N","N",123
"DOLPHD-6271","M",54,"Local","SinglePass",5,18,NA,NA,NA,0,NA,NA,NA,1,2,NA,4,2,0,"N","N",48
"DOLPHD-6274","M",53,"Local","SinglePass",5,18,NA,NA,NA,0,NA,NA,NA,1,3,NA,2,2,0,"Y","Y",48
"DOLPHD-6279","M",64,"Local","SinglePass",5,18,NA,NA,NA,0,NA,NA,NA,0,3,NA,2,1,0,"N","N",23
"DOLPHD-6280","M",64,"Local","MultiPass",5,18,NA,NA,NA,0,NA,NA,NA,0,1,NA,2,3,0,"N","N",123
"DOLPHD-6281","M",60,"Local","SinglePass",5,18,NA,NA,NA,0,NA,NA,NA,0,1,NA,4,3,0,"N","N",23
"DOLPHD-6283","M",58,"Local","MultiPass",5,18,NA,NA,NA,0,NA,NA,NA,0,3,NA,3,1,0,"N","N",123
"DOLPHD-6284","M",56,"Overseas","MultiPass",5,18,NA,NA,NA,0,NA,NA,NA,1,1,NA,2,4,0,"N","N",123
"DOLPHD-6287","M",62,"Overseas","MultiPass",5,18,NA,NA,NA,0,NA,NA,NA,1,1,NA,3,4,0,"N","N",123
"DOLPHD-6289","M",57,"Overseas","SinglePass",5,18,NA,NA,NA,0,NA,NA,NA,0,1,NA,2,4,0,"N","Y",23
"DOLPHD-6291","M",59,"Local","MultiPass",5,18,NA,NA,NA,0,NA,NA,NA,0,2,NA,4,2,0,"N","N",123
"DOLPHD-6292","M",57,"Local","SinglePass",5,18,NA,NA,NA,0,NA,NA,NA,0,1,NA,2,3,0,"N","N",23
"DOLPHD-6300","M",56,"Overseas","SinglePass",5,18,NA,NA,NA,0,NA,NA,NA,0,1,NA,4,4,0,"N","Y",23
"DOLPHD-6302","M",59,"Overseas","SinglePass",5,18,NA,NA,NA,0,NA,NA,NA,0,1,NA,2,3,0,"N","Y",23
"DOLPHD-6303","M",64,"Local","SinglePass",5,18,NA,NA,NA,0,NA,NA,NA,0,1,NA,4,4,0,"Y","N",23
"DOLPHD-6304","M",60,"Local","MultiPass",5,18,NA,NA,NA,0,NA,NA,NA,0,2,NA,3,2,0,"N","N",123
"DOLPHD-6305","M",58,"Local","MultiPass",5,18,NA,NA,NA,0,NA,NA,NA,1,1,NA,4,4,0,"N","N",123
"DOLPHD-6306","M",65,"Local","SinglePass",5,18,NA,NA,NA,0,NA,NA,NA,0,1,NA,3,4,0,"N","N",23
"DOLPHD-6314","M",60,"Overseas","SinglePass",5,18,NA,NA,NA,0,NA,NA,NA,1,1,NA,2,3,0,"N","Y",48
"DOLPHD-6316","M",56,"Local","SinglePass",5,18,NA,NA,NA,0,NA,NA,NA,0,2,NA,2,1,0,"Y","Y",23
"DOLPHD-6319","M",64,"Local","MultiPass",5,18,NA,NA,NA,0,NA,NA,NA,1,2,NA,3,2,0,"N","N",123
"DOLPHD-6320","M",62,"Overseas","SinglePass",5,18,NA,NA,NA,0,NA,NA,NA,1,1,NA,3,3,0,"N","N",48
"DOLPHD-6323","M",63,"Overseas","SinglePass",5,18,NA,NA,NA,0,NA,NA,NA,1,3,NA,4,2,0,"N","N",48
"DOLPHD-6324","M",64,"Overseas","SinglePass",5,18,NA,NA,NA,0,NA,NA,NA,1,3,NA,4,1,0,"N","Y",48
"DOLPHD-6326","M",63,"Overseas","MultiPass",5,18,NA,NA,NA,0,NA,NA,NA,1,1,NA,2,3,0,"N","N",123
"DOLPHD-6335","M",60,"Overseas","SinglePass",5,18,NA,NA,NA,0,NA,NA,NA,1,3,NA,4,1,0,"N","N",48
"DOLPHD-6337","M",66,"Overseas","SinglePass",5,18,NA,NA,NA,0,NA,NA,NA,0,2,NA,2,1,0,"N","Y",23
"DOLPHD-6340","M",56,"Local","MultiPass",5,18,NA,NA,NA,0,NA,NA,NA,1,3,NA,4,2,0,"N","N",123
"DOLPHD-6341","M",61,"Local","SinglePass",5,18,NA,NA,NA,0,NA,NA,NA,0,1,NA,2,4,0,"N","N",23
"DOLPHD-6342","M",57,"Local","SinglePass",5,18,NA,NA,NA,0,NA,NA,NA,1,1,NA,3,4,0,"N","Y",48
"DOLPHD-6343","M",62,"Local","MultiPass",5,18,NA,NA,NA,0,NA,NA,NA,1,1,NA,4,3,0,"N","Y",123
"DOLPHD-6344","M",64,"Overseas","SinglePass",5,18,NA,NA,NA,0,NA,NA,NA,1,2,NA,3,2,0,"N","N",48
"DOLPHD-6346","M",64,"Local","MultiPass",5,18,NA,NA,NA,0,NA,NA,NA,1,2,NA,2,1,0,"N","N",123
"DOLPHD-6347","M",65,"Overseas","MultiPass",5,18,NA,NA,NA,0,NA,NA,NA,1,1,NA,4,4,0,"N","Y",123
"DOLPHD-6348","M",65,"Overseas","SinglePass",5,18,NA,NA,NA,0,NA,NA,NA,1,1,NA,3,4,0,"N","N",48
"DOLPHD-6349","M",60,"Overseas","SinglePass",5,18,NA,NA,NA,0,NA,NA,NA,1,3,NA,3,1,0,"N","N",48
"DOLPHD-6353","M",64,"Local","MultiPass",5,18,NA,NA,NA,0,NA,NA,NA,0,3,NA,4,1,0,"N","N",123
"DOLPHD-6354","M",65,"Local","MultiPass",5,18,NA,NA,NA,0,NA,NA,NA,1,1,NA,4,4,0,"N","N",123
"DOLPHD-6358","M",63,"Local","SinglePass",5,18,NA,NA,NA,0,NA,NA,NA,1,2,NA,4,2,0,"N","Y",48
"DOLPHD-6359","M",59,"Overseas","SinglePass",5,18,NA,NA,NA,0,NA,NA,NA,1,3,NA,4,2,0,"N","Y",48
"DOLPHD-6364","M",64,"Local","MultiPass",5,18,NA,NA,NA,0,NA,NA,NA,1,3,NA,2,1,0,"N","N",123
"DOLPHD-6365","M",66,"Local","SinglePass",5,18,NA,NA,NA,0,NA,NA,NA,0,1,NA,4,4,0,"N","N",23
"DOLPHD-6366","M",64,"Local","SinglePass",5,18,NA,NA,NA,0,NA,NA,NA,1,3,NA,3,1,0,"N","N",48
"DOLPHD-6367","M",64,"Local","MultiPass",5,18,NA,NA,NA,0,NA,NA,NA,0,3,NA,2,2,0,"N","Y",123
"DOLPHD-6368","M",56,"Overseas","MultiPass",5,18,NA,NA,NA,0,NA,NA,NA,1,2,NA,2,2,0,"N","N",123
"DOLPHD-6371","M",64,"Overseas","MultiPass",5,18,NA,NA,NA,0,NA,NA,NA,1,2,NA,3,1,0,"N","N",123
"DOLPHD-6373","M",59,"Overseas","SinglePass",5,18,NA,NA,NA,0,NA,NA,NA,0,2,NA,2,1,0,"N","Y",23
"DOLPHD-6374","M",57,"Overseas","MultiPass",5,18,NA,NA,NA,0,NA,NA,NA,0,3,NA,4,1,0,"N","N",123
"DOLPHD-6375","M",64,"Local","MultiPass",5,18,NA,NA,NA,0,NA,NA,NA,0,1,NA,2,3,0,"N","N",123
"DOLPHD-6376","M",58,"Local","SinglePass",5,18,NA,NA,NA,0,NA,NA,NA,1,1,NA,4,3,0,"N","Y",48
"DOLPHD-6377","M",57,"Local","SinglePass",5,18,NA,NA,NA,0,NA,NA,NA,1,3,NA,4,1,0,"N","Y",48
"DOLPHD-6378","M",60,"Local","MultiPass",5,18,NA,NA,NA,0,NA,NA,NA,0,1,NA,3,3,0,"N","Y",123
"DOLPHD-6379","M",60,"Local","SinglePass",5,18,NA,NA,NA,0,NA,NA,NA,1,3,NA,3,1,0,"N","N",48
"DOLPHD-6380","M",64,"Overseas","SinglePass",5,18,NA,NA,NA,0,NA,NA,NA,0,1,NA,3,4,0,"N","Y",23
"DOLPHD-6384","M",61,"Overseas","SinglePass",5,18,NA,NA,NA,0,NA,NA,NA,0,1,NA,3,3,0,"N","N",23
"DOLPHD-6386","M",58,"Overseas","SinglePass",5,18,NA,NA,NA,0,NA,NA,NA,0,2,NA,2,2,0,"N","N",23
"DOLPHD-6387","M",64,"Local","SinglePass",5,18,NA,NA,NA,0,NA,NA,NA,1,1,NA,2,3,0,"N","N",48
"DOLPHD-6389","M",66,"Local","MultiPass",5,18,NA,NA,NA,0,NA,NA,NA,1,1,NA,2,4,0,"N","N",123
"DOLPHD-6391","M",60,"Local","SinglePass",5,18,NA,NA,NA,0,NA,NA,NA,0,2,NA,4,2,0,"N","Y",23
"DOLPHD-6393","M",65,"Local","SinglePass",5,18,NA,NA,NA,0,NA,NA,NA,0,1,NA,3,4,0,"N","N",23
"DOLPHD-6394","M",57,"Local","SinglePass",5,18,NA,NA,NA,0,NA,NA,NA,0,3,NA,4,2,0,"N","N",23
"DOLPHD-6395","M",64,"Overseas","MultiPass",5,18,NA,NA,NA,0,NA,NA,NA,1,2,NA,2,1,0,"N","Y",123
"DOLPHD-6396","M",62,"Overseas","MultiPass",5,18,NA,NA,NA,0,NA,NA,NA,0,3,NA,4,2,0,"N","Y",123
"DOLPHD-6399","M",58,"Local","MultiPass",5,18,NA,NA,NA,0,NA,NA,NA,1,1,NA,2,4,0,"N","Y",123
"DOLPHD-6409","M",59,"Overseas","MultiPass",5,18,NA,NA,NA,0,NA,NA,NA,0,1,NA,3,4,0,"N","N",123
"DOLPHD-6411","M",64,"Local","SinglePass",5,18,NA,NA,NA,0,NA,NA,NA,0,3,NA,3,1,0,"N","N",23
"DOLPHD-6413","M",59,"Local","MultiPass",5,18,NA,NA,NA,0,NA,NA,NA,0,1,NA,4,3,0,"N","N",123
"DOLPHD-6414","M",57,"Local","SinglePass",5,18,NA,NA,NA,0,NA,NA,NA,1,1,NA,2,3,0,"N","Y",48
"DOLPHD-6419","M",66,"Overseas","SinglePass",5,18,NA,NA,NA,0,NA,NA,NA,0,1,NA,2,3,0,"N","N",23
"DOLPHD-6422","M",64,"Overseas","SinglePass",5,18,NA,NA,NA,0,NA,NA,NA,1,2,NA,2,2,0,"N","N",48
"DOLPHD-6423","M",60,"Local","MultiPass",5,18,NA,NA,NA,0,NA,NA,NA,0,1,NA,2,3,0,"N","N",123
"DOLPHD-6424","M",59,"Local","MultiPass",5,18,NA,NA,NA,0,NA,NA,NA,0,2,NA,4,1,0,"N","N",123
"DOLPHD-6426","M",63,"Local","SinglePass",5,18,NA,NA,NA,0,NA,NA,NA,1,1,NA,2,3,0,"N","N",48
"DOLPHD-6428","M",57,"Overseas","SinglePass",5,18,NA,NA,NA,0,NA,NA,NA,0,1,NA,2,4,0,"N","N",23
"DOLPHD-6430","M",66,"Local","MultiPass",5,18,NA,NA,NA,0,NA,NA,NA,1,3,NA,3,2,0,"N","N",123
"DOLPHD-6433","M",64,"Overseas","SinglePass",5,18,NA,NA,NA,0,NA,NA,NA,0,3,NA,4,2,0,"N","N",23
"DOLPHD-6435","M",62,"Local","SinglePass",5,18,NA,NA,NA,0,NA,NA,NA,1,1,NA,2,4,0,"N","N",48
"DOLPHD-6437","M",57,"Local","MultiPass",5,18,NA,NA,NA,0,NA,NA,NA,0,1,NA,3,3,0,"N","N",123
"DOLPHD-6438","M",64,"Local","MultiPass",5,18,NA,NA,NA,0,NA,NA,NA,1,2,NA,3,1,0,"N","N",123
"DOLPHD-6439","M",60,"Local","SinglePass",5,18,NA,NA,NA,0,NA,NA,NA,1,3,NA,4,2,0,"Y","Y",48
"DOLPHD-6442","M",59,"Local","SinglePass",5,18,NA,NA,NA,0,NA,NA,NA,1,1,NA,4,3,0,"N","N",48
"DOLPHD-6446","M",57,"Overseas","SinglePass",5,18,NA,NA,NA,0,NA,NA,NA,0,3,NA,2,2,0,"N","N",23
"DOLPHD-6447","M",63,"Local","SinglePass",5,18,NA,NA,NA,0,NA,NA,NA,0,2,NA,2,1,0,"Y","Y",23
"DOLPHD-6449","M",56,"Local","SinglePass",5,18,NA,NA,NA,0,NA,NA,NA,1,2,NA,3,1,0,"N","Y",48
"DOLPHD-6453","M",57,"Local","SinglePass",5,18,NA,NA,NA,0,NA,NA,NA,1,3,NA,2,2,0,"N","N",48
"DOLPHD-6454","M",56,"Local","SinglePass",5,18,NA,NA,NA,0,NA,NA,NA,1,3,NA,3,2,0,"N","N",48
"DOLPHD-6457","M",62,"Overseas","SinglePass",5,18,NA,NA,NA,0,NA,NA,NA,0,3,NA,4,2,0,"N","N",23
"DOLPHD-6459","M",58,"Local","MultiPass",5,18,NA,NA,NA,0,NA,NA,NA,1,1,NA,3,4,0,"N","Y",123
"DOLPHD-6460","M",10,"Local","SinglePass",3,6,1,0,1,0,0,1,0,0,1,NA,3,4,0,"N","Y",84
"DOLPHD-6461","M",7,"Local","SinglePass",3,6,1,0,0,0,0,1,0,1,1,NA,4,4,0,"Y","Y",84
"DOLPHD-6462","M",7,"Local","MultiPass",3,6,0,0,0,0,0,1,0,1,1,NA,2,3,0,"N","N",109
"DOLPHD-6463","M",5,"Local","SinglePass",3,6,0,1,1,0,0,1,1,1,3,NA,2,2,0,"N","N",134
"DOLPHD-6465","M",6,"Local","MultiPass",3,6,0,0,1,1,0,1,0,1,3,NA,2,1,0,"N","N",109
"DOLPHD-6466","M",12,"Local","MultiPass",3,NA,1,1,0,0,0,0,0,1,1,NA,2,3,0,"N","N",103
"DOLPHD-6467","M",9,"Overseas","SinglePass",3,6,0,0,0,0,0,1,1,0,1,NA,4,4,0,"N","N",84
"DOLPHD-6474","M",5,"Local","SinglePass",3,6,1,0,0,0,0,1,0,1,3,NA,4,1,0,"N","N",109
"DOLPHD-6475","M",7,"Local","SinglePass",3,6,1,0,0,0,0,0,0,1,1,NA,4,4,0,"N","N",84
"DOLPHD-6478","M",12,"Local","SinglePass",3,NA,1,0,0,0,1,0,0,1,3,NA,2,1,0,"N","N",103
"DOLPHD-6479","M",5,"Overseas","MultiPass",3,6,0,1,0,0,0,1,0,0,2,NA,2,1,0,"N","N",109
"DOLPHD-6483","M",10,"Local","MultiPass",3,6,1,0,1,1,0,0,0,0,2,NA,4,1,0,"Y","Y",109
"DOLPHD-6486","M",7,"Local","MultiPass",3,6,1,0,0,0,1,1,0,0,1,NA,2,4,0,"N","N",109
"DOLPHD-6490","M",12,"Local","MultiPass",3,NA,0,0,0,1,0,0,0,0,1,NA,4,3,0,"N","N",103
"DOLPHD-6491","M",11,"Overseas","SinglePass",3,6,0,0,1,0,1,0,0,0,1,NA,4,3,0,"N","N",84
"DOLPHD-6494","M",5,"Overseas","MultiPass",3,6,0,0,0,0,1,1,0,1,2,NA,4,2,0,"Y","N",109
"DOLPHD-6496","M",9,"Local","SinglePass",3,6,1,1,1,0,0,0,1,0,3,NA,4,2,0,"N","Y",134
"DOLPHD-6499","M",11,"Local","SinglePass",3,6,1,0,0,0,1,0,0,0,2,NA,3,1,0,"N","N",84
"DOLPHD-6503","M",11,"Overseas","SinglePass",3,6,1,0,0,0,0,0,1,0,3,NA,2,1,0,"N","Y",84
"DOLPHD-6504","M",10,"Overseas","MultiPass",3,6,0,1,0,1,0,1,0,1,2,NA,2,2,0,"N","N",109
"DOLPHD-6511","M",12,"Local","MultiPass",3,NA,0,0,1,1,0,0,1,0,2,NA,2,2,0,"N","N",103
"DOLPHD-6512","M",7,"Overseas","SinglePass",3,6,0,0,0,0,0,1,1,1,1,NA,4,3,0,"N","N",109
"DOLPHD-6513","M",12,"Local","SinglePass",3,NA,1,0,1,0,0,0,0,0,1,NA,4,4,0,"N","N",78
"DOLPHD-6516","M",6,"Local","SinglePass",3,6,1,0,0,0,0,1,0,1,1,NA,4,3,0,"N","N",84
"DOLPHD-6522","M",5,"Local","MultiPass",3,6,0,0,1,1,1,0,0,0,2,NA,3,2,0,"Y","Y",109
"DOLPHD-6524","M",12,"Local","SinglePass",3,NA,0,0,0,0,0,0,1,1,1,NA,4,3,0,"N","N",53
"DOLPHD-6534","M",7,"Local","SinglePass",3,6,1,0,1,0,1,0,0,0,2,NA,4,2,0,"N","N",109
"DOLPHD-6535","M",12,"Local","MultiPass",3,NA,0,0,1,1,0,1,0,0,3,NA,4,1,0,"N","N",103
"DOLPHD-6536","M",10,"Overseas","MultiPass",3,6,1,0,0,1,0,1,0,1,2,NA,4,2,0,"N","N",109
"DOLPHD-6540","M",8,"Local","SinglePass",3,6,1,1,0,0,0,1,1,0,1,NA,4,4,0,"N","Y",134
"DOLPHD-6541","M",6,"Local","SinglePass",3,6,0,0,0,0,0,0,0,0,3,NA,4,1,0,"N","N",34
"DOLPHD-6544","M",8,"Local","SinglePass",3,6,1,0,1,0,1,0,1,0,1,NA,4,4,0,"N","N",134
"DOLPHD-6547","M",11,"Overseas","SinglePass",3,6,1,1,0,0,0,1,1,1,2,NA,4,2,0,"Y","Y",134
"DOLPHD-6549","M",7,"Local","MultiPass",3,6,0,0,1,1,0,0,0,0,2,NA,2,1,0,"N","Y",109
"DOLPHD-6551","M",9,"Local","SinglePass",3,6,0,0,0,0,0,1,1,1,2,NA,2,1,0,"N","N",109
"DOLPHD-6553","M",10,"Local","MultiPass",3,6,0,0,0,1,1,0,1,0,1,NA,3,4,0,"N","N",109
"DOLPHD-6558","M",10,"Local","SinglePass",3,6,1,1,0,0,1,0,0,1,2,NA,2,1,0,"Y","Y",109
"DOLPHD-6559","M",9,"Local","SinglePass",3,6,1,0,1,0,0,1,0,1,3,NA,3,2,0,"N","N",109
"DOLPHD-6560","M",5,"Local","MultiPass",3,6,1,0,0,1,1,0,0,0,3,NA,2,1,0,"N","Y",109
"DOLPHD-6564","M",10,"Overseas","MultiPass",3,6,1,0,0,0,0,1,0,1,1,NA,4,4,0,"N","N",109
"DOLPHD-6566","M",6,"Overseas","SinglePass",3,6,1,0,1,0,0,1,0,1,2,NA,3,1,0,"N","Y",109
"DOLPHD-6570","M",5,"Local","MultiPass",3,6,0,0,1,0,1,1,0,0,1,NA,3,3,0,"N","N",109
"DOLPHD-6571","M",6,"Local","MultiPass",3,6,0,0,1,1,0,1,0,1,1,NA,3,4,0,"N","N",109
"DOLPHD-6572","M",6,"Overseas","SinglePass",3,6,0,0,0,0,0,0,0,0,3,NA,3,2,0,"N","N",34
"DOLPHD-6574","M",10,"Overseas","MultiPass",3,6,0,0,1,1,0,0,0,0,2,NA,3,1,0,"N","N",109
"DOLPHD-6575","M",5,"Overseas","SinglePass",3,6,1,1,0,0,0,1,1,0,2,NA,4,1,0,"N","Y",134
"DOLPHD-6576","M",5,"Local","SinglePass",3,6,0,0,0,0,1,1,1,1,2,NA,4,2,0,"N","N",134
"DOLPHD-6580","M",8,"Local","SinglePass",3,6,1,0,1,0,0,1,0,1,1,NA,3,4,0,"Y","Y",109
"DOLPHD-6582","M",12,"Overseas","SinglePass",3,NA,1,0,0,0,0,1,1,1,3,NA,3,1,0,"N","N",128
"DOLPHD-6583","M",5,"Overseas","SinglePass",3,6,0,1,0,0,0,0,0,1,1,NA,4,4,0,"Y","Y",59
"DOLPHD-6586","M",12,"Local","SinglePass",3,NA,0,0,1,0,0,1,0,0,2,NA,3,2,0,"N","Y",78
"DOLPHD-6587","M",10,"Local","SinglePass",3,6,1,0,1,0,1,1,0,0,1,NA,3,3,0,"N","N",134
"DOLPHD-6588","M",10,"Local","MultiPass",3,6,0,1,0,0,0,0,0,0,2,NA,2,2,0,"N","N",109
"DOLPHD-6590","M",5,"Overseas","SinglePass",3,6,0,0,0,0,0,1,0,1,1,NA,2,3,0,"N","N",84
"DOLPHD-6592","M",9,"Overseas","MultiPass",3,6,1,1,0,0,1,1,0,0,1,NA,4,3,0,"Y","N",109
"DOLPHD-6593","M",9,"Overseas","SinglePass",3,6,1,0,1,0,0,0,1,1,3,NA,4,2,0,"N","N",109
"DOLPHD-6594","M",8,"Local","SinglePass",3,6,1,0,1,0,1,0,0,1,1,NA,3,4,0,"N","N",134
"DOLPHD-6596","M",6,"Local","SinglePass",3,6,0,0,1,0,0,0,0,0,2,NA,2,1,0,"N","Y",59
"DOLPHD-6600","M",9,"Overseas","SinglePass",3,6,1,0,0,0,0,0,1,1,1,NA,3,4,0,"N","N",109
"DOLPHD-6604","M",5,"Local","SinglePass",3,6,0,0,0,0,1,1,1,1,3,NA,3,1,0,"N","N",134
"DOLPHD-6614","M",5,"Local","SinglePass",3,6,0,0,0,0,0,1,1,0,2,NA,3,2,0,"N","N",84
"DOLPHD-6615","M",9,"Local","SinglePass",3,6,1,1,0,0,0,0,0,0,2,NA,3,2,0,"N","N",84
"DOLPHD-6616","M",6,"Local","MultiPass",3,6,0,0,0,1,0,1,0,1,3,NA,3,1,0,"N","N",109
"DOLPHD-6617","M",12,"Overseas","SinglePass",3,NA,0,1,0,0,0,1,1,1,1,NA,3,4,0,"N","N",103
"DOLPHD-6618","M",5,"Overseas","SinglePass",3,6,0,0,0,0,0,1,1,0,3,NA,3,2,0,"Y","N",84
"DOLPHD-6622","M",8,"Local","SinglePass",3,6,1,0,1,0,1,0,1,1,1,NA,4,4,0,"N","N",159
"DOLPHD-6623","M",12,"Local","MultiPass",3,NA,1,1,1,1,0,0,0,1,1,NA,4,4,0,"N","N",103
"DOLPHD-6624","M",5,"Local","SinglePass",3,6,1,0,1,0,0,1,1,0,3,NA,3,1,0,"N","N",134
"DOLPHD-6625","M",8,"Local","SinglePass",3,6,1,0,0,0,0,1,1,1,2,NA,4,1,0,"N","Y",134
"DOLPHD-6626","M",5,"Overseas","MultiPass",3,6,0,0,0,1,0,0,0,0,1,NA,2,4,0,"N","N",109
"DOLPHD-6634","M",10,"Local","MultiPass",3,6,1,0,0,1,0,0,0,0,1,NA,4,4,0,"N","Y",109
"DOLPHD-6635","M",10,"Overseas","SinglePass",3,6,0,1,0,0,1,0,0,0,2,NA,2,2,0,"Y","Y",59
"DOLPHD-6636","M",7,"Overseas","SinglePass",3,6,1,0,0,0,0,1,0,1,1,NA,3,4,0,"N","N",84
"DOLPHD-6640","F",12,"Local","MultiPass",3,NA,1,0,1,1,0,0,0,1,1,NA,3,4,0,"N","Y",103
"DOLPHD-6644","F",8,"Overseas","MultiPass",3,6,1,0,0,0,0,1,1,1,2,NA,3,2,0,"N","N",109
"DOLPHD-6645","F",7,"Overseas","SinglePass",3,6,1,1,0,0,0,0,1,0,3,NA,3,1,0,"N","N",84
"DOLPHD-6646","F",5,"Overseas","SinglePass",3,6,0,1,1,0,0,1,0,1,1,NA,3,3,0,"N","N",109
"DOLPHD-6647","F",7,"Overseas","MultiPass",3,6,0,0,1,1,0,0,1,1,2,NA,4,1,0,"N","N",109
"DOLPHD-6651","F",7,"Local","MultiPass",3,6,0,0,1,1,0,1,1,0,3,NA,3,1,0,"Y","Y",109
"DOLPHD-6653","F",12,"Overseas","SinglePass",3,NA,0,0,0,0,1,0,0,0,3,NA,3,2,0,"Y","Y",53
"DOLPHD-6654","F",9,"Overseas","MultiPass",3,6,1,0,1,0,0,1,0,0,1,NA,4,3,0,"Y","Y",109
"DOLPHD-6657","F",6,"Local","SinglePass",3,6,0,1,1,0,0,0,0,1,1,NA,3,3,0,"N","N",84
"DOLPHD-6658","F",6,"Local","MultiPass",3,6,1,0,0,1,1,1,0,0,1,NA,2,4,0,"N","Y",109
"DOLPHD-6659","F",9,"Local","SinglePass",3,6,0,0,1,0,0,1,0,0,3,NA,3,2,0,"N","Y",59
"DOLPHD-6660","F",11,"Local","SinglePass",3,6,0,0,0,0,0,1,0,1,2,NA,3,1,0,"N","Y",59
"DOLPHD-6661","F",9,"Local","MultiPass",3,6,1,1,0,1,0,0,0,0,3,NA,2,2,0,"N","N",109
"DOLPHD-6668","F",8,"Local","MultiPass",3,6,0,1,0,1,0,1,1,0,3,NA,4,1,0,"N","N",109
"DOLPHD-6669","F",11,"Local","MultiPass",3,6,1,0,0,1,1,1,1,1,1,NA,4,3,0,"N","Y",109
"DOLPHD-6670","F",6,"Local","SinglePass",3,6,1,1,0,0,0,0,0,0,3,NA,3,2,0,"N","Y",84
"DOLPHD-6674","F",10,"Overseas","SinglePass",3,6,1,1,1,0,0,1,0,0,2,NA,4,1,0,"N","N",134
"DOLPHD-6675","F",8,"Local","MultiPass",3,6,0,0,0,0,1,1,0,0,3,NA,4,2,0,"N","N",109
"DOLPHD-6676","F",5,"Local","MultiPass",3,6,0,1,1,0,0,0,0,1,3,NA,2,1,0,"N","N",109
"DOLPHD-6677","F",8,"Local","SinglePass",3,6,0,0,1,0,1,0,1,1,3,NA,3,1,0,"N","N",134
"DOLPHD-6678","F",10,"Local","SinglePass",3,6,1,0,0,0,0,0,1,0,1,NA,4,3,0,"N","N",84
"DOLPHD-6680","F",9,"Overseas","SinglePass",3,6,1,0,0,0,0,0,0,0,3,NA,4,2,0,"N","N",59
"DOLPHD-6682","F",11,"Overseas","MultiPass",3,6,0,1,1,0,1,1,0,0,3,NA,4,2,0,"N","N",109
"DOLPHD-6683","F",9,"Overseas","MultiPass",3,6,1,0,0,0,0,1,1,1,1,NA,4,4,0,"N","N",109
"DOLPHD-6685","F",12,"Local","SinglePass",3,NA,1,0,1,0,0,0,0,0,2,NA,2,2,0,"N","N",53
"DOLPHD-6686","F",5,"Local","MultiPass",3,6,0,0,0,0,1,0,1,0,1,NA,3,4,0,"N","Y",109
"DOLPHD-6687","F",9,"Local","SinglePass",3,6,0,1,0,0,0,0,1,0,3,NA,2,1,0,"N","N",84
"DOLPHD-6689","F",5,"Overseas","MultiPass",3,6,1,1,1,0,1,0,0,1,1,NA,2,4,0,"N","N",109
"DOLPHD-6691","F",11,"Overseas","SinglePass",3,6,1,0,1,0,0,1,0,0,1,NA,2,4,0,"N","N",84
"DOLPHD-6692","F",6,"Overseas","SinglePass",3,6,0,0,0,0,0,1,0,0,1,NA,4,3,0,"N","N",59
"DOLPHD-6693","F",11,"Local","MultiPass",3,6,0,0,0,0,0,1,0,1,2,NA,3,1,0,"N","N",109
"DOLPHD-6694","F",12,"Local","SinglePass",3,NA,1,0,1,0,0,1,0,0,2,NA,4,2,0,"N","N",78
"DOLPHD-6696","F",8,"Local","MultiPass",3,6,0,0,1,1,0,0,1,0,3,NA,2,2,0,"N","Y",109
"DOLPHD-6698","F",8,"Overseas","SinglePass",3,6,0,0,0,0,0,1,0,0,3,NA,4,1,0,"N","N",34
"DOLPHD-6700","F",8,"Overseas","MultiPass",3,6,0,0,0,1,0,1,0,1,1,NA,4,3,0,"N","N",109
"DOLPHD-6703","F",11,"Local","MultiPass",3,6,1,0,0,0,0,0,0,0,1,NA,3,4,0,"N","Y",109
"DOLPHD-6704","F",11,"Local","MultiPass",3,6,0,0,0,1,0,0,0,0,3,NA,2,1,0,"N","N",109
"DOLPHD-6705","F",12,"Local","SinglePass",3,NA,0,0,0,0,1,1,1,1,2,NA,3,1,0,"Y","Y",128
"DOLPHD-6706","F",8,"Local","SinglePass",3,6,1,0,0,0,0,0,0,1,1,NA,2,4,0,"N","N",84
"DOLPHD-6707","F",6,"Overseas","MultiPass",3,6,0,0,1,1,1,0,0,1,1,NA,4,3,0,"N","N",109
"DOLPHD-6716","F",8,"Overseas","SinglePass",3,6,1,0,0,0,0,1,0,1,1,NA,2,4,0,"N","N",109
"DOLPHD-6718","F",6,"Overseas","MultiPass",3,6,1,0,1,0,1,1,0,0,1,NA,3,4,0,"N","Y",109
"DOLPHD-6719","F",11,"Overseas","SinglePass",3,6,0,0,1,0,0,0,0,1,2,NA,3,1,0,"N","N",84
"DOLPHD-6721","F",6,"Local","MultiPass",3,6,1,0,0,1,1,0,0,1,2,NA,3,1,0,"N","N",109
"DOLPHD-6723","F",6,"Local","SinglePass",3,6,0,0,0,0,0,0,0,1,1,NA,2,4,0,"N","N",59
"DOLPHD-6727","F",8,"Overseas","SinglePass",3,6,0,0,1,0,0,1,1,1,2,NA,2,2,0,"N","N",109
"DOLPHD-6729","F",9,"Local","SinglePass",3,6,1,0,0,0,0,0,0,0,1,NA,3,4,0,"N","N",34
"DOLPHD-6732","F",11,"Local","MultiPass",3,6,1,0,1,0,0,0,1,1,3,NA,4,2,0,"N","N",109
"DOLPHD-6738","F",11,"Local","MultiPass",3,6,1,0,0,1,0,0,0,0,3,NA,3,1,0,"N","N",109
"DOLPHD-6739","F",5,"Local","MultiPass",3,6,1,0,1,1,1,0,0,0,1,NA,3,3,0,"N","Y",109
"DOLPHD-6740","F",9,"Local","SinglePass",3,6,0,0,0,0,0,1,0,0,1,NA,4,3,0,"N","N",34
"DOLPHD-6741","F",5,"Local","SinglePass",3,6,1,0,0,0,0,1,1,0,1,NA,2,4,0,"N","N",109
"DOLPHD-6746","F",12,"Overseas","MultiPass",3,NA,0,0,0,0,0,1,0,1,3,NA,3,1,0,"Y","Y",103
"DOLPHD-6749","F",9,"Local","MultiPass",3,6,1,0,0,1,0,1,0,1,1,NA,4,3,0,"N","N",109
"DOLPHD-6751","F",6,"Local","SinglePass",3,6,1,1,0,0,1,0,0,1,1,NA,3,4,0,"N","N",109
"DOLPHD-6752","F",7,"Overseas","MultiPass",3,6,0,0,1,1,1,1,1,1,3,NA,4,2,0,"N","N",109
"DOLPHD-6754","F",5,"Overseas","SinglePass",3,6,0,0,0,0,0,1,0,0,2,NA,3,1,0,"N","Y",59
"DOLPHD-6757","F",11,"Local","SinglePass",3,6,1,0,0,0,1,0,0,1,3,NA,4,2,0,"N","N",84
"DOLPHD-6759","F",11,"Local","MultiPass",3,6,1,0,0,1,1,1,1,1,2,NA,3,2,0,"N","N",109
"DOLPHD-6762","F",9,"Overseas","SinglePass",3,6,1,0,1,0,1,0,0,1,1,NA,2,3,0,"N","Y",134
"DOLPHD-6763","F",10,"Overseas","MultiPass",3,6,1,0,0,1,0,0,1,0,3,NA,4,2,0,"Y","Y",109
"DOLPHD-6765","F",8,"Local","SinglePass",3,6,0,1,1,0,0,0,0,1,2,NA,4,1,0,"N","N",109
"DOLPHD-6766","F",11,"Local","MultiPass",3,6,1,1,1,0,0,1,0,0,1,NA,4,4,0,"N","N",109
"DOLPHD-6768","F",5,"Local","SinglePass",3,6,1,0,0,0,0,1,0,0,3,NA,3,1,0,"N","Y",59
"DOLPHD-6772","F",11,"Overseas","SinglePass",3,6,0,0,0,0,1,1,0,1,3,NA,3,1,0,"Y","Y",84
"DOLPHD-6774","F",7,"Local","MultiPass",3,6,0,1,0,1,0,1,1,0,2,NA,3,2,0,"Y","Y",109
"DOLPHD-6775","F",6,"Local","SinglePass",3,6,0,0,0,0,0,0,1,0,2,NA,3,1,0,"Y","Y",59
"DOLPHD-6778","F",12,"Local","SinglePass",3,NA,0,0,0,0,0,0,1,1,2,NA,2,2,0,"N","N",53
"DOLPHD-6779","F",12,"Overseas","SinglePass",3,NA,0,1,0,0,1,1,0,1,1,NA,2,4,0,"N","N",128
"DOLPHD-6781","F",6,"Overseas","MultiPass",3,6,0,0,0,0,0,0,0,1,2,NA,2,2,0,"N","N",109
"DOLPHD-6783","F",8,"Local","SinglePass",3,6,0,0,1,0,0,1,0,1,1,NA,4,3,0,"N","N",109
"DOLPHD-6786","F",9,"Local","SinglePass",3,6,0,0,0,0,0,0,0,1,1,NA,2,3,0,"N","N",34
"DOLPHD-6788","F",11,"Overseas","MultiPass",3,6,1,0,1,0,0,0,0,1,2,NA,3,1,0,"N","N",109
"DOLPHD-6789","F",9,"Overseas","SinglePass",3,6,1,1,0,0,0,1,0,1,2,NA,2,2,0,"N","N",109
"DOLPHD-6790","F",10,"Overseas","SinglePass",3,6,1,0,1,0,0,1,0,0,1,NA,3,4,0,"N","N",109
"DOLPHD-6797","F",12,"Overseas","SinglePass",3,NA,1,0,0,0,1,1,0,1,3,NA,3,2,0,"N","N",128
"DOLPHD-6806","F",11,"Overseas","SinglePass",3,6,1,0,1,0,0,0,0,1,2,NA,3,1,0,"N","N",84
"DOLPHD-6807","F",7,"Overseas","SinglePass",3,6,1,0,1,0,1,1,1,1,1,NA,3,3,0,"Y","Y",159
"DOLPHD-6811","F",6,"Local","SinglePass",3,6,1,1,0,0,1,1,1,0,3,NA,3,1,0,"N","N",134
"DOLPHD-6812","F",10,"Local","MultiPass",3,6,1,0,1,0,0,1,1,0,3,NA,2,2,0,"N","Y",109
"DOLPHD-6814","F",8,"Local","SinglePass",3,6,1,0,0,0,1,1,1,0,1,NA,2,4,0,"N","N",134
"DOLPHD-6815","F",12,"Overseas","MultiPass",3,NA,1,1,1,1,0,0,0,1,3,NA,3,2,0,"N","N",103
"DOLPHD-6816","F",7,"Overseas","MultiPass",3,6,1,0,1,0,0,1,0,1,1,NA,2,4,0,"N","N",109
"DOLPHD-6819","F",10,"Local","MultiPass",3,6,1,0,1,0,0,0,0,1,2,NA,2,2,0,"N","N",109
"DOLPHD-6822","F",9,"Local","MultiPass",3,6,0,0,0,1,0,0,0,0,3,NA,4,1,0,"N","Y",109
"DOLPHD-6823","F",5,"Local","MultiPass",3,6,0,0,0,1,1,1,0,1,1,NA,2,3,0,"N","N",109
"DOLPHD-6825","F",6,"Overseas","SinglePass",3,6,1,0,1,0,0,1,0,1,2,NA,2,2,0,"N","N",134
"DOLPHD-6828","F",5,"Local","SinglePass",3,6,1,0,0,0,0,1,0,0,2,NA,4,1,0,"N","N",84
"DOLPHD-6830","F",12,"Local","MultiPass",3,NA,1,0,0,1,0,1,0,1,1,NA,2,3,0,"N","N",103
"DOLPHD-6831","F",11,"Local","SinglePass",3,6,0,0,0,0,0,1,1,0,3,NA,4,2,0,"N","N",59
"DOLPHD-6835","F",9,"Overseas","SinglePass",3,6,0,1,0,0,0,1,0,1,2,NA,2,2,0,"N","N",109
"DOLPHD-6836","F",8,"Overseas","MultiPass",3,6,0,1,0,1,0,1,1,0,2,NA,3,1,0,"Y","Y",109
"DOLPHD-6841","F",12,"Local","SinglePass",3,NA,1,1,0,0,0,1,1,1,2,NA,3,1,0,"N","N",153
"DOLPHD-6847","F",11,"Local","MultiPass",3,6,1,1,1,0,0,1,1,0,2,NA,4,2,0,"N","Y",109
"DOLPHD-6849","F",6,"Local","SinglePass",3,6,0,0,1,0,0,0,0,1,3,NA,4,1,0,"N","N",59
"DOLPHD-6850","F",7,"Local","MultiPass",3,6,0,0,1,1,0,1,0,1,1,NA,2,3,0,"Y","Y",109
"DOLPHD-6853","F",11,"Overseas","SinglePass",3,6,1,1,1,0,0,0,0,1,3,NA,2,1,0,"N","N",134
"DOLPHD-6858","F",11,"Local","MultiPass",3,6,0,0,0,1,0,0,1,0,1,NA,3,4,0,"Y","Y",109
"DOLPHD-6859","F",11,"Local","SinglePass",3,6,0,1,0,0,0,0,1,0,3,NA,3,1,0,"N","N",59
"DOLPHD-6860","F",10,"Overseas","SinglePass",3,6,0,0,0,0,0,1,0,0,1,NA,2,3,0,"N","Y",59
"DOLPHD-6862","F",10,"Overseas","SinglePass",3,6,0,0,0,0,0,0,1,1,2,NA,4,1,0,"N","Y",59
"DOLPHD-6864","F",5,"Local","MultiPass",3,6,1,0,0,1,1,0,0,0,2,NA,2,1,0,"N","N",109
"DOLPHD-6866","F",9,"Local","SinglePass",3,6,0,0,1,0,0,1,1,0,1,NA,3,3,0,"Y","Y",84
"DOLPHD-6873","F",7,"Local","SinglePass",3,6,1,0,0,0,0,0,0,0,1,NA,2,4,0,"N","Y",59
"DOLPHD-6874","F",8,"Local","SinglePass",3,6,0,0,0,0,0,1,0,1,2,NA,2,1,0,"N","N",84
"DOLPHD-6883","F",12,"Local","SinglePass",3,NA,1,0,0,0,0,0,0,1,1,NA,2,4,0,"Y","Y",78
"DOLPHD-6885","F",12,"Local","MultiPass",3,NA,1,0,0,1,0,1,0,1,1,NA,2,4,0,"N","N",103
"DOLPHD-6889","F",12,"Overseas","MultiPass",3,NA,1,0,0,1,0,0,0,1,1,NA,4,3,0,"N","Y",103
"DOLPHD-6891","F",9,"Local","SinglePass",3,6,1,0,0,0,0,1,1,1,3,NA,4,2,0,"N","Y",109
"DOLPHD-6895","F",11,"Local","SinglePass",3,6,0,0,0,0,0,1,0,1,1,NA,2,4,0,"N","N",84
"DOLPHD-6898","F",5,"Overseas","SinglePass",3,6,1,0,0,0,0,0,1,0,1,NA,4,3,0,"N","N",59
"DOLPHD-6901","F",5,"Local","SinglePass",3,6,1,0,0,0,0,1,0,0,3,NA,4,1,0,"N","N",59
"DOLPHD-6902","F",12,"Local","SinglePass",3,NA,0,0,0,0,1,0,0,0,3,NA,3,2,0,"N","Y",28
"DOLPHD-6903","F",6,"Local","MultiPass",3,6,0,0,1,1,1,1,1,0,1,NA,4,4,0,"N","N",109
"DOLPHD-6910","F",9,"Local","MultiPass",3,6,1,1,1,1,0,0,1,1,2,NA,4,2,0,"N","N",109
"DOLPHD-6918","F",6,"Local","SinglePass",3,6,0,0,0,0,0,0,0,1,2,NA,4,1,0,"N","Y",34
"DOLPHD-6921","F",12,"Local","MultiPass",3,NA,1,1,1,1,1,0,0,0,1,NA,2,3,0,"N","Y",103
"DOLPHD-6922","F",9,"Local","SinglePass",3,6,0,0,0,0,0,1,0,1,1,NA,4,4,0,"N","N",84
"DOLPHD-6923","F",6,"Overseas","SinglePass",3,6,1,0,0,0,0,1,0,0,2,NA,2,2,0,"N","Y",84
"DOLPHD-6929","F",9,"Local","SinglePass",3,6,0,0,0,0,0,0,1,0,3,NA,4,1,0,"N","N",34
"DOLPHD-6930","F",6,"Local","SinglePass",3,6,0,0,1,0,0,1,0,1,2,NA,2,1,0,"N","N",84
"DOLPHD-6931","F",9,"Local","MultiPass",3,6,0,1,1,1,0,0,1,1,2,NA,4,2,0,"N","N",109
"DOLPHD-6938","F",8,"Local","MultiPass",3,6,1,0,1,1,0,1,0,0,3,NA,4,1,0,"N","N",109
"DOLPHD-6939","F",11,"Local","SinglePass",3,6,1,0,0,0,0,0,1,0,1,NA,3,3,0,"N","N",59
"DOLPHD-6941","F",9,"Overseas","MultiPass",3,6,1,0,1,0,1,0,0,1,2,NA,3,1,0,"N","Y",109
"DOLPHD-6942","F",6,"Overseas","MultiPass",3,6,1,1,0,0,0,1,0,1,1,NA,4,3,0,"N","Y",109
"DOLPHD-6943","F",11,"Overseas","SinglePass",3,6,1,0,0,0,0,0,0,1,1,NA,4,4,0,"N","Y",59
"DOLPHD-6948","F",10,"Local","MultiPass",3,6,1,0,1,0,0,1,0,0,3,NA,2,1,0,"Y","Y",109
"DOLPHD-6951","F",6,"Overseas","SinglePass",3,6,1,1,0,0,0,1,0,0,2,NA,4,1,0,"N","N",109
"DOLPHD-6952","F",7,"Overseas","MultiPass",3,6,0,0,1,1,0,1,0,1,1,NA,2,3,0,"Y","Y",109
"DOLPHD-6954","F",10,"Local","SinglePass",3,6,1,0,1,0,0,0,0,1,1,NA,3,4,0,"N","N",109
"DOLPHD-6961","F",9,"Overseas","SinglePass",3,6,1,0,1,0,0,0,0,1,3,NA,2,1,0,"Y","Y",109
"DOLPHD-6962","F",9,"Overseas","MultiPass",3,6,1,0,1,1,0,0,0,1,1,NA,3,4,0,"N","N",109
"DOLPHD-6966","F",5,"Local","MultiPass",3,6,0,1,0,1,0,0,0,0,1,NA,2,3,0,"N","Y",109
"DOLPHD-6969","F",6,"Overseas","MultiPass",3,6,1,0,0,1,1,1,0,1,3,NA,4,1,0,"N","N",109
"DOLPHD-6970","F",12,"Overseas","MultiPass",3,NA,0,1,1,1,0,1,1,1,1,NA,4,3,0,"N","N",103
"DOLPHD-6971","F",12,"Overseas","SinglePass",3,NA,1,0,0,0,1,1,0,1,1,NA,2,4,0,"N","Y",103
"DOLPHD-6972","F",9,"Local","SinglePass",3,6,1,0,0,0,0,0,1,1,1,NA,3,3,0,"N","N",84
"DOLPHD-6975","F",12,"Local","SinglePass",3,NA,0,1,0,0,0,1,0,0,3,NA,2,2,0,"N","N",78
"DOLPHD-6976","F",10,"Local","MultiPass",3,6,0,0,1,0,0,0,1,0,3,NA,3,2,0,"N","N",109
"DOLPHD-6984","F",6,"Local","MultiPass",3,6,0,0,1,1,0,0,1,1,1,NA,3,4,0,"Y","Y",109
"DOLPHD-6985","F",7,"Local","SinglePass",3,6,1,0,1,0,0,1,1,0,2,NA,2,2,0,"N","N",134
"DOLPHD-6988","F",9,"Overseas","SinglePass",3,6,1,0,1,0,0,1,1,0,1,NA,4,4,0,"N","N",134
"DOLPHD-6992","F",10,"Local","SinglePass",3,6,1,0,0,0,1,0,0,0,2,NA,4,2,0,"N","Y",84
"DOLPHD-6993","F",10,"Local","SinglePass",3,6,0,1,0,0,0,0,1,1,2,NA,3,2,0,"Y","Y",109
"DOLPHD-6995","F",8,"Overseas","SinglePass",3,6,1,1,0,0,0,1,1,0,2,NA,4,1,0,"N","N",109
"DOLPHD-6996","F",9,"Overseas","SinglePass",3,6,1,0,1,0,0,1,0,1,2,NA,3,2,0,"N","N",109
"DOLPHD-6997","F",12,"Overseas","MultiPass",3,NA,1,0,0,0,0,0,1,1,2,NA,3,2,0,"N","N",103
"DOLPHD-6999","F",6,"Local","SinglePass",3,6,0,0,0,0,1,0,0,1,2,NA,2,2,0,"N","N",84
"DOLPHD-7000","F",12,"Local","SinglePass",3,NA,0,0,0,0,1,0,1,0,3,NA,4,1,0,"N","N",53
"DOLPHD-7002","F",11,"Local","SinglePass",3,6,1,0,0,0,0,0,0,1,3,NA,4,1,0,"N","N",59
"DOLPHD-7003","F",5,"Local","SinglePass",3,6,0,1,0,0,1,1,1,1,1,NA,4,3,0,"N","N",134
"DOLPHD-7005","F",8,"Overseas","MultiPass",3,6,0,0,0,1,0,1,0,0,1,NA,4,3,0,"N","N",109
"DOLPHD-7008","F",6,"Local","MultiPass",3,6,0,0,0,0,0,1,1,0,3,NA,3,1,0,"N","Y",109
"DOLPHD-7009","F",5,"Local","SinglePass",3,6,0,0,1,0,1,1,0,1,2,NA,3,1,0,"N","N",109
"DOLPHD-7013","F",11,"Overseas","SinglePass",3,6,0,0,0,0,0,0,0,1,3,NA,2,1,0,"Y","Y",34
"DOLPHD-7016","F",12,"Overseas","SinglePass",3,NA,1,0,0,0,0,1,1,1,1,NA,2,4,0,"N","N",128
"DOLPHD-7018","F",7,"Local","MultiPass",3,6,0,0,0,1,0,0,0,1,1,NA,2,3,0,"N","Y",109
"DOLPHD-7020","F",12,"Local","SinglePass",3,NA,1,0,1,0,1,1,1,0,2,NA,4,1,0,"N","N",153
"DOLPHD-7021","F",6,"Local","SinglePass",3,6,0,0,0,0,0,1,1,0,2,NA,3,2,0,"N","N",84
"DOLPHD-7022","F",12,"Overseas","MultiPass",3,NA,1,1,0,1,1,1,1,0,3,NA,2,2,0,"N","Y",103
"DOLPHD-7023","F",5,"Overseas","SinglePass",3,6,1,0,0,0,0,0,0,0,2,NA,2,1,0,"N","N",59
"DOLPHD-7026","F",6,"Local","MultiPass",3,6,1,0,0,1,0,1,1,0,3,NA,3,1,0,"N","N",109
"DOLPHD-7027","F",9,"Local","SinglePass",3,6,0,1,1,0,0,1,0,1,3,NA,4,2,0,"N","N",134
"DOLPHD-7029","F",8,"Local","MultiPass",3,6,1,0,1,1,0,0,0,0,1,NA,4,4,0,"N","Y",109
"DOLPHD-7030","F",9,"Local","SinglePass",3,6,0,1,1,0,1,1,0,1,2,NA,4,1,0,"N","N",159
"DOLPHD-7032","F",8,"Overseas","MultiPass",3,6,0,1,0,0,0,0,0,0,1,NA,3,3,0,"N","N",109
"DOLPHD-7033","F",11,"Overseas","MultiPass",3,6,0,0,1,1,0,1,1,0,2,NA,4,1,0,"N","N",109
"DOLPHD-7034","F",12,"Overseas","SinglePass",3,NA,0,0,1,0,1,0,0,0,3,NA,3,1,0,"N","Y",78
"DOLPHD-7036","F",12,"Local","MultiPass",3,NA,1,0,0,1,0,1,0,0,1,NA,2,3,0,"N","N",103
"DOLPHD-7038","F",7,"Local","SinglePass",3,6,1,0,0,0,0,0,1,1,1,NA,2,3,0,"Y","Y",109
"DOLPHD-7039","F",6,"Local","MultiPass",3,6,0,0,1,0,0,0,0,1,1,NA,4,3,0,"N","Y",109
"DOLPHD-7040","F",5,"Overseas","MultiPass",3,6,1,0,0,0,0,0,0,1,1,NA,3,3,0,"N","N",109
"DOLPHD-7043","F",10,"Overseas","MultiPass",3,6,1,0,0,0,0,0,1,1,2,NA,2,2,0,"N","N",109
"DOLPHD-7044","F",12,"Local","SinglePass",3,NA,1,0,0,0,0,1,0,0,1,NA,3,4,0,"N","N",78
"DOLPHD-7047","F",10,"Local","MultiPass",3,6,1,1,1,1,0,1,0,0,1,NA,2,3,0,"N","N",109
"DOLPHD-7052","F",5,"Overseas","SinglePass",3,6,0,0,1,0,0,1,0,0,1,NA,4,3,0,"N","Y",59
"DOLPHD-7054","F",6,"Local","MultiPass",3,6,1,0,0,0,0,1,0,0,1,NA,2,3,0,"N","N",109
"DOLPHD-7056","F",8,"Local","SinglePass",3,6,1,0,0,0,0,0,1,0,2,NA,3,1,0,"N","N",84
"DOLPHD-7057","F",6,"Local","MultiPass",3,6,1,0,1,1,0,1,0,0,3,NA,3,2,0,"N","N",109
"DOLPHD-7061","F",18,"Overseas","MultiPass",10,11,1,0,0,0,0,1,1,0,3,NA,4,1,0,"Y","Y",121
"DOLPHD-7066","F",14,"Local","SinglePass",10,11,1,1,0,0,0,1,1,0,2,NA,2,2,0,"N","N",146
"DOLPHD-7068","F",18,"Overseas","MultiPass",10,11,0,0,0,0,1,1,0,0,1,NA,2,3,0,"N","Y",121
"DOLPHD-7070","F",16,"Overseas","SinglePass",10,11,1,0,1,0,0,1,1,0,2,NA,3,1,0,"Y","Y",121
"DOLPHD-7071","F",15,"Local","MultiPass",10,11,1,0,0,2,0,1,1,0,1,NA,2,4,0,"N","Y",121
"DOLPHD-7075","F",17,"Local","MultiPass",10,11,1,0,0,1,0,0,1,0,1,NA,2,3,0,"N","N",121
"DOLPHD-7076","F",15,"Overseas","SinglePass",10,11,1,0,1,1,0,0,0,0,3,NA,2,2,0,"Y","Y",96
"DOLPHD-7078","F",16,"Overseas","MultiPass",10,11,1,0,1,1,0,1,1,0,2,NA,4,1,0,"N","N",121
"DOLPHD-7079","F",19,"Overseas","SinglePass",10,11,1,0,0,2,1,1,0,0,2,NA,3,2,0,"N","N",96
"DOLPHD-7080","F",16,"Local","SinglePass",10,11,1,0,0,1,0,0,0,0,1,NA,4,4,0,"N","N",46
"DOLPHD-7081","F",18,"Local","MultiPass",10,11,1,0,0,2,0,1,0,0,2,NA,4,1,0,"N","N",121
"DOLPHD-7085","F",18,"Overseas","MultiPass",10,11,1,0,0,1,1,0,1,0,3,NA,4,2,0,"N","N",121
"DOLPHD-7092","F",19,"Local","MultiPass",10,11,0,0,0,1,0,1,1,0,2,NA,3,1,0,"N","N",121
"DOLPHD-7094","F",17,"Overseas","SinglePass",10,11,0,0,0,1,0,0,0,0,1,NA,2,3,0,"N","N",46
"DOLPHD-7096","F",19,"Overseas","MultiPass",10,11,0,1,1,2,0,1,0,0,1,NA,4,4,0,"N","N",121
"DOLPHD-7097","F",19,"Overseas","SinglePass",10,11,0,1,1,2,1,1,0,0,1,NA,4,3,0,"N","N",146
"DOLPHD-7102","F",19,"Local","MultiPass",10,11,0,0,0,2,0,1,1,0,3,NA,4,1,0,"N","N",121
"DOLPHD-7104","F",14,"Overseas","SinglePass",10,11,1,0,1,2,0,1,0,0,1,NA,4,4,0,"N","N",121
"DOLPHD-7105","F",15,"Overseas","SinglePass",10,11,1,0,0,2,1,1,0,0,2,NA,2,1,0,"N","N",121
"DOLPHD-7107","F",14,"Local","SinglePass",10,11,1,1,1,1,0,1,1,0,2,NA,2,2,0,"N","N",171
"DOLPHD-7111","F",15,"Local","SinglePass",10,11,1,0,1,1,0,0,0,0,2,NA,3,1,0,"N","N",71
"DOLPHD-7112","F",13,"Overseas","SinglePass",10,11,1,0,1,1,0,0,0,0,1,NA,3,4,0,"N","Y",71
"DOLPHD-7113","F",18,"Overseas","MultiPass",10,11,1,1,0,1,0,1,1,0,1,NA,2,4,0,"N","N",121
"DOLPHD-7115","F",14,"Overseas","SinglePass",10,11,1,0,0,2,0,1,1,0,1,NA,2,3,0,"N","Y",121
"DOLPHD-7117","F",18,"Local","MultiPass",10,11,1,0,1,2,0,1,0,0,1,NA,2,3,0,"N","N",121
"DOLPHD-7120","F",15,"Local","MultiPass",10,11,1,0,0,2,0,1,0,0,1,NA,2,3,0,"N","N",121
"DOLPHD-7125","F",15,"Local","SinglePass",10,11,1,0,0,1,0,1,1,0,1,NA,2,4,0,"N","N",121
"DOLPHD-7128","F",13,"Local","SinglePass",10,11,1,0,0,1,1,0,0,0,1,NA,3,3,0,"N","N",71
"DOLPHD-7136","F",13,"Local","SinglePass",10,11,0,0,0,1,0,0,0,0,2,NA,2,1,0,"N","N",46
"DOLPHD-7140","F",18,"Overseas","SinglePass",10,11,1,0,0,1,0,0,0,0,3,NA,2,2,0,"Y","Y",46
"DOLPHD-7143","F",17,"Local","SinglePass",10,11,1,0,0,1,1,0,0,0,3,NA,4,2,0,"N","Y",96
"DOLPHD-7147","F",18,"Local","SinglePass",10,11,0,1,1,1,0,0,1,0,2,NA,4,1,0,"N","N",121
"DOLPHD-7148","F",19,"Overseas","MultiPass",10,11,0,0,0,1,1,1,0,0,3,NA,3,1,0,"Y","Y",121
"DOLPHD-7149","F",15,"Overseas","SinglePass",10,11,1,0,0,2,1,1,0,0,1,NA,3,4,0,"N","N",121
"DOLPHD-7152","F",15,"Local","MultiPass",10,11,1,0,0,1,1,0,1,0,3,NA,2,1,0,"Y","Y",121
"DOLPHD-7153","F",14,"Local","SinglePass",10,11,1,0,0,2,0,1,0,0,1,NA,4,4,0,"N","N",96
"DOLPHD-7155","F",15,"Local","MultiPass",10,11,1,0,0,1,0,0,0,0,1,NA,3,3,0,"N","N",121
"DOLPHD-7158","F",13,"Overseas","MultiPass",10,11,0,0,0,2,1,1,0,0,1,NA,3,4,0,"N","Y",121
"DOLPHD-7160","F",13,"Overseas","SinglePass",10,11,1,1,0,2,0,1,1,0,3,NA,3,1,0,"N","N",146
"DOLPHD-7161","F",18,"Local","SinglePass",10,11,1,1,1,2,0,0,1,0,1,NA,3,3,0,"N","N",146
"DOLPHD-7163","F",18,"Local","SinglePass",10,11,0,1,0,2,0,0,1,0,1,NA,4,3,0,"N","N",71
"DOLPHD-7164","F",19,"Local","SinglePass",10,11,0,0,0,2,0,0,0,0,3,NA,2,1,0,"N","N",46
"DOLPHD-7165","F",15,"Local","MultiPass",10,11,1,1,0,1,0,0,0,0,2,NA,2,2,0,"N","N",121
"DOLPHD-7168","F",16,"Overseas","SinglePass",10,11,0,0,0,1,1,0,0,0,3,NA,2,1,0,"N","N",71
"DOLPHD-7170","F",16,"Local","SinglePass",10,11,1,1,0,2,0,0,0,0,1,NA,4,4,0,"N","N",96
"DOLPHD-7171","F",16,"Local","SinglePass",10,11,1,0,0,1,0,0,0,0,1,NA,2,3,0,"N","Y",71
"DOLPHD-7172","F",14,"Local","MultiPass",10,11,1,0,0,1,0,1,1,0,1,NA,3,4,0,"N","Y",121
"DOLPHD-7173","F",13,"Local","MultiPass",10,11,1,1,1,1,1,1,0,0,2,NA,3,2,0,"N","N",121
"DOLPHD-7176","F",19,"Overseas","MultiPass",10,11,0,1,0,2,1,0,0,0,2,NA,3,2,0,"N","N",121
"DOLPHD-7177","F",13,"Overseas","SinglePass",10,11,1,1,1,1,0,1,0,0,2,NA,4,1,0,"N","N",146
"DOLPHD-7178","F",16,"Overseas","SinglePass",10,11,1,0,0,1,1,0,0,0,2,NA,4,2,0,"N","N",96
"DOLPHD-7179","F",15,"Local","MultiPass",10,11,1,1,0,1,0,1,1,0,1,NA,3,3,0,"N","N",121
"DOLPHD-7180","F",14,"Local","MultiPass",10,11,1,1,1,1,0,0,0,0,3,NA,2,2,0,"N","Y",121
"DOLPHD-7182","F",17,"Local","SinglePass",10,11,0,1,0,1,0,0,0,0,2,NA,4,1,0,"Y","Y",46
"DOLPHD-7185","F",18,"Overseas","SinglePass",10,11,1,1,0,2,0,0,1,0,1,NA,3,4,0,"N","N",96
"DOLPHD-7186","F",13,"Overseas","MultiPass",10,11,1,0,1,2,1,1,0,0,3,NA,4,1,0,"N","Y",121
"DOLPHD-7187","F",18,"Overseas","MultiPass",10,11,1,0,0,2,0,0,0,0,3,NA,4,1,0,"N","Y",121
"DOLPHD-7188","F",13,"Local","SinglePass",10,11,0,0,0,2,0,0,1,0,3,NA,3,1,0,"N","N",46
"DOLPHD-7190","F",18,"Local","MultiPass",10,11,0,0,1,2,0,1,0,0,2,NA,4,2,0,"N","N",121
"DOLPHD-7191","F",13,"Local","SinglePass",10,11,1,0,1,2,1,0,0,0,1,NA,4,3,0,"N","N",96
"DOLPHD-7192","F",13,"Local","SinglePass",10,11,1,0,0,1,0,0,1,0,3,NA,4,1,0,"N","N",71
"DOLPHD-7193","F",17,"Overseas","MultiPass",10,11,0,0,0,2,0,1,0,0,3,NA,4,1,0,"N","N",121
"DOLPHD-7194","F",19,"Overseas","MultiPass",10,11,0,0,0,2,1,0,0,0,1,NA,3,4,0,"N","N",121
"DOLPHD-7195","F",17,"Overseas","SinglePass",10,11,1,0,0,1,1,1,1,0,3,NA,3,2,0,"N","Y",121
"DOLPHD-7197","F",13,"Local","MultiPass",10,11,0,0,0,1,0,0,0,0,3,NA,3,1,0,"N","Y",121
"DOLPHD-7198","F",17,"Local","SinglePass",10,11,0,1,0,1,0,1,1,0,2,NA,4,1,0,"N","Y",96
"DOLPHD-7200","F",13,"Local","MultiPass",10,11,1,1,0,1,0,0,1,0,2,NA,4,2,0,"N","N",121
"DOLPHD-7201","F",15,"Local","MultiPass",10,11,1,0,0,1,0,1,0,0,3,NA,3,2,0,"N","N",121
"DOLPHD-7203","F",13,"Overseas","SinglePass",10,11,0,0,0,2,0,0,0,0,1,NA,3,3,0,"N","N",21
"DOLPHD-7205","F",15,"Overseas","SinglePass",10,11,0,0,0,1,0,1,1,0,2,NA,3,2,0,"N","N",96
"DOLPHD-7206","F",18,"Local","SinglePass",10,11,1,1,0,1,0,0,0,0,1,NA,3,4,0,"N","Y",96
"DOLPHD-7207","F",15,"Local","MultiPass",10,11,0,0,1,1,0,1,1,0,3,NA,4,2,0,"N","N",121
"DOLPHD-7210","F",19,"Local","SinglePass",10,11,0,0,0,1,1,0,0,0,2,NA,4,1,0,"N","N",46
"DOLPHD-7211","F",14,"Overseas","MultiPass",10,11,0,0,0,2,0,1,0,0,2,NA,2,1,0,"N","N",121
"DOLPHD-7213","F",16,"Overseas","SinglePass",10,11,1,0,1,2,0,0,1,0,3,NA,4,2,0,"Y","Y",121
"DOLPHD-7216","F",17,"Local","SinglePass",10,11,0,0,1,1,0,1,1,0,1,NA,4,3,0,"N","N",96
"DOLPHD-7219","F",13,"Local","SinglePass",10,11,0,0,0,1,0,1,1,0,3,NA,2,2,0,"N","N",96
"DOLPHD-7220","F",17,"Overseas","SinglePass",10,11,1,0,1,1,1,0,0,0,1,NA,3,4,0,"N","N",121
"DOLPHD-7222","F",17,"Overseas","MultiPass",10,11,0,0,1,2,0,0,0,0,1,NA,4,4,0,"Y","Y",121
"DOLPHD-7223","F",16,"Overseas","SinglePass",10,11,0,1,0,2,0,1,0,0,1,NA,2,3,0,"N","N",71
"DOLPHD-7227","F",19,"Local","SinglePass",10,11,1,0,0,1,1,0,1,0,3,NA,2,2,0,"N","N",121
"DOLPHD-7233","F",13,"Local","SinglePass",10,11,1,0,0,1,0,0,0,0,2,NA,2,2,0,"N","N",71
"DOLPHD-7234","F",13,"Local","SinglePass",10,11,0,0,0,1,0,1,0,0,1,NA,2,3,0,"N","N",46
"DOLPHD-7238","F",14,"Overseas","SinglePass",10,11,1,1,1,1,1,1,0,0,2,NA,2,2,0,"N","N",146
"DOLPHD-7239","F",18,"Overseas","MultiPass",10,11,1,0,0,2,0,0,0,0,3,NA,4,2,0,"Y","N",121
"DOLPHD-7241","F",19,"Overseas","SinglePass",10,11,1,1,1,1,0,1,0,0,1,NA,4,3,0,"N","N",146
"DOLPHD-7242","F",16,"Local","MultiPass",10,11,1,0,0,2,1,1,0,0,2,NA,3,2,0,"N","N",121
"DOLPHD-7245","F",15,"Local","SinglePass",10,11,1,0,1,2,0,0,1,0,1,NA,3,3,0,"N","N",121
"DOLPHD-7249","F",18,"Overseas","MultiPass",10,11,1,0,0,2,1,0,0,0,1,NA,3,3,0,"Y","Y",121
"DOLPHD-7250","F",14,"Overseas","MultiPass",10,11,1,0,0,1,0,1,1,0,1,NA,4,3,0,"N","N",121
"DOLPHD-7256","F",19,"Overseas","MultiPass",10,11,1,0,0,1,0,0,1,0,1,NA,3,4,0,"N","N",121
"DOLPHD-7259","F",19,"Overseas","SinglePass",10,11,0,1,0,1,0,1,1,0,3,NA,4,1,0,"N","N",121
"DOLPHD-7261","F",14,"Local","SinglePass",10,11,0,0,0,1,1,1,0,0,1,NA,2,4,0,"N","N",71
"DOLPHD-7264","F",15,"Local","MultiPass",10,11,1,0,0,1,0,1,0,0,2,NA,3,2,0,"N","Y",121
"DOLPHD-7265","F",18,"Overseas","SinglePass",10,11,1,1,0,2,0,0,1,0,1,NA,2,3,0,"N","N",121
"DOLPHD-7270","F",17,"Local","MultiPass",10,11,1,0,0,2,0,0,0,0,1,NA,2,3,0,"N","Y",121
"DOLPHD-7274","F",19,"Overseas","MultiPass",10,11,0,1,1,2,0,1,1,0,2,NA,3,1,0,"N","Y",121
"DOLPHD-7277","F",15,"Overseas","MultiPass",10,11,1,0,0,1,0,1,0,0,1,NA,4,3,0,"N","Y",121
"DOLPHD-7279","F",18,"Local","SinglePass",10,11,1,0,0,1,0,0,0,0,2,NA,4,1,0,"Y","Y",46
"DOLPHD-7280","F",14,"Local","SinglePass",10,11,1,0,1,1,0,0,1,0,2,NA,2,1,0,"N","N",121
"DOLPHD-7281","F",15,"Local","MultiPass",10,11,1,0,0,1,1,1,0,0,3,NA,4,1,0,"N","N",121
"DOLPHD-7282","F",18,"Local","SinglePass",10,11,0,1,0,2,0,1,0,0,1,NA,2,3,0,"N","N",96
"DOLPHD-7286","F",18,"Overseas","SinglePass",10,11,0,0,0,2,1,1,1,0,2,NA,4,1,0,"Y","Y",96
"DOLPHD-7287","F",16,"Local","SinglePass",10,11,1,1,0,2,0,0,0,0,3,NA,3,2,0,"N","N",96
"DOLPHD-7290","F",15,"Local","SinglePass",10,11,1,0,0,1,0,1,0,0,2,NA,4,1,0,"N","Y",96
"DOLPHD-7291","F",13,"Local","MultiPass",10,11,0,1,0,1,1,0,0,0,2,NA,2,2,0,"N","Y",121
"DOLPHD-7292","F",19,"Overseas","MultiPass",10,11,0,1,0,2,1,0,0,0,2,NA,3,1,0,"Y","Y",121
"DOLPHD-7293","F",16,"Overseas","SinglePass",10,11,1,1,0,2,0,1,0,0,1,NA,2,3,0,"N","N",96
"DOLPHD-7294","F",13,"Overseas","SinglePass",10,11,1,0,1,1,0,1,0,0,2,NA,2,2,0,"N","Y",121
"DOLPHD-7296","F",15,"Local","SinglePass",10,11,1,0,0,1,0,1,1,0,1,NA,2,4,0,"N","N",96
"DOLPHD-7300","F",17,"Local","SinglePass",10,11,0,0,0,2,1,1,0,0,3,NA,3,2,0,"N","N",71
"DOLPHD-7302","F",17,"Overseas","MultiPass",10,11,0,0,1,2,0,0,0,0,3,NA,4,1,0,"N","N",121
"DOLPHD-7308","F",16,"Local","SinglePass",10,11,1,1,0,1,0,1,1,0,1,NA,2,4,0,"N","N",121
"DOLPHD-7309","F",15,"Local","MultiPass",10,11,1,0,0,1,0,0,0,0,2,NA,3,1,0,"N","N",121
"DOLPHD-7310","F",15,"Overseas","SinglePass",10,11,1,0,0,2,1,1,0,0,1,NA,2,3,0,"N","N",96
"DOLPHD-7316","F",15,"Local","MultiPass",10,11,1,0,1,2,0,1,0,0,2,NA,4,1,0,"N","N",121
"DOLPHD-7319","F",13,"Overseas","MultiPass",10,11,1,0,0,2,0,1,1,0,1,NA,2,3,0,"N","Y",121
"DOLPHD-7320","F",17,"Overseas","MultiPass",10,11,1,0,1,1,1,1,0,0,1,NA,3,3,0,"N","N",121
"DOLPHD-7323","F",18,"Local","MultiPass",10,11,1,0,0,2,0,0,0,0,1,NA,2,4,0,"N","N",121
"DOLPHD-7324","F",13,"Local","SinglePass",10,11,0,0,1,2,0,0,0,0,1,NA,4,3,0,"Y","Y",71
"DOLPHD-7325","F",18,"Local","SinglePass",10,11,1,0,1,1,0,1,0,0,3,NA,2,2,0,"N","Y",121
"DOLPHD-7326","F",17,"Local","MultiPass",10,11,0,0,0,2,1,0,0,0,3,NA,4,2,0,"Y","Y",121
"DOLPHD-7327","F",19,"Local","MultiPass",10,11,1,0,1,1,1,1,0,0,3,NA,2,1,0,"N","N",121
"DOLPHD-7330","F",14,"Overseas","MultiPass",10,11,0,0,0,1,1,1,0,0,2,NA,2,1,0,"N","N",121
"DOLPHD-7332","F",13,"Local","SinglePass",10,11,0,0,0,2,1,0,1,0,1,NA,3,4,0,"N","N",71
"DOLPHD-7334","F",15,"Local","MultiPass",10,11,0,0,0,2,0,0,1,0,1,NA,3,4,0,"N","N",121
"DOLPHD-7337","F",13,"Overseas","MultiPass",10,11,0,0,0,2,1,1,0,0,1,NA,4,4,0,"N","Y",121
"DOLPHD-7338","F",19,"Overseas","SinglePass",10,11,1,0,1,1,0,1,0,0,1,NA,3,3,0,"N","N",96
"DOLPHD-7341","F",15,"Local","MultiPass",10,11,0,0,0,2,0,1,0,0,3,NA,3,2,0,"N","N",121
"DOLPHD-7343","F",13,"Local","SinglePass",10,11,0,0,0,1,1,0,1,0,2,NA,3,2,0,"N","N",96
"DOLPHD-7344","F",14,"Local","MultiPass",10,11,0,0,1,2,0,0,0,0,2,NA,3,1,0,"N","N",121
"DOLPHD-7345","F",18,"Local","SinglePass",10,11,0,0,0,1,1,1,1,0,1,NA,4,4,0,"N","N",121
"DOLPHD-7347","F",15,"Overseas","MultiPass",10,11,0,0,0,2,1,1,0,0,3,NA,3,2,0,"Y","Y",121
"DOLPHD-7349","F",19,"Overseas","SinglePass",10,11,1,0,0,1,0,0,0,0,1,NA,2,4,0,"N","N",71
"DOLPHD-7350","F",16,"Local","SinglePass",10,11,0,1,1,2,1,1,1,0,3,NA,4,1,0,"Y","Y",171
"DOLPHD-7352","F",15,"Local","SinglePass",10,11,1,0,0,1,0,0,1,0,2,NA,4,2,0,"N","N",96
"DOLPHD-7353","F",13,"Local","SinglePass",10,11,0,0,1,2,0,0,1,0,2,NA,3,1,0,"N","N",96
"DOLPHD-7355","F",16,"Overseas","MultiPass",10,11,0,0,0,1,0,1,1,0,3,NA,3,2,0,"N","Y",121
"DOLPHD-7356","F",19,"Overseas","SinglePass",10,11,0,0,0,2,0,1,1,0,2,NA,2,1,0,"Y","Y",71
"DOLPHD-7358","F",17,"Overseas","MultiPass",10,11,1,0,0,1,0,1,0,0,1,NA,4,4,0,"Y","Y",121
"DOLPHD-7360","F",19,"Local","SinglePass",10,11,1,0,1,1,0,0,1,0,2,NA,3,2,0,"Y","Y",121
"DOLPHD-7362","F",19,"Local","MultiPass",10,11,1,0,0,2,0,0,0,0,2,NA,2,2,0,"N","N",121
"DOLPHD-7364","F",15,"Overseas","SinglePass",10,11,1,0,0,2,1,1,1,0,2,NA,2,1,0,"N","N",121
"DOLPHD-7367","F",19,"Overseas","SinglePass",10,11,0,0,0,2,1,1,0,0,3,NA,4,2,0,"N","N",96
"DOLPHD-7368","F",16,"Local","MultiPass",10,11,0,0,0,1,1,1,0,0,2,NA,3,2,0,"N","N",121
"DOLPHD-7371","F",19,"Local","SinglePass",10,11,1,0,0,2,0,1,0,0,3,NA,4,2,0,"N","N",96
"DOLPHD-7377","F",17,"Local","SinglePass",10,11,1,1,0,2,0,1,1,0,1,NA,4,3,0,"N","N",121
"DOLPHD-7379","F",14,"Local","MultiPass",10,11,1,0,0,2,1,0,1,0,3,NA,2,2,0,"N","N",121
"DOLPHD-7386","F",16,"Local","MultiPass",10,11,1,0,0,1,0,0,0,0,3,NA,4,1,0,"N","N",121
"DOLPHD-7387","F",19,"Local","SinglePass",10,11,0,0,0,2,0,0,1,0,3,NA,2,1,0,"N","N",71
"DOLPHD-7388","F",14,"Local","SinglePass",10,11,1,0,0,2,0,0,0,0,3,NA,4,2,0,"N","N",71
"DOLPHD-7391","F",16,"Overseas","SinglePass",10,11,0,1,0,2,0,0,1,0,3,NA,3,2,0,"N","N",96
"DOLPHD-7393","F",18,"Overseas","MultiPass",10,11,0,0,0,1,0,0,0,0,3,NA,4,1,0,"N","N",121
"DOLPHD-7394","F",13,"Overseas","SinglePass",10,11,1,0,1,1,0,0,0,0,1,NA,4,3,0,"Y","Y",71
"DOLPHD-7395","F",17,"Local","SinglePass",10,11,0,0,0,1,1,1,1,0,2,NA,4,1,0,"Y","N",121
"DOLPHD-7398","F",18,"Local","SinglePass",10,11,0,0,0,1,0,1,0,0,1,NA,3,3,0,"N","N",46
"DOLPHD-7400","F",14,"Overseas","MultiPass",10,11,1,0,0,2,0,0,0,0,3,NA,2,1,0,"N","N",121
"DOLPHD-7403","F",17,"Overseas","MultiPass",10,11,1,0,1,2,0,1,1,0,1,NA,2,3,0,"Y","Y",121
"DOLPHD-7404","F",14,"Local","MultiPass",10,11,0,1,0,2,0,0,1,0,2,NA,4,1,0,"Y","Y",121
"DOLPHD-7406","F",19,"Local","SinglePass",10,11,1,0,0,1,0,1,1,0,2,NA,2,1,0,"N","Y",121
"DOLPHD-7408","F",14,"Local","SinglePass",10,11,1,0,1,1,0,0,0,0,1,NA,4,3,0,"N","N",71
"DOLPHD-7413","F",19,"Local","SinglePass",10,11,1,0,0,2,1,0,0,0,2,NA,3,1,0,"N","N",96
"DOLPHD-7416","F",16,"Local","SinglePass",10,11,1,0,1,1,0,1,0,0,3,NA,2,1,0,"N","N",96
"DOLPHD-7419","F",17,"Overseas","SinglePass",10,11,1,0,0,2,0,1,1,0,3,NA,3,2,0,"N","N",121
"DOLPHD-7424","F",16,"Local","MultiPass",10,11,1,0,0,1,0,0,1,0,2,NA,4,2,0,"N","N",121
"DOLPHD-7426","F",14,"Local","SinglePass",10,11,0,0,0,1,0,1,1,0,1,NA,3,4,0,"N","N",96
"DOLPHD-7427","F",17,"Overseas","SinglePass",10,11,1,1,1,2,0,1,0,0,2,NA,3,2,0,"N","N",146
"DOLPHD-7428","F",19,"Overseas","MultiPass",10,11,1,1,1,1,0,0,1,0,2,NA,3,2,0,"N","N",121
"DOLPHD-7429","F",19,"Overseas","SinglePass",10,11,0,1,0,2,0,1,0,0,1,NA,4,4,0,"N","N",71
"DOLPHD-7430","F",16,"Overseas","SinglePass",10,11,1,0,0,2,0,1,1,0,1,NA,2,4,0,"N","N",96
"DOLPHD-7435","F",16,"Local","MultiPass",10,11,1,0,1,2,0,1,0,0,1,NA,3,4,0,"Y","Y",121
"DOLPHD-7439","F",13,"Overseas","MultiPass",10,11,1,1,1,1,0,1,0,0,1,NA,2,4,0,"Y","Y",121
"DOLPHD-7441","F",19,"Local","SinglePass",10,11,0,0,1,1,0,0,0,0,1,NA,3,3,0,"N","N",71
"DOLPHD-7442","F",15,"Local","MultiPass",10,11,1,1,0,2,0,1,0,0,2,NA,4,2,0,"N","N",121
"DOLPHD-7444","F",18,"Local","SinglePass",10,11,0,0,0,2,0,0,1,0,1,NA,2,3,0,"N","N",46
"DOLPHD-7446","F",18,"Overseas","MultiPass",10,11,1,0,1,1,0,1,1,0,3,NA,2,2,0,"N","Y",121
"DOLPHD-7448","F",18,"Overseas","SinglePass",10,11,0,1,0,2,0,1,0,0,2,NA,2,1,0,"N","N",71
"DOLPHD-7449","F",14,"Local","MultiPass",10,11,0,0,0,2,1,0,1,0,1,NA,2,4,0,"N","N",121
"DOLPHD-7450","F",19,"Local","SinglePass",10,11,1,0,0,2,0,1,0,0,3,NA,2,1,0,"N","N",71
"DOLPHD-7455","F",14,"Overseas","SinglePass",10,11,1,0,0,1,0,0,0,0,2,NA,2,1,0,"N","N",46
"DOLPHD-7456","F",15,"Overseas","MultiPass",10,11,1,0,0,2,1,0,0,0,1,NA,4,4,0,"N","N",121
"DOLPHD-7461","F",18,"Local","SinglePass",10,11,0,0,1,2,0,0,1,0,2,NA,2,2,0,"N","N",71
"DOLPHD-7462","F",16,"Local","SinglePass",10,11,1,1,1,2,0,1,0,0,2,NA,2,1,0,"N","Y",146
"DOLPHD-7464","F",18,"Overseas","SinglePass",10,11,1,0,0,2,1,0,0,0,3,NA,2,1,0,"N","N",96
"DOLPHD-7469","F",15,"Local","SinglePass",10,11,1,0,1,2,0,1,0,0,1,NA,4,4,0,"N","Y",96
"DOLPHD-7470","F",14,"Local","MultiPass",10,11,0,0,0,2,0,0,1,0,3,NA,3,2,0,"N","N",121
"DOLPHD-7472","F",18,"Overseas","SinglePass",10,11,0,0,0,2,0,0,1,0,1,NA,3,3,0,"N","N",46
"DOLPHD-7475","F",16,"Overseas","SinglePass",10,11,0,0,0,1,0,1,0,0,1,NA,3,3,0,"N","Y",71
"DOLPHD-7478","F",18,"Local","SinglePass",10,11,1,0,1,2,0,1,0,0,2,NA,3,1,0,"N","N",121
"DOLPHD-7480","F",17,"Local","MultiPass",10,11,0,0,0,2,0,0,1,0,2,NA,2,1,0,"N","N",121
"DOLPHD-7481","F",13,"Overseas","MultiPass",10,11,0,1,0,2,0,1,0,0,2,NA,2,1,0,"N","N",121
"DOLPHD-7486","F",14,"Local","SinglePass",10,11,1,0,1,1,0,0,1,0,1,NA,3,4,0,"N","N",121
"DOLPHD-7487","F",17,"Local","MultiPass",10,11,0,0,1,2,0,1,0,0,3,NA,4,2,0,"N","Y",121
"DOLPHD-7488","F",19,"Local","MultiPass",10,11,0,0,0,1,1,1,0,0,1,NA,2,3,0,"N","N",121
"DOLPHD-7489","F",14,"Local","SinglePass",10,11,1,0,0,2,0,0,0,0,1,NA,4,3,0,"N","Y",71
"DOLPHD-7500","F",16,"Overseas","SinglePass",10,11,1,0,0,1,1,1,1,0,3,NA,2,2,0,"N","N",146
"DOLPHD-7501","F",19,"Overseas","MultiPass",10,11,0,0,1,1,0,0,0,0,1,NA,4,4,0,"Y","Y",121
"DOLPHD-7505","F",17,"Local","MultiPass",10,11,0,0,0,2,0,1,0,0,2,NA,4,1,0,"Y","Y",121
"DOLPHD-7506","F",16,"Local","SinglePass",10,11,1,1,0,1,0,0,0,0,1,NA,3,4,0,"N","N",96
"DOLPHD-7508","F",18,"Overseas","MultiPass",10,11,1,0,1,2,1,0,0,0,2,NA,3,1,0,"N","Y",121
"DOLPHD-7510","F",19,"Overseas","SinglePass",10,11,0,0,0,2,0,1,0,0,3,NA,4,2,0,"N","N",71
"DOLPHD-7512","F",14,"Local","MultiPass",10,11,0,0,1,1,1,0,0,0,2,NA,2,2,0,"N","N",121
"DOLPHD-7514","F",13,"Local","SinglePass",10,11,1,1,1,2,0,0,0,0,2,NA,4,1,0,"N","N",96
"DOLPHD-7515","F",15,"Local","MultiPass",10,11,1,0,1,2,1,1,0,0,2,NA,4,1,0,"N","Y",121
"DOLPHD-7516","F",17,"Local","MultiPass",10,11,0,0,1,2,0,1,0,0,2,NA,4,1,0,"N","N",121
"DOLPHD-7517","F",14,"Overseas","SinglePass",10,11,0,1,0,1,1,0,0,0,1,NA,2,3,0,"N","N",96
"DOLPHD-7522","F",19,"Local","MultiPass",10,11,0,0,0,2,0,1,1,0,2,NA,4,2,0,"N","N",121
"DOLPHD-7523","F",18,"Local","MultiPass",10,11,1,0,0,2,1,0,1,0,2,NA,2,2,0,"N","N",121
"DOLPHD-7524","F",13,"Local","SinglePass",10,11,1,0,0,2,0,1,0,0,2,NA,4,2,0,"N","N",71
"DOLPHD-7529","F",19,"Overseas","MultiPass",10,11,0,0,1,1,0,1,1,0,3,NA,3,1,0,"N","N",121
"DOLPHD-7531","F",18,"Local","SinglePass",10,11,0,0,1,2,1,1,0,0,1,NA,4,4,0,"N","N",121
"DOLPHD-7532","F",19,"Local","SinglePass",10,11,1,0,0,1,0,1,0,0,2,NA,4,1,0,"N","N",71
"DOLPHD-7536","F",16,"Overseas","MultiPass",10,11,0,0,0,1,0,1,1,0,1,NA,4,4,0,"N","N",121
"DOLPHD-7537","F",18,"Overseas","MultiPass",10,11,0,0,1,2,0,1,0,0,1,NA,3,3,0,"N","N",121
"DOLPHD-7539","F",18,"Local","SinglePass",10,11,1,0,0,2,0,0,1,0,3,NA,2,1,0,"N","N",96
"DOLPHD-7540","F",18,"Local","MultiPass",10,11,1,0,1,1,0,1,1,0,1,NA,3,4,0,"N","N",121
"DOLPHD-7541","F",14,"Local","SinglePass",10,11,0,0,0,2,0,0,0,0,3,NA,3,2,0,"N","N",46
"DOLPHD-7542","F",17,"Local","SinglePass",10,11,1,0,0,1,0,1,0,0,1,NA,4,4,0,"N","N",71
"DOLPHD-7545","F",13,"Overseas","SinglePass",10,11,1,0,1,2,0,0,1,0,2,NA,4,1,0,"N","N",96
"DOLPHD-7547","F",18,"Overseas","MultiPass",10,11,1,0,1,1,1,0,1,0,2,NA,4,1,0,"N","Y",121
"DOLPHD-7549","F",17,"Local","SinglePass",10,11,0,0,1,2,0,1,0,0,2,NA,2,1,0,"N","N",71
"DOLPHD-7550","F",14,"Local","MultiPass",10,11,1,1,0,1,0,0,0,0,1,NA,3,3,0,"N","N",121
"DOLPHD-7552","F",15,"Local","SinglePass",10,11,0,0,0,1,0,0,0,0,3,NA,3,2,0,"N","N",46
"DOLPHD-7557","F",16,"Local","MultiPass",10,11,0,1,0,1,0,0,0,0,1,NA,2,4,0,"N","Y",121
"DOLPHD-7558","F",19,"Local","MultiPass",10,11,0,0,0,2,1,1,1,0,2,NA,2,1,0,"N","N",121
"DOLPHD-7561","F",17,"Local","MultiPass",10,11,1,0,1,1,0,1,0,0,2,NA,4,2,0,"N","N",121
"DOLPHD-7564","F",16,"Overseas","MultiPass",10,11,1,0,0,1,0,1,1,0,1,NA,2,3,0,"N","N",121
"DOLPHD-7565","F",19,"Overseas","MultiPass",10,11,1,0,0,1,0,1,1,0,3,NA,3,2,0,"N","N",121
"DOLPHD-7566","F",19,"Local","SinglePass",10,11,0,0,1,1,1,1,0,0,1,NA,4,4,0,"N","N",121
"DOLPHD-7567","F",18,"Local","SinglePass",10,11,1,1,1,2,1,0,0,0,2,NA,3,1,0,"Y","Y",121
"DOLPHD-7569","F",13,"Local","SinglePass",10,11,0,0,0,2,0,1,1,0,2,NA,4,1,0,"Y","N",96
"DOLPHD-757","M",9,"Overseas","MultiPass",10,7,1,0,1,0,1,1,1,1,2,NA,4,1,1,"N","N",117
"DOLPHD-7571","F",13,"Overseas","MultiPass",10,11,1,0,1,1,1,1,0,0,2,NA,2,1,0,"Y","Y",121
"DOLPHD-7572","F",13,"Overseas","MultiPass",10,11,0,1,1,1,0,0,1,0,3,NA,4,2,0,"N","N",121
"DOLPHD-7574","F",14,"Overseas","SinglePass",10,11,1,0,1,2,0,0,0,0,2,NA,3,2,0,"N","Y",96
"DOLPHD-7575","F",13,"Local","MultiPass",10,11,0,0,0,2,0,1,0,0,2,NA,3,1,0,"Y","Y",121
"DOLPHD-758","M",8,"Overseas","MultiPass",10,7,1,0,1,1,1,0,1,1,2,NA,4,1,1,"N","N",117
"DOLPHD-7580","F",14,"Overseas","SinglePass",10,11,1,0,0,2,1,1,0,0,1,NA,2,4,0,"N","N",121
"DOLPHD-7581","F",16,"Overseas","SinglePass",10,11,0,0,1,2,0,1,0,0,3,NA,3,1,0,"N","Y",96
"DOLPHD-7583","F",19,"Overseas","SinglePass",10,11,1,0,0,2,0,1,0,0,3,NA,2,2,0,"N","N",71
"DOLPHD-7584","F",14,"Local","SinglePass",10,11,0,0,0,1,0,0,0,0,3,NA,2,2,0,"Y","N",46
"DOLPHD-7585","F",19,"Local","MultiPass",10,11,1,0,0,1,0,1,0,0,2,NA,3,1,0,"N","N",121
"DOLPHD-7587","F",18,"Local","SinglePass",10,11,0,0,0,2,0,0,0,0,1,NA,2,4,0,"N","Y",21
"DOLPHD-7588","F",16,"Local","SinglePass",10,11,1,1,0,1,1,0,1,0,3,NA,2,1,0,"Y","N",146
"DOLPHD-759","F",9,"Overseas","MultiPass",10,13,1,0,1,1,1,1,1,0,2,NA,2,1,1,"N","N",123
"DOLPHD-7593","F",16,"Local","MultiPass",10,11,0,0,0,2,0,1,0,0,1,NA,3,4,0,"Y","Y",121
"DOLPHD-7594","F",14,"Local","SinglePass",10,11,0,0,1,1,0,1,1,0,1,NA,3,4,0,"N","N",121
"DOLPHD-7599","F",17,"Overseas","MultiPass",10,11,1,0,0,1,0,0,0,0,3,NA,4,1,0,"N","Y",121
"DOLPHD-760","M",14,"Overseas","MultiPass",25,12,1,0,0,1,1,1,0,0,3,NA,3,1,1,"N","N",137
"DOLPHD-7601","F",18,"Overseas","SinglePass",10,11,1,0,0,1,0,1,1,0,1,NA,2,3,0,"N","Y",96
"DOLPHD-7602","F",13,"Local","SinglePass",10,11,0,0,0,2,0,0,0,0,2,NA,3,1,0,"N","N",46
"DOLPHD-7606","F",18,"Local","MultiPass",10,11,1,1,1,2,0,1,0,0,2,NA,4,1,0,"N","N",121
"DOLPHD-7607","F",18,"Overseas","MultiPass",10,11,0,0,1,1,1,0,1,0,1,NA,3,3,0,"N","N",121
"DOLPHD-7608","F",18,"Overseas","SinglePass",10,11,1,0,0,2,1,0,0,0,1,NA,3,3,0,"N","Y",96
"DOLPHD-7609","F",18,"Overseas","SinglePass",10,11,0,0,0,2,1,0,1,0,2,NA,4,1,0,"N","Y",71
"DOLPHD-761","M",12,"Overseas","MultiPass",19,10,1,0,0,0,1,0,0,0,3,NA,4,1,1,"N","N",129
"DOLPHD-7611","F",17,"Local","SinglePass",10,11,1,1,0,1,0,1,0,0,3,NA,3,2,0,"N","Y",96
"DOLPHD-7614","F",19,"Local","MultiPass",10,11,0,0,0,1,0,0,0,0,3,NA,3,1,0,"N","N",121
"DOLPHD-7615","F",13,"Local","SinglePass",10,11,1,0,1,2,1,1,0,0,3,NA,2,1,0,"N","N",146
"DOLPHD-7618","F",17,"Overseas","SinglePass",10,11,0,0,1,1,0,0,0,0,2,NA,4,2,0,"N","N",71
"DOLPHD-762","F",13,"Overseas","MultiPass",18,11,1,0,0,1,0,0,0,0,3,NA,2,2,1,"N","N",129
"DOLPHD-7620","F",16,"Local","MultiPass",10,11,1,0,1,1,0,0,0,0,3,NA,4,2,0,"N","N",121
"DOLPHD-7621","F",13,"Local","MultiPass",10,11,0,0,0,2,1,0,0,0,3,NA,2,2,0,"N","N",121
"DOLPHD-7623","F",15,"Local","SinglePass",10,11,1,1,1,2,1,1,0,0,3,NA,3,2,0,"N","Y",171
"DOLPHD-7627","F",17,"Overseas","MultiPass",10,11,0,1,1,2,0,1,0,0,1,NA,2,3,0,"N","N",121
"DOLPHD-763","M",12,"Overseas","MultiPass",21,5,1,0,0,0,1,1,0,0,2,NA,3,1,1,"N","Y",126
"DOLPHD-7630","F",19,"Local","SinglePass",10,11,1,1,0,2,0,0,0,0,2,NA,3,2,0,"Y","Y",71
"DOLPHD-7631","F",16,"Local","MultiPass",10,11,1,0,0,1,0,1,1,0,2,NA,3,2,0,"N","N",121
"DOLPHD-7633","F",18,"Local","SinglePass",10,11,0,0,0,2,0,1,0,0,3,NA,4,2,0,"N","N",46
"DOLPHD-7634","F",17,"Overseas","MultiPass",10,11,1,1,0,1,1,0,0,0,2,NA,2,2,0,"N","N",121
"DOLPHD-7635","F",15,"Overseas","MultiPass",10,11,0,0,0,2,0,0,0,0,3,NA,2,2,0,"N","N",121
"DOLPHD-7637","F",17,"Overseas","SinglePass",10,11,0,0,0,1,0,1,0,0,1,NA,2,4,0,"N","N",71
"DOLPHD-7639","F",13,"Local","SinglePass",10,11,1,1,0,2,0,0,0,0,2,NA,4,1,0,"N","N",96
"DOLPHD-764","M",10,"Overseas","MultiPass",10,11,1,0,0,1,1,0,0,1,3,NA,3,2,1,"N","N",121
"DOLPHD-7640","F",19,"Local","SinglePass",10,11,0,0,0,1,0,1,0,0,2,NA,4,1,0,"Y","Y",46
"DOLPHD-7641","F",19,"Local","MultiPass",10,11,1,0,1,1,0,0,0,0,3,NA,2,2,0,"N","N",121
"DOLPHD-7643","F",16,"Overseas","SinglePass",10,11,0,1,0,2,0,0,0,0,1,NA,2,3,0,"Y","Y",46
"DOLPHD-7644","F",16,"Overseas","SinglePass",10,11,0,0,1,2,0,1,1,0,3,NA,2,2,0,"N","N",121
"DOLPHD-7645","F",17,"Overseas","MultiPass",10,11,0,0,0,1,1,0,1,0,1,NA,4,4,0,"N","N",121
"DOLPHD-7647","F",14,"Local","SinglePass",10,11,1,0,0,1,0,0,0,0,3,NA,4,2,0,"N","N",46
"DOLPHD-7649","F",14,"Local","MultiPass",10,11,0,0,0,1,0,1,1,0,3,NA,3,2,0,"N","N",121
"DOLPHD-765","F",9,"Overseas","MultiPass",10,13,1,0,1,0,0,0,1,1,2,NA,4,1,1,"N","N",123
"DOLPHD-7650","F",14,"Local","SinglePass",10,11,0,1,0,1,0,0,0,0,1,NA,3,4,0,"N","N",46
"DOLPHD-7651","F",17,"Local","SinglePass",10,11,0,0,1,1,1,1,1,0,2,NA,2,2,0,"N","Y",121
"DOLPHD-7653","F",18,"Overseas","SinglePass",10,11,0,0,0,1,0,1,1,0,1,NA,4,3,0,"N","N",96
"DOLPHD-7654","F",15,"Overseas","SinglePass",10,11,0,0,0,2,0,0,0,0,2,NA,3,1,0,"N","N",21
"DOLPHD-7657","F",15,"Local","SinglePass",10,11,0,0,0,2,0,0,0,0,1,NA,4,4,0,"N","N",21
"DOLPHD-766","M",9,"Overseas","MultiPass",10,12,1,0,1,0,0,1,1,1,2,NA,2,1,1,"N","N",122
"DOLPHD-7661","F",18,"Overseas","SinglePass",10,11,1,0,0,1,1,0,0,0,1,NA,2,3,0,"N","N",71
"DOLPHD-7662","F",15,"Overseas","MultiPass",10,11,0,0,0,1,0,0,0,0,1,NA,4,3,0,"N","N",121
"DOLPHD-7664","F",18,"Overseas","SinglePass",10,11,1,0,1,1,0,1,0,0,1,NA,3,4,0,"N","N",121
"DOLPHD-7667","F",17,"Local","SinglePass",10,11,1,0,0,1,1,1,0,0,1,NA,3,4,0,"N","Y",121
"DOLPHD-7669","F",13,"Local","MultiPass",10,11,1,0,1,1,1,1,0,0,1,NA,2,3,0,"N","N",121
"DOLPHD-767","M",11,"Overseas","MultiPass",10,8,1,0,0,0,0,1,0,1,2,NA,4,2,1,"Y","Y",118
"DOLPHD-7671","F",19,"Overseas","SinglePass",10,11,1,1,0,1,0,0,1,0,1,NA,2,4,0,"N","N",121
"DOLPHD-7673","F",15,"Overseas","MultiPass",10,11,1,1,0,1,1,1,0,0,2,NA,4,2,0,"N","N",121
"DOLPHD-768","F",6,"Overseas","MultiPass",10,6,1,0,1,0,0,0,1,1,3,NA,3,2,1,"N","N",116
"DOLPHD-7687","F",14,"Local","MultiPass",10,11,1,0,0,2,0,1,0,0,3,NA,2,2,0,"N","N",121
"DOLPHD-769","M",14,"Overseas","MultiPass",32,14,1,0,0,1,1,1,0,0,2,NA,4,1,1,"N","Y",146
"DOLPHD-7692","F",19,"Local","SinglePass",10,11,0,0,0,1,0,1,0,0,3,NA,4,1,0,"N","N",71
"DOLPHD-7695","F",13,"Local","SinglePass",10,11,0,0,1,1,1,0,1,0,2,NA,2,2,0,"N","N",96
"DOLPHD-7696","F",14,"Local","SinglePass",10,11,0,0,0,1,0,1,1,0,3,NA,4,1,0,"N","N",96
"DOLPHD-7699","F",13,"Overseas","SinglePass",10,11,0,0,1,2,0,1,0,0,3,NA,4,1,0,"N","N",96
"DOLPHD-770","M",11,"Overseas","MultiPass",10,13,1,0,0,1,0,0,0,1,2,NA,4,1,1,"N","N",123
"DOLPHD-7700","F",18,"Overseas","SinglePass",10,11,1,1,0,2,0,1,0,0,1,NA,2,3,0,"N","N",96
"DOLPHD-7701","F",19,"Local","MultiPass",10,11,1,0,0,2,0,0,1,0,3,NA,3,1,0,"N","N",121
"DOLPHD-7702","F",19,"Local","SinglePass",10,11,0,0,1,1,0,0,0,0,1,NA,4,4,0,"N","Y",71
"DOLPHD-7704","F",13,"Local","MultiPass",10,11,0,0,1,1,0,0,0,0,3,NA,4,1,0,"N","N",121
"DOLPHD-7705","F",14,"Local","MultiPass",10,11,1,0,0,2,0,1,1,0,3,NA,3,1,0,"N","N",121
"DOLPHD-771","F",6,"Overseas","MultiPass",10,10,1,0,1,0,1,0,1,1,2,NA,4,1,1,"N","N",120
"DOLPHD-7711","F",15,"Local","MultiPass",10,11,0,0,1,1,1,1,0,0,1,NA,3,3,0,"N","N",121
"DOLPHD-7712","F",16,"Local","MultiPass",10,11,0,1,0,2,0,0,0,0,1,NA,2,4,0,"N","N",121
"DOLPHD-7713","F",19,"Local","SinglePass",10,11,0,0,0,2,0,1,1,0,3,NA,2,2,0,"N","Y",71
"DOLPHD-7714","F",13,"Local","SinglePass",10,11,0,0,0,2,0,0,0,0,2,NA,3,2,0,"N","N",46
"DOLPHD-7717","F",13,"Overseas","SinglePass",10,11,1,0,0,1,0,1,1,0,2,NA,2,2,0,"N","N",121
"DOLPHD-7718","F",15,"Overseas","MultiPass",10,11,0,1,0,2,1,1,0,0,1,NA,4,4,0,"N","N",121
"DOLPHD-772","M",6,"Overseas","MultiPass",10,7,1,0,1,0,0,0,1,1,3,NA,4,2,1,"Y","Y",117
"DOLPHD-7721","F",17,"Local","SinglePass",10,11,1,0,1,1,0,0,0,0,1,NA,4,3,0,"N","Y",71
"DOLPHD-7722","F",13,"Local","MultiPass",10,11,1,0,1,1,0,1,0,0,1,NA,2,3,0,"N","N",121
"DOLPHD-7723","F",16,"Local","SinglePass",10,11,1,1,0,2,0,0,1,0,1,NA,4,4,0,"N","N",121
"DOLPHD-7728","F",15,"Local","SinglePass",10,11,0,1,1,2,1,0,0,0,1,NA,3,4,0,"N","N",96
"DOLPHD-7729","F",18,"Local","MultiPass",10,11,1,0,1,1,1,0,1,0,1,NA,2,3,0,"N","N",121
"DOLPHD-773","M",6,"Overseas","MultiPass",10,14,1,0,1,0,1,1,1,1,2,NA,2,2,1,"N","N",124
"DOLPHD-7730","F",16,"Local","SinglePass",10,11,1,0,1,2,1,1,1,0,1,NA,4,3,0,"N","N",146
"DOLPHD-7732","F",13,"Local","MultiPass",10,11,1,0,0,2,0,0,0,0,1,NA,4,3,0,"N","N",121
"DOLPHD-7733","F",17,"Overseas","MultiPass",10,11,1,0,1,2,0,0,0,0,1,NA,4,3,0,"Y","Y",121
"DOLPHD-7736","F",16,"Overseas","MultiPass",10,11,0,0,0,1,0,0,1,0,1,NA,3,3,0,"N","Y",121
"DOLPHD-7738","F",13,"Local","SinglePass",10,11,1,0,0,1,0,0,0,0,1,NA,3,4,0,"N","N",46
"DOLPHD-7739","F",15,"Local","MultiPass",10,11,1,0,0,1,1,1,0,0,1,NA,2,4,0,"N","N",121
"DOLPHD-774","F",10,"Overseas","MultiPass",10,9,1,0,0,1,0,1,0,1,3,NA,2,1,1,"N","N",119
"DOLPHD-7741","F",17,"Local","SinglePass",10,11,1,0,0,2,1,1,1,0,1,NA,4,4,0,"Y","Y",121
"DOLPHD-7742","F",19,"Overseas","SinglePass",10,11,1,0,1,1,0,1,0,0,1,NA,2,4,0,"Y","Y",96
"DOLPHD-7743","F",18,"Overseas","MultiPass",10,11,0,0,0,1,0,0,1,0,1,NA,3,3,0,"N","Y",121
"DOLPHD-7744","F",15,"Overseas","SinglePass",10,11,0,1,1,1,1,0,0,0,1,NA,2,4,0,"N","N",121
"DOLPHD-7746","F",17,"Local","MultiPass",10,11,0,1,0,1,1,0,0,0,1,NA,3,4,0,"N","N",121
"DOLPHD-7747","F",14,"Local","MultiPass",10,11,1,1,0,2,1,1,0,0,1,NA,2,4,0,"N","Y",121
"DOLPHD-7748","F",16,"Local","SinglePass",10,11,0,0,1,1,0,0,0,0,1,NA,2,3,0,"N","N",71
"DOLPHD-775","M",7,"Overseas","MultiPass",10,15,1,0,1,1,1,0,1,1,2,NA,4,2,1,"Y","Y",125
"DOLPHD-7750","F",16,"Local","MultiPass",10,11,0,1,1,2,0,0,0,0,1,NA,4,4,0,"N","Y",121
"DOLPHD-7752","F",17,"Overseas","SinglePass",10,11,1,1,1,2,1,1,0,0,1,NA,2,4,0,"N","Y",171
"DOLPHD-7757","F",13,"Local","MultiPass",10,11,0,0,1,1,0,0,0,0,1,NA,3,3,0,"Y","Y",121
"DOLPHD-7759","F",19,"Local","SinglePass",10,11,1,1,0,1,0,0,0,0,1,NA,4,3,0,"Y","Y",71
"DOLPHD-776","M",11,"Overseas","MultiPass",10,14,1,0,0,1,0,1,0,1,2,NA,2,1,1,"N","N",124
"DOLPHD-7760","F",14,"Overseas","MultiPass",10,11,1,0,1,2,0,1,0,0,1,NA,4,4,0,"Y","Y",121
"DOLPHD-7765","F",19,"Local","SinglePass",10,11,1,0,0,1,0,1,0,0,1,NA,3,4,0,"N","Y",96
"DOLPHD-7767","F",13,"Local","MultiPass",10,11,0,0,1,1,0,1,0,0,1,NA,3,4,0,"N","N",121
"DOLPHD-777","F",7,"Overseas","MultiPass",10,14,1,0,1,0,1,0,1,1,2,NA,3,2,1,"N","N",124
"DOLPHD-7770","F",18,"Overseas","SinglePass",10,11,1,1,0,1,1,0,1,0,1,NA,2,4,0,"N","N",121
"DOLPHD-7772","F",14,"Overseas","SinglePass",10,11,0,0,1,1,0,1,0,0,1,NA,4,3,0,"N","Y",96
"DOLPHD-7775","F",16,"Local","MultiPass",10,11,1,0,0,2,0,1,1,0,1,NA,4,4,0,"N","N",121
"DOLPHD-778","M",14,"Overseas","MultiPass",30,12,1,0,0,1,0,1,0,0,2,NA,2,2,1,"N","Y",142
"DOLPHD-7780","F",18,"Overseas","SinglePass",10,11,0,0,0,2,0,1,1,0,1,NA,4,3,0,"N","N",71
"DOLPHD-7783","F",17,"Local","SinglePass",10,11,1,1,1,1,0,1,1,0,1,NA,2,4,0,"N","N",146
"DOLPHD-7784","F",19,"Local","SinglePass",10,11,1,0,0,2,1,1,1,0,1,NA,3,4,0,"N","N",146
"DOLPHD-7785","F",15,"Local","MultiPass",10,11,1,0,0,1,0,1,1,0,1,NA,2,3,0,"Y","Y",121
"DOLPHD-7786","F",13,"Local","SinglePass",10,11,0,0,0,1,1,1,0,0,1,NA,3,3,0,"N","N",71
"DOLPHD-7788","F",15,"Overseas","MultiPass",10,11,0,0,1,1,0,0,0,0,1,NA,4,4,0,"N","N",121
"DOLPHD-7789","F",17,"Overseas","MultiPass",10,11,1,0,1,1,0,0,1,0,1,NA,3,3,0,"N","N",121
"DOLPHD-779","M",8,"Overseas","MultiPass",10,12,1,0,1,1,0,0,1,0,2,NA,2,2,1,"N","Y",122
"DOLPHD-7791","F",13,"Local","SinglePass",10,11,1,1,0,1,1,0,0,0,1,NA,2,3,0,"N","N",121
"DOLPHD-7792","F",16,"Local","MultiPass",10,11,0,0,0,1,1,0,0,0,1,NA,4,4,0,"N","N",121
"DOLPHD-7795","F",13,"Local","MultiPass",10,11,0,0,0,2,0,1,1,0,1,NA,2,3,0,"N","Y",121
"DOLPHD-7799","F",19,"Overseas","MultiPass",10,11,1,0,1,1,0,0,0,0,1,NA,2,4,0,"N","N",121
"DOLPHD-780","F",12,"Overseas","MultiPass",23,5,1,0,0,1,1,1,0,0,2,NA,4,1,1,"N","N",128
"DOLPHD-7802","F",16,"Local","MultiPass",10,11,1,1,1,2,1,0,0,0,1,NA,3,3,0,"N","Y",121
"DOLPHD-7803","F",18,"Local","MultiPass",10,11,0,0,1,2,0,0,0,0,1,NA,3,3,0,"N","Y",121
"DOLPHD-7804","F",17,"Local","SinglePass",10,11,0,0,1,2,0,0,0,0,1,NA,3,3,0,"N","Y",46
"DOLPHD-7805","F",14,"Overseas","SinglePass",10,11,1,0,0,1,0,1,0,0,1,NA,4,3,0,"N","N",71
"DOLPHD-7808","F",17,"Overseas","SinglePass",10,11,1,0,1,2,0,0,0,0,1,NA,2,3,0,"Y","Y",71
"DOLPHD-781","M",9,"Overseas","MultiPass",10,13,1,0,1,0,0,1,1,1,3,NA,2,1,1,"N","N",123
"DOLPHD-7812","F",19,"Local","SinglePass",10,11,1,0,1,1,0,1,0,0,1,NA,4,4,0,"N","Y",96
"DOLPHD-7813","F",15,"Local","MultiPass",10,11,0,0,1,2,0,0,0,0,1,NA,2,4,0,"N","N",121
"DOLPHD-7815","F",19,"Overseas","SinglePass",10,11,1,0,0,1,1,1,0,0,1,NA,2,3,0,"N","N",121
"DOLPHD-7817","F",18,"Overseas","MultiPass",10,11,0,0,1,1,0,0,0,0,1,NA,4,4,0,"Y","Y",121
"DOLPHD-7818","F",13,"Local","SinglePass",10,11,0,0,0,1,0,1,1,0,1,NA,2,4,0,"N","N",71
"DOLPHD-782","M",14,"Overseas","MultiPass",30,6,1,0,0,1,1,0,0,0,2,NA,2,2,1,"N","Y",136
"DOLPHD-7825","F",13,"Overseas","SinglePass",10,11,1,1,0,2,0,0,0,0,1,NA,2,4,0,"N","N",71
"DOLPHD-7826","F",18,"Overseas","SinglePass",10,11,1,0,0,2,0,1,0,0,1,NA,3,3,0,"N","Y",71
"DOLPHD-7827","F",13,"Local","MultiPass",10,11,0,0,1,2,0,0,0,0,1,NA,3,4,0,"N","N",121
"DOLPHD-7828","F",14,"Local","SinglePass",10,11,1,1,0,1,1,1,1,0,1,NA,3,4,0,"Y","Y",146
"DOLPHD-783","F",11,"Overseas","MultiPass",10,13,1,0,0,0,0,0,0,1,2,NA,4,1,1,"N","N",123
"DOLPHD-7836","F",18,"Local","SinglePass",10,11,1,0,1,2,0,0,0,0,1,NA,3,3,0,"N","N",96
"DOLPHD-7837","F",17,"Local","MultiPass",10,11,1,1,0,1,0,0,0,0,1,NA,4,4,0,"N","N",121
"DOLPHD-7839","F",18,"Local","SinglePass",10,11,0,0,0,1,0,1,0,0,1,NA,4,4,0,"N","N",46
"DOLPHD-784","M",11,"Overseas","MultiPass",10,14,1,0,0,0,0,0,0,1,3,NA,4,1,1,"N","N",124
"DOLPHD-7842","F",15,"Overseas","SinglePass",10,11,1,1,0,1,1,1,0,0,1,NA,2,4,0,"Y","Y",121
"DOLPHD-7844","F",17,"Overseas","MultiPass",10,11,0,0,0,1,0,1,0,0,1,NA,4,4,0,"N","Y",121
"DOLPHD-7845","F",15,"Local","MultiPass",10,11,0,0,1,2,0,1,0,0,1,NA,3,3,0,"N","N",121
"DOLPHD-7846","F",14,"Local","SinglePass",10,11,1,1,1,1,0,1,1,0,1,NA,2,3,0,"N","N",171
"DOLPHD-7848","F",14,"Local","MultiPass",10,11,0,0,0,1,0,1,0,0,1,NA,3,3,0,"N","N",121
"DOLPHD-7849","F",18,"Local","SinglePass",10,11,0,0,1,2,0,0,0,0,1,NA,3,4,0,"N","N",71
"DOLPHD-785","M",11,"Overseas","MultiPass",10,15,1,0,0,0,1,1,0,1,2,NA,2,2,1,"N","N",125
"DOLPHD-7850","F",19,"Overseas","SinglePass",10,11,0,0,0,2,1,1,1,0,1,NA,2,4,0,"Y","Y",96
"DOLPHD-7852","F",16,"Overseas","MultiPass",10,11,0,0,0,1,0,0,0,0,1,NA,3,4,0,"N","N",121
"DOLPHD-7853","F",17,"Overseas","SinglePass",10,11,1,0,1,1,0,0,0,0,1,NA,4,4,0,"N","N",96
"DOLPHD-7854","F",18,"Local","SinglePass",10,11,0,0,0,2,0,0,0,0,1,NA,3,4,0,"Y","Y",46
"DOLPHD-7859","F",18,"Overseas","MultiPass",10,11,0,1,0,1,0,0,0,0,1,NA,2,3,0,"Y","Y",121
"DOLPHD-786","F",7,"Overseas","MultiPass",10,6,1,0,1,0,1,0,1,0,3,NA,3,2,1,"N","N",116
"DOLPHD-7864","F",13,"Local","SinglePass",10,11,0,0,0,1,0,0,0,0,1,NA,4,4,0,"N","N",21
"DOLPHD-7868","F",17,"Overseas","SinglePass",10,11,1,0,1,2,0,1,0,0,1,NA,2,4,0,"Y","Y",121
"DOLPHD-7869","F",17,"Overseas","MultiPass",10,11,1,1,1,2,0,0,0,0,1,NA,4,4,0,"N","Y",121
"DOLPHD-787","M",12,"Overseas","MultiPass",28,12,1,0,0,0,1,1,0,0,2,NA,2,1,1,"N","N",140
"DOLPHD-7872","F",19,"Local","MultiPass",10,11,0,0,1,1,1,1,0,0,1,NA,3,3,0,"N","N",121
"DOLPHD-7876","F",17,"Local","MultiPass",10,11,1,0,1,2,1,0,1,0,1,NA,3,4,0,"Y","Y",121
"DOLPHD-7879","F",13,"Overseas","MultiPass",10,11,0,0,1,2,0,0,0,0,1,NA,2,3,0,"N","Y",121
"DOLPHD-788","M",6,"Overseas","MultiPass",10,12,1,0,1,0,0,0,1,0,3,NA,3,1,1,"N","N",122
"DOLPHD-7880","F",15,"Overseas","MultiPass",10,11,1,0,0,2,0,1,0,0,1,NA,2,4,0,"N","Y",121
"DOLPHD-7883","F",19,"Local","MultiPass",10,11,1,0,0,2,0,0,0,0,1,NA,2,3,0,"N","N",121
"DOLPHD-7884","F",17,"Local","SinglePass",10,11,0,0,0,2,1,0,0,0,1,NA,4,3,0,"Y","Y",46
"DOLPHD-7888","F",15,"Overseas","SinglePass",10,11,1,0,1,1,0,1,0,0,1,NA,2,3,0,"N","N",121
"DOLPHD-7889","F",15,"Overseas","SinglePass",10,11,0,0,0,1,0,0,0,0,1,NA,4,4,0,"N","Y",46
"DOLPHD-789","F",13,"Overseas","MultiPass",22,5,1,0,0,0,1,1,0,0,3,NA,2,1,1,"N","Y",127
"DOLPHD-7891","F",17,"Local","SinglePass",10,11,1,0,0,1,1,1,0,0,1,NA,4,4,0,"N","N",121
"DOLPHD-7892","F",18,"Local","SinglePass",10,11,0,0,1,1,0,0,0,0,1,NA,3,4,0,"N","N",71
"DOLPHD-7893","F",17,"Local","MultiPass",10,11,0,0,0,2,0,0,0,0,1,NA,2,3,0,"N","N",121
"DOLPHD-7896","F",18,"Overseas","SinglePass",10,11,0,0,1,2,0,1,0,0,1,NA,3,4,0,"N","N",96
"DOLPHD-7897","F",13,"Overseas","MultiPass",10,11,0,0,1,2,0,1,0,0,1,NA,2,3,0,"N","N",121
"DOLPHD-7899","F",16,"Local","SinglePass",10,11,0,0,0,1,1,1,0,0,1,NA,4,3,0,"N","N",71
"DOLPHD-790","M",10,"Overseas","MultiPass",10,10,1,0,0,0,1,0,0,0,2,NA,4,1,1,"N","N",120
"DOLPHD-7900","F",14,"Local","MultiPass",10,11,0,0,0,1,0,0,0,0,1,NA,4,4,0,"Y","Y",121
"DOLPHD-7901","F",16,"Local","MultiPass",10,11,1,1,0,1,0,1,0,0,1,NA,2,3,0,"N","N",121
"DOLPHD-7903","F",14,"Local","SinglePass",10,11,1,0,0,1,0,0,1,0,1,NA,2,4,0,"N","Y",71
"DOLPHD-7905","F",17,"Overseas","SinglePass",10,11,1,0,0,2,0,0,1,0,1,NA,3,4,0,"N","Y",71
"DOLPHD-7906","F",18,"Overseas","SinglePass",10,11,1,0,0,2,1,1,1,0,1,NA,2,4,0,"Y","Y",121
"DOLPHD-791","M",12,"Overseas","MultiPass",30,6,1,0,0,0,1,1,0,0,2,NA,2,2,1,"N","N",136
"DOLPHD-7911","F",17,"Local","MultiPass",10,11,0,0,1,2,0,0,0,0,1,NA,3,4,0,"N","N",121
"DOLPHD-7914","F",18,"Overseas","MultiPass",10,11,0,0,1,1,1,1,0,0,1,NA,2,4,0,"N","N",121
"DOLPHD-7915","F",18,"Overseas","MultiPass",10,11,1,0,1,2,0,1,0,0,1,NA,4,4,0,"N","N",121
"DOLPHD-7919","F",17,"Local","SinglePass",10,11,1,0,0,2,1,0,1,0,1,NA,2,3,0,"Y","Y",96
"DOLPHD-792","F",9,"Overseas","MultiPass",10,12,1,0,1,0,0,0,1,0,3,NA,2,1,1,"N","N",122
"DOLPHD-7924","F",17,"Overseas","SinglePass",10,11,0,1,0,2,0,0,0,0,1,NA,2,4,0,"N","N",71
"DOLPHD-7925","F",13,"Overseas","MultiPass",10,11,1,0,0,2,1,0,1,0,1,NA,3,4,0,"N","Y",121
"DOLPHD-7926","F",18,"Local","SinglePass",10,11,0,0,0,2,0,0,1,0,1,NA,3,4,0,"N","Y",71
"DOLPHD-793","M",7,"Overseas","MultiPass",10,6,1,0,1,0,0,0,1,0,3,NA,4,1,1,"N","N",116
"DOLPHD-7930","F",13,"Local","SinglePass",10,11,1,0,0,1,0,1,0,0,1,NA,2,4,0,"N","N",96
"DOLPHD-7931","F",19,"Overseas","SinglePass",10,11,0,1,0,2,0,0,1,0,1,NA,4,3,0,"N","Y",96
"DOLPHD-7932","F",18,"Overseas","MultiPass",10,11,1,0,0,1,0,1,0,0,1,NA,3,4,0,"N","N",121
"DOLPHD-7933","F",17,"Overseas","SinglePass",10,11,0,0,0,2,1,1,0,0,1,NA,3,4,0,"Y","Y",71
"DOLPHD-7938","F",18,"Local","SinglePass",10,11,1,1,1,1,0,1,1,0,1,NA,2,3,0,"N","N",171
"DOLPHD-794","M",10,"Overseas","MultiPass",10,13,1,0,0,1,1,0,0,0,3,NA,2,2,1,"N","Y",123
"DOLPHD-7940","F",17,"Overseas","SinglePass",10,11,1,0,0,2,0,1,0,0,1,NA,2,3,0,"N","N",71
"DOLPHD-7941","F",16,"Overseas","SinglePass",10,11,0,0,0,2,0,0,1,0,1,NA,2,3,0,"N","N",46
"DOLPHD-7943","F",13,"Overseas","MultiPass",10,11,1,0,0,2,0,1,1,0,1,NA,2,4,0,"N","N",121
"DOLPHD-7944","F",17,"Local","SinglePass",10,11,1,0,0,1,0,0,0,0,1,NA,2,3,0,"Y","Y",71
"DOLPHD-7946","F",17,"Local","MultiPass",10,11,1,0,0,1,0,1,1,0,1,NA,2,4,0,"N","N",121
"DOLPHD-7947","F",18,"Local","SinglePass",10,11,1,0,1,1,0,1,0,0,1,NA,3,3,0,"N","N",96
"DOLPHD-7948","F",15,"Local","SinglePass",10,11,1,0,0,2,1,0,0,0,1,NA,2,3,0,"N","N",71
"DOLPHD-7949","F",19,"Overseas","MultiPass",10,11,0,0,0,1,0,1,1,0,1,NA,3,3,0,"N","N",121
"DOLPHD-795","F",12,"Overseas","MultiPass",30,6,1,0,0,1,1,1,0,0,2,NA,4,2,1,"N","N",136
"DOLPHD-7956","F",16,"Local","MultiPass",10,11,0,0,0,1,1,0,0,0,1,NA,4,4,0,"N","N",121
"DOLPHD-7958","F",19,"Overseas","SinglePass",10,11,1,0,0,1,0,1,0,0,1,NA,2,3,0,"N","N",71
"DOLPHD-796","M",11,"Overseas","MultiPass",10,15,1,0,0,0,1,1,0,0,2,NA,4,1,1,"N","N",125
"DOLPHD-7960","F",13,"Overseas","MultiPass",10,11,1,0,1,2,0,0,0,0,1,NA,4,3,0,"Y","Y",121
"DOLPHD-7961","F",15,"Overseas","SinglePass",10,11,1,0,1,1,0,1,1,0,1,NA,3,3,0,"N","Y",121
"DOLPHD-7963","F",16,"Local","MultiPass",10,11,1,0,0,1,0,0,0,0,1,NA,3,4,0,"Y","Y",121
"DOLPHD-7964","F",15,"Local","MultiPass",10,11,0,0,0,1,0,1,1,0,1,NA,4,3,0,"N","N",121
"DOLPHD-797","M",14,"Overseas","MultiPass",22,8,1,0,0,1,0,0,0,0,3,NA,2,1,1,"N","N",130
"DOLPHD-7974","F",16,"Local","MultiPass",10,11,1,0,0,1,0,0,1,0,1,NA,4,4,0,"N","Y",121
"DOLPHD-7975","F",16,"Local","SinglePass",10,11,0,0,1,2,0,1,0,0,1,NA,4,4,0,"N","N",96
"DOLPHD-7978","F",16,"Overseas","MultiPass",10,11,0,0,0,2,0,1,0,0,1,NA,2,4,0,"N","N",121
"DOLPHD-798","F",11,"Overseas","MultiPass",10,10,1,0,0,0,1,1,0,0,3,NA,2,1,1,"N","N",120
"DOLPHD-7980","F",17,"Local","SinglePass",10,11,1,0,1,1,1,0,1,0,1,NA,2,4,0,"N","N",121
"DOLPHD-7983","F",13,"Local","SinglePass",10,11,0,0,0,1,0,0,1,0,1,NA,3,4,0,"N","N",46
"DOLPHD-7986","F",18,"Overseas","SinglePass",10,11,1,0,1,2,1,0,1,0,1,NA,2,4,0,"Y","Y",121
"DOLPHD-7987","F",17,"Overseas","SinglePass",10,11,1,0,0,1,0,0,0,0,1,NA,2,3,0,"Y","Y",71
"DOLPHD-7988","F",16,"Overseas","MultiPass",10,11,0,0,0,2,0,0,0,0,1,NA,2,3,0,"N","N",121
"DOLPHD-799","M",11,"Overseas","MultiPass",10,8,1,0,0,1,1,0,0,0,2,NA,4,2,1,"N","N",118
"DOLPHD-7998","F",14,"Local","MultiPass",10,11,0,0,0,2,0,0,1,0,1,NA,4,4,0,"N","Y",121
"DOLPHD-7999","F",17,"Local","MultiPass",10,11,1,0,1,1,1,1,0,0,1,NA,3,4,0,"N","N",121
"DOLPHD-800","M",13,"Overseas","MultiPass",24,10,1,0,0,0,1,0,0,0,2,NA,3,1,1,"N","N",134
"DOLPHD-8002","F",19,"Local","MultiPass",10,11,0,0,0,1,0,1,1,0,1,NA,4,4,0,"N","N",121
"DOLPHD-8004","F",13,"Overseas","SinglePass",10,11,0,1,1,1,0,1,1,0,1,NA,3,4,0,"N","N",121
"DOLPHD-8005","F",18,"Overseas","MultiPass",10,11,0,0,1,1,0,0,0,0,1,NA,4,4,0,"Y","Y",121
"DOLPHD-8007","F",19,"Local","SinglePass",10,11,1,1,0,2,0,0,1,0,1,NA,2,4,0,"Y","N",121
"DOLPHD-801","M",12,"Overseas","MultiPass",27,9,1,0,0,1,0,1,0,0,3,NA,4,2,1,"Y","Y",136
"DOLPHD-8010","F",18,"Local","SinglePass",10,11,0,0,0,1,0,1,1,0,1,NA,4,4,0,"N","N",71
"DOLPHD-8011","F",19,"Local","SinglePass",10,11,0,0,1,1,0,0,0,0,1,NA,3,3,0,"N","N",71
"DOLPHD-8012","F",19,"Overseas","MultiPass",10,11,0,0,0,2,0,1,1,0,1,NA,4,3,0,"Y","Y",121
"DOLPHD-8013","F",14,"Overseas","MultiPass",10,11,1,0,0,2,0,1,0,0,1,NA,3,4,0,"N","N",121
"DOLPHD-8015","F",19,"Overseas","SinglePass",10,11,1,1,0,2,1,1,1,0,1,NA,2,4,0,"N","N",171
"DOLPHD-8017","F",17,"Local","SinglePass",10,11,1,0,0,1,0,0,0,0,1,NA,2,4,0,"N","N",71
"DOLPHD-8018","F",16,"Local","SinglePass",10,11,0,0,0,1,0,0,1,0,1,NA,2,4,0,"N","Y",46
"DOLPHD-802","F",6,"Overseas","MultiPass",10,12,1,0,1,1,0,1,1,0,2,NA,2,1,1,"N","N",122
"DOLPHD-8021","F",14,"Overseas","SinglePass",10,11,0,0,1,2,0,0,0,0,1,NA,2,4,0,"N","Y",46
"DOLPHD-8023","F",18,"Overseas","MultiPass",10,11,0,1,1,1,0,0,0,0,1,NA,2,4,0,"N","N",121
"DOLPHD-8024","F",14,"Overseas","SinglePass",10,11,1,1,1,2,1,0,0,0,1,NA,3,4,0,"N","N",121
"DOLPHD-8025","F",16,"Local","SinglePass",10,11,1,0,1,1,0,0,1,0,1,NA,4,4,0,"N","N",121
"DOLPHD-803","F",6,"Local","MultiPass",10,6,1,0,1,1,0,1,1,0,2,NA,2,1,1,"N","N",116
"DOLPHD-8030","F",17,"Overseas","MultiPass",10,11,0,0,0,1,1,0,0,0,1,NA,2,4,0,"N","Y",121
"DOLPHD-8032","F",17,"Overseas","SinglePass",10,11,1,0,0,2,0,0,0,0,1,NA,4,4,0,"Y","Y",71
"DOLPHD-8033","F",19,"Overseas","MultiPass",10,11,1,1,0,1,0,1,0,0,1,NA,4,3,0,"N","Y",121
"DOLPHD-8034","F",13,"Local","MultiPass",10,11,1,1,1,2,0,1,0,0,1,NA,3,4,0,"N","Y",121
"DOLPHD-8036","F",13,"Local","SinglePass",10,11,0,0,0,1,0,0,1,0,1,NA,4,3,0,"N","N",71
"DOLPHD-8037","F",18,"Local","MultiPass",10,11,1,0,0,1,0,1,0,0,1,NA,3,3,0,"Y","Y",121
"DOLPHD-804","F",13,"Local","MultiPass",29,10,1,0,0,0,0,0,0,0,3,NA,4,2,1,"N","N",139
"DOLPHD-8041","F",13,"Overseas","MultiPass",10,11,0,0,1,2,1,0,0,0,1,NA,3,4,0,"N","Y",121
"DOLPHD-8044","F",19,"Local","MultiPass",10,11,0,0,0,1,0,1,1,0,1,NA,3,4,0,"N","N",121
"DOLPHD-8045","F",16,"Local","SinglePass",10,11,1,0,1,2,0,0,1,0,1,NA,2,4,0,"N","N",121
"DOLPHD-8048","F",19,"Overseas","MultiPass",10,11,1,0,1,1,0,1,0,0,1,NA,2,3,0,"N","N",121
"DOLPHD-805","F",14,"Overseas","MultiPass",23,7,1,0,0,0,0,1,0,0,3,NA,2,1,1,"Y","Y",130
"DOLPHD-8051","F",19,"Overseas","MultiPass",10,11,1,1,1,1,0,0,0,0,1,NA,4,4,0,"N","N",121
"DOLPHD-8052","F",14,"Local","SinglePass",10,11,0,1,1,2,1,0,0,0,1,NA,2,4,0,"N","N",121
"DOLPHD-8053","F",16,"Local","SinglePass",10,11,0,1,1,1,1,1,1,0,1,NA,4,3,0,"N","N",146
"DOLPHD-8056","F",17,"Local","SinglePass",10,11,1,0,0,1,0,1,0,0,1,NA,2,3,0,"N","N",71
"DOLPHD-8058","F",17,"Overseas","MultiPass",10,11,1,0,0,1,1,1,0,0,1,NA,2,3,0,"N","N",121
"DOLPHD-806","F",10,"Local","MultiPass",10,15,1,0,0,0,0,0,0,0,2,NA,4,2,1,"N","Y",125
"DOLPHD-8060","F",19,"Overseas","SinglePass",10,11,1,1,1,1,1,0,0,0,1,NA,3,3,0,"N","N",121
"DOLPHD-8065","F",17,"Local","MultiPass",10,11,0,0,0,2,0,0,0,0,1,NA,4,4,0,"Y","Y",121
"DOLPHD-8066","F",17,"Overseas","SinglePass",10,11,1,0,1,2,0,1,1,0,1,NA,3,4,0,"Y","Y",146
"DOLPHD-8069","F",13,"Overseas","MultiPass",10,11,1,0,1,2,0,0,1,0,1,NA,2,3,0,"Y","Y",121
"DOLPHD-807","F",8,"Local","MultiPass",10,9,1,0,1,1,0,1,1,0,2,NA,3,1,1,"N","N",119
"DOLPHD-8071","F",13,"Local","SinglePass",10,11,1,0,0,1,0,0,1,0,1,NA,3,4,0,"N","N",71
"DOLPHD-8073","F",16,"Local","SinglePass",10,11,0,0,0,1,1,0,0,0,1,NA,4,3,0,"N","N",71
"DOLPHD-8074","F",15,"Local","SinglePass",10,11,1,0,1,1,1,1,1,0,1,NA,2,3,0,"N","N",171
"DOLPHD-8077","F",17,"Overseas","SinglePass",10,11,1,1,1,1,0,1,0,0,1,NA,4,3,0,"N","N",121
"DOLPHD-8079","F",16,"Local","MultiPass",10,11,1,0,1,2,0,0,1,0,1,NA,4,3,0,"N","N",121
"DOLPHD-808","F",7,"Overseas","SinglePass",10,13,1,0,1,1,0,1,1,0,3,NA,4,2,1,"N","N",148
"DOLPHD-8084","F",19,"Overseas","SinglePass",10,11,0,0,1,2,0,1,0,0,1,NA,3,3,0,"N","Y",71
"DOLPHD-8086","F",14,"Overseas","MultiPass",10,11,0,1,1,1,0,1,0,0,1,NA,2,3,0,"N","N",121
"DOLPHD-8089","F",18,"Local","MultiPass",10,11,0,0,0,2,1,0,1,0,1,NA,3,3,0,"N","N",121
"DOLPHD-809","F",8,"Local","MultiPass",10,7,1,0,1,1,0,1,1,0,3,NA,4,2,1,"N","N",117
"DOLPHD-8091","F",15,"Local","SinglePass",10,11,1,0,1,1,1,0,0,0,1,NA,4,3,0,"N","Y",121
"DOLPHD-8092","F",17,"Local","SinglePass",10,11,0,1,0,1,1,1,0,0,1,NA,2,3,0,"N","N",121
"DOLPHD-8093","F",16,"Overseas","MultiPass",10,11,0,1,0,1,0,1,0,0,1,NA,2,3,0,"N","N",121
"DOLPHD-8095","F",14,"Overseas","SinglePass",10,11,1,1,1,1,0,1,0,0,1,NA,2,4,0,"N","Y",121
"DOLPHD-8096","F",16,"Overseas","MultiPass",10,11,1,0,1,2,0,1,0,0,1,NA,3,4,0,"Y","Y",121
"DOLPHD-810","F",13,"Local","SinglePass",30,10,1,0,0,1,1,0,0,0,3,NA,3,1,1,"N","N",115
"DOLPHD-8104","F",15,"Overseas","MultiPass",10,11,1,0,1,2,0,0,0,0,1,NA,3,3,0,"N","Y",121
"DOLPHD-8106","F",13,"Local","SinglePass",10,11,0,0,0,2,0,0,0,0,1,NA,3,4,0,"N","N",46
"DOLPHD-8107","F",19,"Local","MultiPass",10,11,0,0,0,1,0,1,1,0,1,NA,4,3,0,"Y","Y",121
"DOLPHD-811","F",7,"Overseas","MultiPass",10,7,1,0,1,0,1,0,1,0,2,NA,4,1,1,"N","N",117
"DOLPHD-8110","F",13,"Local","MultiPass",10,11,1,0,1,1,0,0,0,0,1,NA,3,4,0,"Y","Y",121
"DOLPHD-8112","F",14,"Overseas","SinglePass",10,11,1,0,0,1,0,1,0,0,1,NA,3,4,0,"N","N",71
"DOLPHD-8114","F",13,"Overseas","MultiPass",10,11,1,0,1,1,0,1,0,0,1,NA,2,4,0,"N","Y",121
"DOLPHD-8117","F",19,"Local","MultiPass",10,11,0,0,1,2,0,1,0,0,1,NA,3,3,0,"N","N",121
"DOLPHD-8119","F",16,"Local","SinglePass",10,11,0,0,0,2,0,1,0,0,1,NA,3,4,0,"N","N",71
"DOLPHD-812","M",12,"Local","SinglePass",15,11,1,0,0,1,0,0,0,0,2,NA,4,2,1,"N","Y",76
"DOLPHD-8123","F",13,"Overseas","SinglePass",10,11,1,1,1,1,0,1,0,0,1,NA,2,4,0,"N","N",121
"DOLPHD-8124","F",16,"Local","MultiPass",10,11,0,1,1,1,0,1,1,0,1,NA,2,4,0,"N","N",121
"DOLPHD-8126","F",15,"Local","SinglePass",10,11,1,0,0,1,0,1,1,0,1,NA,4,4,0,"N","N",121
"DOLPHD-8129","F",16,"Overseas","SinglePass",10,11,1,0,1,1,0,1,0,0,1,NA,2,4,0,"N","N",121
"DOLPHD-813","M",9,"Local","MultiPass",10,5,1,0,1,1,0,0,1,0,2,NA,3,2,1,"N","N",115
"DOLPHD-8131","F",17,"Overseas","MultiPass",10,11,1,1,1,1,0,0,0,0,1,NA,4,4,0,"Y","Y",121
"DOLPHD-8135","F",17,"Local","MultiPass",10,11,1,0,0,2,0,1,0,0,1,NA,3,4,0,"N","Y",121
"DOLPHD-8136","F",15,"Local","SinglePass",10,11,0,0,0,1,0,1,0,0,1,NA,3,4,0,"Y","Y",71
"DOLPHD-8137","F",17,"Local","SinglePass",10,11,1,0,0,2,0,1,0,0,1,NA,3,4,0,"N","N",71
"DOLPHD-814","F",10,"Overseas","SinglePass",10,11,1,0,0,1,0,0,0,0,3,NA,2,1,1,"N","N",71
"DOLPHD-8140","F",16,"Overseas","SinglePass",10,11,1,0,0,1,1,1,1,0,1,NA,4,3,0,"Y","Y",121
"DOLPHD-8142","F",16,"Local","MultiPass",10,11,1,0,1,2,1,0,1,0,1,NA,2,3,0,"N","N",121
"DOLPHD-8143","F",18,"Local","SinglePass",10,11,0,0,1,1,0,1,0,0,1,NA,4,3,0,"Y","Y",71
"DOLPHD-8144","F",16,"Local","SinglePass",10,11,0,0,0,1,1,1,1,0,1,NA,2,3,0,"N","N",96
"DOLPHD-8146","F",15,"Local","MultiPass",10,11,0,0,1,2,0,1,0,0,1,NA,3,4,0,"N","N",121
"DOLPHD-8147","F",19,"Overseas","SinglePass",10,11,1,0,0,1,0,1,0,0,1,NA,4,3,0,"N","N",71
"DOLPHD-8149","F",14,"Overseas","MultiPass",10,11,0,0,0,2,0,0,0,0,1,NA,3,3,0,"N","Y",121
"DOLPHD-815","M",13,"Local","MultiPass",21,5,1,0,0,0,1,1,0,0,3,NA,2,1,1,"N","N",126
"DOLPHD-8151","F",18,"Local","SinglePass",10,11,0,0,1,1,1,1,1,0,1,NA,2,4,0,"N","N",146
"DOLPHD-8153","F",19,"Local","MultiPass",10,11,0,0,1,2,1,0,0,0,1,NA,2,4,0,"N","N",121
"DOLPHD-8154","F",13,"Local","SinglePass",10,11,1,0,1,1,0,1,0,0,1,NA,4,4,0,"N","N",121
"DOLPHD-8155","F",15,"Local","SinglePass",10,11,1,0,0,1,0,0,0,0,1,NA,2,3,0,"N","N",71
"DOLPHD-8157","F",13,"Overseas","SinglePass",10,11,1,1,0,2,0,1,0,0,1,NA,4,4,0,"N","N",121
"DOLPHD-8158","F",13,"Overseas","SinglePass",10,11,0,0,0,1,1,1,0,0,1,NA,4,3,0,"N","Y",71
"DOLPHD-8159","F",15,"Overseas","MultiPass",10,11,0,1,0,2,1,0,0,0,1,NA,2,4,0,"Y","Y",121
"DOLPHD-816","M",11,"Local","SinglePass",10,5,1,0,0,0,1,0,0,0,2,NA,4,2,1,"N","Y",65
"DOLPHD-8161","F",14,"Local","SinglePass",10,11,1,0,0,2,0,0,0,0,1,NA,4,4,0,"Y","Y",46
"DOLPHD-8164","F",16,"Local","SinglePass",10,11,0,0,0,1,0,0,0,0,1,NA,2,3,0,"N","N",21
"DOLPHD-8166","F",17,"Overseas","MultiPass",10,11,0,0,0,2,0,0,0,0,1,NA,2,3,0,"N","Y",121
"DOLPHD-817","F",7,"Overseas","MultiPass",10,7,1,0,1,1,0,1,1,0,2,NA,2,1,1,"N","N",117
"DOLPHD-8171","F",16,"Local","SinglePass",10,11,1,0,0,1,0,0,0,0,1,NA,4,3,0,"N","N",71
"DOLPHD-8173","F",16,"Local","MultiPass",10,11,0,0,1,1,0,1,0,0,1,NA,2,4,0,"N","N",121
"DOLPHD-8174","F",13,"Overseas","MultiPass",10,11,0,0,1,1,0,0,0,0,1,NA,3,4,0,"N","N",121
"DOLPHD-8177","F",19,"Overseas","MultiPass",10,11,1,0,0,2,0,0,0,0,1,NA,4,3,0,"Y","Y",121
"DOLPHD-8179","F",19,"Local","SinglePass",10,11,0,0,1,2,0,0,0,0,1,NA,3,4,0,"N","N",46
"DOLPHD-818","M",13,"Local","SinglePass",28,6,1,0,0,1,1,0,0,0,2,NA,4,2,1,"N","N",109
"DOLPHD-8180","F",13,"Local","MultiPass",10,11,1,0,0,2,0,0,1,0,1,NA,4,4,0,"N","N",121
"DOLPHD-8182","F",15,"Local","SinglePass",10,11,1,0,1,1,0,0,0,0,1,NA,4,3,0,"N","N",96
"DOLPHD-8184","F",14,"Overseas","MultiPass",10,11,0,0,0,2,0,0,1,0,1,NA,3,4,0,"Y","Y",121
"DOLPHD-8186","F",18,"Overseas","SinglePass",10,11,1,0,1,1,0,1,0,0,1,NA,4,4,0,"N","N",121
"DOLPHD-8188","F",19,"Local","MultiPass",10,11,0,1,0,1,0,0,0,0,1,NA,4,4,0,"N","N",121
"DOLPHD-819","M",6,"Local","MultiPass",10,10,1,0,1,0,0,0,1,0,3,NA,3,1,1,"Y","Y",120
"DOLPHD-8197","F",19,"Local","SinglePass",10,11,0,0,0,1,0,1,0,0,1,NA,4,4,0,"N","Y",71
"DOLPHD-8199","F",13,"Local","SinglePass",10,11,0,0,1,2,1,1,1,0,1,NA,2,4,0,"N","Y",121
"DOLPHD-820","F",8,"Overseas","SinglePass",10,9,1,0,1,0,0,1,1,0,3,NA,2,2,1,"N","N",119
"DOLPHD-8205","F",13,"Local","MultiPass",10,11,1,0,0,2,1,1,0,0,1,NA,4,4,0,"N","Y",121
"DOLPHD-8209","F",19,"Local","MultiPass",10,11,1,1,1,2,0,1,0,0,1,NA,3,3,0,"N","N",121
"DOLPHD-821","M",8,"Local","MultiPass",10,8,1,0,1,1,0,1,1,0,2,NA,2,2,1,"N","N",118
"DOLPHD-8210","F",13,"Overseas","SinglePass",10,11,1,0,1,1,1,1,0,0,1,NA,4,4,0,"Y","Y",146
"DOLPHD-8212","F",14,"Overseas","MultiPass",10,11,0,0,0,2,0,0,0,0,1,NA,2,3,0,"N","N",121
"DOLPHD-8216","F",16,"Local","MultiPass",10,11,1,0,0,1,0,1,0,0,1,NA,2,4,0,"N","N",121
"DOLPHD-8217","F",15,"Local","SinglePass",10,11,1,0,0,1,0,0,1,0,1,NA,4,4,0,"N","N",71
"DOLPHD-8219","F",14,"Overseas","MultiPass",10,11,0,0,1,2,0,1,1,0,1,NA,4,3,0,"N","N",121
"DOLPHD-822","M",8,"Local","SinglePass",10,12,1,0,1,1,0,1,1,0,2,NA,3,2,1,"N","N",147
"DOLPHD-8220","F",16,"Overseas","SinglePass",10,11,1,0,0,1,0,1,0,0,1,NA,3,4,0,"N","N",71
"DOLPHD-8221","F",14,"Overseas","SinglePass",10,11,1,0,0,2,0,0,0,0,1,NA,4,3,0,"N","N",46
"DOLPHD-8223","F",19,"Local","MultiPass",10,11,0,0,1,2,0,1,0,0,1,NA,4,4,0,"N","N",121
"DOLPHD-8226","F",13,"Local","MultiPass",10,11,1,0,1,1,0,1,0,0,1,NA,3,3,0,"Y","Y",121
"DOLPHD-8227","F",15,"Local","SinglePass",10,11,1,1,0,2,0,1,1,0,1,NA,4,4,0,"N","N",146
"DOLPHD-8228","F",13,"Overseas","SinglePass",10,11,0,0,1,1,0,0,1,0,1,NA,2,3,0,"N","N",96
"DOLPHD-823","F",6,"Overseas","MultiPass",10,10,1,0,1,0,1,0,1,0,2,NA,4,1,1,"N","Y",120
"DOLPHD-8232","F",17,"Local","SinglePass",10,11,1,1,0,1,0,1,0,0,1,NA,4,4,0,"Y","Y",96
"DOLPHD-8233","F",15,"Local","MultiPass",10,11,0,0,0,1,0,1,0,0,1,NA,2,4,0,"N","N",121
"DOLPHD-8234","F",18,"Local","SinglePass",10,11,0,0,1,2,1,1,0,0,1,NA,2,3,0,"N","N",96
"DOLPHD-8238","F",13,"Overseas","SinglePass",10,11,1,0,0,1,0,0,0,0,1,NA,4,4,0,"N","N",46
"DOLPHD-8239","F",16,"Overseas","SinglePass",10,11,0,0,0,1,1,0,0,0,1,NA,2,3,0,"N","N",46
"DOLPHD-824","M",13,"Local","SinglePass",34,11,1,0,0,1,0,0,0,0,3,NA,3,2,1,"N","N",95
"DOLPHD-8240","F",13,"Local","MultiPass",10,11,1,0,0,2,0,0,0,0,1,NA,4,3,0,"Y","Y",121
"DOLPHD-8243","F",18,"Local","MultiPass",10,11,1,0,1,1,1,1,1,0,1,NA,2,4,0,"Y","N",121
"DOLPHD-8244","F",18,"Local","MultiPass",10,11,0,0,1,2,0,0,0,0,1,NA,4,4,0,"N","N",121
"DOLPHD-8249","F",16,"Local","SinglePass",10,11,0,1,0,1,0,0,0,0,1,NA,2,4,0,"N","N",46
"DOLPHD-825","M",13,"Local","MultiPass",23,6,1,0,0,1,1,0,0,0,2,NA,3,1,1,"N","N",129
"DOLPHD-8250","F",16,"Local","MultiPass",10,11,1,0,0,1,0,1,1,0,1,NA,3,3,0,"N","N",121
"DOLPHD-8252","F",19,"Local","SinglePass",10,11,1,0,1,2,0,1,0,0,1,NA,3,4,0,"N","N",96
"DOLPHD-8255","F",13,"Overseas","SinglePass",10,11,1,0,0,2,0,0,0,0,1,NA,2,4,0,"N","Y",71
"DOLPHD-8256","F",15,"Overseas","SinglePass",10,11,0,0,0,1,1,1,0,0,1,NA,4,4,0,"N","N",96
"DOLPHD-826","F",14,"Overseas","SinglePass",25,6,1,0,0,1,1,0,0,0,3,NA,4,2,1,"N","N",106
"DOLPHD-8261","F",17,"Local","MultiPass",10,11,1,0,1,1,0,1,0,0,1,NA,2,4,0,"N","N",121
"DOLPHD-8262","F",13,"Local","SinglePass",10,11,1,1,0,2,0,0,0,0,1,NA,4,4,0,"N","N",96
"DOLPHD-8266","F",18,"Overseas","SinglePass",10,11,0,1,1,2,0,0,0,0,1,NA,3,3,0,"Y","Y",96
"DOLPHD-827","M",6,"Local","MultiPass",10,15,1,0,1,0,0,0,1,0,2,NA,4,1,1,"N","N",125
"DOLPHD-8270","F",16,"Local","SinglePass",10,11,0,1,0,1,1,0,1,0,1,NA,2,3,0,"Y","Y",121
"DOLPHD-8271","F",13,"Local","MultiPass",10,11,0,0,1,2,0,1,0,0,1,NA,4,4,0,"N","N",121
"DOLPHD-8274","F",17,"Overseas","SinglePass",10,11,1,0,0,1,0,0,0,0,1,NA,3,4,0,"N","N",71
"DOLPHD-8277","F",13,"Local","SinglePass",10,11,1,0,0,1,0,0,0,0,1,NA,3,3,0,"N","N",71
"DOLPHD-8279","F",18,"Overseas","MultiPass",10,11,0,0,0,2,0,1,0,0,1,NA,4,3,0,"N","N",121
"DOLPHD-828","M",12,"Local","SinglePass",21,5,1,0,0,0,0,0,0,0,3,NA,4,2,1,"N","N",51
"DOLPHD-8280","F",15,"Overseas","SinglePass",10,11,1,1,1,2,0,0,0,0,1,NA,3,3,0,"Y","Y",96
"DOLPHD-8282","F",14,"Local","MultiPass",10,11,1,0,1,1,0,0,1,0,1,NA,2,3,0,"Y","N",121
"DOLPHD-8283","F",13,"Local","SinglePass",10,11,1,0,0,1,0,0,1,0,1,NA,3,4,0,"N","N",96
"DOLPHD-8284","F",16,"Local","SinglePass",10,11,1,0,0,1,0,1,1,0,1,NA,3,4,0,"Y","Y",96
"DOLPHD-8285","F",15,"Local","MultiPass",10,11,0,0,0,1,0,1,0,0,1,NA,2,3,0,"N","N",121
"DOLPHD-8286","F",17,"Overseas","MultiPass",10,11,0,0,0,2,1,0,0,0,1,NA,2,3,0,"Y","Y",121
"DOLPHD-8289","F",14,"Local","MultiPass",10,11,1,0,0,1,0,1,0,0,1,NA,4,4,0,"N","Y",121
"DOLPHD-829","F",8,"Overseas","MultiPass",10,8,1,0,1,1,1,0,1,0,3,NA,3,2,1,"N","Y",118
"DOLPHD-8291","F",15,"Local","SinglePass",10,11,1,0,1,1,0,0,0,0,1,NA,4,4,0,"Y","Y",71
"DOLPHD-8292","F",15,"Local","MultiPass",10,11,0,0,1,2,0,0,0,0,1,NA,2,3,0,"N","N",121
"DOLPHD-8295","F",15,"Overseas","SinglePass",10,11,0,0,0,1,0,1,0,0,1,NA,2,4,0,"N","Y",46
"DOLPHD-8298","F",14,"Local","SinglePass",10,11,0,0,0,2,0,1,1,0,1,NA,4,4,0,"N","N",96
"DOLPHD-830","M",10,"Local","SinglePass",10,7,1,0,0,1,1,0,0,0,1,NA,3,3,1,"N","N",92
"DOLPHD-8307","F",13,"Overseas","MultiPass",10,11,1,1,1,1,0,0,1,0,1,NA,4,4,0,"N","Y",121
"DOLPHD-831","M",13,"Local","MultiPass",22,12,0,0,0,1,1,0,0,0,1,NA,2,4,1,"N","N",134
"DOLPHD-8312","F",14,"Local","SinglePass",10,11,0,1,0,1,1,0,1,0,1,NA,4,3,0,"N","N",96
"DOLPHD-8313","F",18,"Local","MultiPass",10,11,1,1,1,2,0,1,1,0,1,NA,3,4,0,"N","N",121
"DOLPHD-8316","F",14,"Overseas","SinglePass",10,11,1,0,0,2,0,1,0,0,1,NA,2,4,0,"N","N",96
"DOLPHD-8318","F",13,"Local","SinglePass",10,11,0,0,0,1,0,1,0,0,1,NA,4,4,0,"N","N",71
"DOLPHD-8319","F",19,"Local","SinglePass",10,11,1,0,1,2,1,1,1,0,1,NA,2,3,0,"N","N",171
"DOLPHD-832","F",12,"Overseas","SinglePass",28,12,0,0,0,1,0,0,0,0,1,NA,4,3,1,"N","N",65
"DOLPHD-8321","F",15,"Overseas","MultiPass",10,11,0,0,0,2,1,1,1,0,1,NA,4,3,0,"N","N",121
"DOLPHD-8325","F",18,"Local","SinglePass",10,11,1,0,0,2,1,1,1,0,1,NA,3,3,0,"N","N",121
"DOLPHD-833","M",14,"Local","MultiPass",28,7,0,0,0,1,0,1,0,0,1,NA,4,4,1,"N","N",135
"DOLPHD-8330","F",16,"Overseas","SinglePass",10,11,1,0,0,1,0,0,0,0,1,NA,4,4,0,"N","N",71
"DOLPHD-8331","F",14,"Local","MultiPass",10,11,1,0,0,2,0,1,0,0,1,NA,2,3,0,"N","Y",121
"DOLPHD-8332","F",17,"Local","SinglePass",10,11,1,0,0,2,0,1,1,0,1,NA,4,3,0,"N","N",121
"DOLPHD-8338","F",16,"Local","MultiPass",10,11,0,0,0,1,1,0,0,0,1,NA,3,3,0,"N","N",121
"DOLPHD-8339","F",16,"Local","SinglePass",10,11,0,1,0,2,0,0,0,0,1,NA,2,3,0,"N","N",71
"DOLPHD-834","M",9,"Local","SinglePass",10,7,0,0,1,0,1,0,1,0,1,NA,3,4,1,"N","N",92
"DOLPHD-8341","F",14,"Local","MultiPass",10,11,1,0,0,2,0,1,0,0,1,NA,4,4,0,"N","N",121
"DOLPHD-8342","F",13,"Overseas","MultiPass",10,11,1,1,0,1,1,0,0,0,1,NA,3,4,0,"N","N",121
"DOLPHD-8346","F",15,"Local","SinglePass",10,11,0,0,0,2,0,1,0,0,1,NA,2,4,0,"Y","Y",71
"DOLPHD-835","F",11,"Overseas","MultiPass",10,6,0,0,0,0,1,1,0,0,1,NA,4,3,1,"N","N",116
"DOLPHD-8353","F",18,"Local","SinglePass",10,11,1,0,1,2,0,1,0,0,1,NA,2,3,0,"N","N",96
"DOLPHD-8354","F",15,"Local","SinglePass",10,11,0,0,0,1,0,1,1,0,1,NA,2,3,0,"N","N",96
"DOLPHD-8355","F",14,"Local","MultiPass",10,11,1,1,0,2,1,1,0,0,1,NA,2,4,0,"N","N",121
"DOLPHD-8357","F",18,"Overseas","SinglePass",10,11,1,0,1,2,0,1,1,0,1,NA,4,3,0,"N","Y",121
"DOLPHD-836","M",9,"Local","SinglePass",10,5,0,0,1,1,1,0,1,0,1,NA,2,3,1,"Y","Y",115
"DOLPHD-8360","F",14,"Local","SinglePass",10,11,0,0,1,2,1,0,0,0,1,NA,4,4,0,"Y","Y",96
"DOLPHD-8361","F",18,"Local","SinglePass",10,11,1,1,0,2,1,0,0,0,1,NA,4,4,0,"N","N",96
"DOLPHD-8362","F",17,"Local","MultiPass",10,11,1,0,0,1,0,0,1,0,1,NA,2,3,0,"N","N",121
"DOLPHD-8365","F",15,"Overseas","SinglePass",10,11,0,0,0,2,0,0,0,0,1,NA,2,4,0,"N","N",46
"DOLPHD-8369","F",13,"Local","MultiPass",10,11,1,0,1,2,1,1,1,0,1,NA,3,4,0,"N","N",121
"DOLPHD-837","M",14,"Local","MultiPass",21,5,0,0,0,1,1,0,0,0,1,NA,4,4,1,"Y","N",126
"DOLPHD-8370","F",14,"Overseas","MultiPass",10,11,1,0,1,2,0,1,1,0,1,NA,2,4,0,"N","N",121
"DOLPHD-8372","F",14,"Overseas","SinglePass",10,11,1,0,1,2,0,1,0,0,1,NA,2,3,0,"N","N",96
"DOLPHD-8375","F",13,"Local","SinglePass",10,11,1,0,0,1,1,1,0,0,1,NA,2,3,0,"N","N",96
"DOLPHD-8376","F",17,"Local","MultiPass",10,11,1,0,0,2,0,0,0,0,1,NA,2,3,0,"N","N",121
"DOLPHD-8377","F",19,"Overseas","MultiPass",10,11,1,0,0,2,1,0,0,0,1,NA,2,3,0,"N","N",121
"DOLPHD-838","F",6,"Overseas","SinglePass",10,8,0,0,1,1,0,0,1,0,2,NA,3,2,1,"N","N",93
"DOLPHD-8380","F",18,"Local","MultiPass",10,11,0,0,0,1,0,1,0,0,1,NA,4,3,0,"Y","Y",121
"DOLPHD-8382","F",14,"Local","SinglePass",10,11,1,0,0,2,1,1,0,0,1,NA,4,3,0,"N","N",96
"DOLPHD-8383","F",15,"Local","MultiPass",10,11,1,0,0,2,0,1,1,0,1,NA,4,4,0,"N","N",121
"DOLPHD-8385","F",17,"Overseas","SinglePass",10,11,1,0,0,1,0,0,0,0,1,NA,4,4,0,"N","Y",46
"DOLPHD-8386","F",14,"Overseas","SinglePass",10,11,0,0,1,1,0,0,0,0,1,NA,3,4,0,"N","N",71
"DOLPHD-8388","F",19,"Local","SinglePass",10,11,1,1,1,1,0,1,0,0,1,NA,4,3,0,"N","N",146
"DOLPHD-8389","F",14,"Local","SinglePass",10,11,0,0,0,2,1,1,1,0,1,NA,4,3,0,"N","Y",96
"DOLPHD-839","M",13,"Local","MultiPass",27,8,1,0,0,1,0,1,0,0,3,NA,2,2,1,"N","N",135
"DOLPHD-8390","F",13,"Local","MultiPass",10,11,0,1,1,2,1,0,0,0,1,NA,4,4,0,"N","Y",121
"DOLPHD-8391","F",19,"Overseas","MultiPass",10,11,0,1,0,2,0,0,1,0,1,NA,3,4,0,"N","N",121
"DOLPHD-8395","F",13,"Local","SinglePass",10,11,1,0,1,2,0,1,1,0,1,NA,3,4,0,"N","N",121
"DOLPHD-8396","F",14,"Local","SinglePass",10,11,1,0,1,1,0,1,0,0,1,NA,4,4,0,"N","Y",121
"DOLPHD-8397","F",18,"Local","MultiPass",10,11,0,0,0,2,0,1,0,0,1,NA,2,4,0,"Y","Y",121
"DOLPHD-8398","F",13,"Overseas","MultiPass",10,11,1,0,1,2,0,0,0,0,1,NA,4,4,0,"N","N",121
"DOLPHD-8399","F",15,"Overseas","SinglePass",10,11,1,1,1,2,1,1,0,0,1,NA,2,4,0,"N","Y",146
"DOLPHD-840","M",7,"Local","SinglePass",10,10,1,0,1,0,1,0,1,0,2,NA,4,2,1,"N","N",120
"DOLPHD-8402","F",15,"Local","SinglePass",10,11,1,0,0,2,0,0,1,0,1,NA,3,4,0,"N","N",71
"DOLPHD-8403","F",15,"Local","SinglePass",10,11,1,0,0,1,1,1,0,0,1,NA,4,3,0,"N","Y",121
"DOLPHD-8405","F",13,"Overseas","MultiPass",10,11,1,0,0,2,0,1,1,0,1,NA,3,3,0,"N","Y",121
"DOLPHD-8407","F",13,"Overseas","SinglePass",10,11,1,0,0,2,0,1,0,0,1,NA,4,4,0,"N","N",71
"DOLPHD-8408","F",14,"Local","MultiPass",10,11,1,0,0,1,1,1,0,0,1,NA,4,3,0,"N","N",121
"DOLPHD-841","F",6,"Overseas","MultiPass",10,14,1,0,1,1,1,0,1,0,2,NA,2,1,1,"N","Y",124
"DOLPHD-8411","F",14,"Local","MultiPass",10,11,0,0,0,2,1,1,0,0,1,NA,2,3,0,"N","N",121
"DOLPHD-8413","F",18,"Overseas","SinglePass",10,11,0,1,0,1,0,0,1,0,1,NA,3,4,0,"N","N",96
"DOLPHD-8414","F",14,"Overseas","SinglePass",10,11,0,0,0,1,0,0,0,0,1,NA,2,3,0,"N","N",21
"DOLPHD-8416","F",15,"Local","SinglePass",10,11,1,1,0,1,1,0,0,0,1,NA,2,4,0,"N","Y",96
"DOLPHD-8418","F",19,"Local","MultiPass",10,11,0,0,0,2,0,0,0,0,1,NA,2,3,0,"N","N",121
"DOLPHD-842","M",10,"Local","SinglePass",10,13,1,0,0,0,0,1,0,0,3,NA,4,2,1,"N","N",73
"DOLPHD-8420","F",19,"Overseas","SinglePass",10,11,0,0,0,2,0,0,0,0,1,NA,3,3,0,"N","N",46
"DOLPHD-8424","F",19,"Local","SinglePass",10,11,0,0,1,1,1,1,0,0,1,NA,2,3,0,"N","Y",96
"DOLPHD-8425","F",19,"Local","MultiPass",10,11,1,0,0,2,0,0,1,0,1,NA,2,3,0,"N","N",121
"DOLPHD-8427","F",19,"Overseas","SinglePass",10,11,0,0,0,2,0,1,1,0,1,NA,4,3,0,"N","N",96
"DOLPHD-843","M",14,"Local","MultiPass",34,6,1,0,0,0,0,0,0,0,3,NA,4,2,1,"N","Y",140
"DOLPHD-8430","F",15,"Local","SinglePass",10,11,1,0,1,2,0,1,1,0,1,NA,4,3,0,"N","N",121
"DOLPHD-8435","F",16,"Overseas","SinglePass",10,11,1,0,1,2,0,1,0,0,1,NA,2,3,0,"N","Y",96
"DOLPHD-8438","F",13,"Local","SinglePass",10,11,0,0,0,2,0,1,0,0,1,NA,4,4,0,"N","Y",46
"DOLPHD-844","F",13,"Overseas","SinglePass",28,15,1,0,0,1,1,1,0,0,3,NA,4,1,1,"N","Y",143
"DOLPHD-8440","F",16,"Overseas","MultiPass",10,11,1,0,0,2,0,1,0,0,1,NA,3,3,0,"N","N",121
"DOLPHD-8443","F",14,"Local","MultiPass",10,11,0,0,0,2,1,1,1,0,1,NA,2,3,0,"N","Y",121
"DOLPHD-8448","F",15,"Overseas","SinglePass",10,11,1,0,0,2,0,0,0,0,1,NA,3,3,0,"N","N",46
"DOLPHD-845","M",14,"Local","MultiPass",15,7,1,0,0,0,0,0,0,0,2,NA,4,2,1,"Y","N",122
"DOLPHD-8455","F",17,"Overseas","SinglePass",10,11,0,0,0,1,1,1,0,0,1,NA,2,4,0,"N","Y",96
"DOLPHD-8456","F",13,"Overseas","SinglePass",10,11,0,1,0,2,0,0,0,0,1,NA,2,4,0,"N","Y",71
"DOLPHD-846","M",12,"Local","SinglePass",16,10,1,0,0,1,0,0,0,0,3,NA,4,1,1,"N","N",76
"DOLPHD-8460","F",17,"Local","MultiPass",10,11,1,0,0,2,0,1,1,0,1,NA,2,3,0,"N","Y",121
"DOLPHD-8463","F",13,"Overseas","SinglePass",10,11,1,0,0,1,1,0,1,0,1,NA,3,4,0,"N","Y",96
"DOLPHD-8464","F",14,"Local","MultiPass",10,11,0,0,0,2,0,0,0,0,1,NA,4,3,0,"Y","Y",121
"DOLPHD-8465","F",16,"Local","SinglePass",10,11,1,0,0,2,0,0,0,0,1,NA,3,4,0,"N","N",71
"DOLPHD-8466","F",13,"Local","SinglePass",10,11,1,0,0,1,0,0,0,0,1,NA,2,4,0,"N","N",71
"DOLPHD-8469","F",16,"Overseas","SinglePass",10,11,1,1,1,2,1,1,1,0,1,NA,2,3,0,"N","N",196
"DOLPHD-847","F",11,"Overseas","MultiPass",10,9,1,0,0,0,1,1,0,0,3,NA,4,1,1,"N","N",119
"DOLPHD-8470","F",14,"Overseas","SinglePass",10,11,1,0,0,1,0,0,0,0,1,NA,4,3,0,"N","N",71
"DOLPHD-8473","F",13,"Local","SinglePass",10,11,1,0,1,1,1,0,0,0,1,NA,3,4,0,"N","N",121
"DOLPHD-8479","F",14,"Local","SinglePass",10,11,0,0,0,1,0,1,0,0,1,NA,4,4,0,"N","N",46
"DOLPHD-848","M",8,"Local","SinglePass",10,10,1,0,1,1,0,0,1,0,3,NA,4,2,1,"N","N",120
"DOLPHD-8480","F",14,"Local","SinglePass",10,11,1,0,1,2,0,1,0,0,1,NA,3,4,0,"Y","Y",121
"DOLPHD-8482","F",16,"Overseas","MultiPass",10,11,0,0,0,2,0,1,1,0,1,NA,2,4,0,"N","N",121
"DOLPHD-8485","F",17,"Local","MultiPass",10,11,1,0,1,2,0,0,1,0,1,NA,3,3,0,"N","N",121
"DOLPHD-8487","F",16,"Local","SinglePass",10,11,0,0,0,2,1,0,1,0,1,NA,2,3,0,"Y","Y",71
"DOLPHD-849","M",9,"Local","MultiPass",10,6,1,0,1,0,1,0,1,0,2,NA,2,1,1,"N","N",116
"DOLPHD-8490","F",13,"Overseas","SinglePass",10,11,0,1,0,2,0,1,1,0,1,NA,3,3,0,"N","N",121
"DOLPHD-8491","F",13,"Overseas","SinglePass",10,11,0,0,1,1,0,0,1,0,1,NA,4,3,0,"N","N",96
"DOLPHD-8492","F",13,"Local","MultiPass",10,11,1,0,0,1,0,1,0,0,1,NA,2,3,0,"N","N",121
"DOLPHD-8493","F",15,"Local","SinglePass",10,11,0,0,0,2,1,0,1,0,1,NA,2,4,0,"N","N",96
"DOLPHD-8496","F",15,"Overseas","MultiPass",10,11,1,0,0,1,0,1,0,0,1,NA,4,3,0,"Y","Y",121
"DOLPHD-8497","F",19,"Overseas","SinglePass",10,11,1,0,1,2,0,1,1,0,1,NA,3,4,0,"N","N",146
"DOLPHD-8498","F",18,"Overseas","SinglePass",10,11,1,0,0,2,0,0,0,0,1,NA,2,4,0,"Y","Y",71
"DOLPHD-8499","F",13,"Local","MultiPass",10,11,0,0,1,2,1,1,0,0,1,NA,4,3,0,"N","N",121
"DOLPHD-850","F",10,"Overseas","SinglePass",10,7,1,0,0,1,1,1,0,0,3,NA,2,1,1,"N","N",117
"DOLPHD-8501","F",17,"Local","SinglePass",10,11,1,0,1,1,0,1,0,0,1,NA,2,3,0,"N","N",96
"DOLPHD-8502","F",19,"Local","MultiPass",10,11,0,1,0,2,0,0,0,0,1,NA,2,3,0,"N","N",121
"DOLPHD-8506","F",13,"Local","MultiPass",10,11,0,0,1,1,1,1,0,0,1,NA,4,3,0,"N","N",121
"DOLPHD-8508","F",13,"Local","SinglePass",10,11,0,0,0,2,1,1,1,0,1,NA,2,3,0,"N","Y",121
"DOLPHD-8509","F",13,"Local","MultiPass",10,11,1,1,1,2,1,0,0,0,1,NA,4,4,0,"N","N",121
"DOLPHD-851","M",6,"Local","MultiPass",10,5,1,0,1,0,1,0,1,0,3,NA,3,1,1,"N","N",115
"DOLPHD-8510","F",15,"Overseas","MultiPass",10,11,0,0,0,2,0,1,1,0,1,NA,4,3,0,"N","N",121
"DOLPHD-8511","F",14,"Overseas","SinglePass",10,11,0,1,0,2,1,1,0,0,1,NA,4,4,0,"N","N",121
"DOLPHD-8512","F",15,"Overseas","SinglePass",10,11,1,0,0,1,0,1,0,0,1,NA,4,3,0,"N","N",96
"DOLPHD-8514","F",16,"Local","SinglePass",10,11,0,0,0,1,0,1,0,0,1,NA,4,3,0,"N","N",46
"DOLPHD-8515","F",14,"Local","SinglePass",10,11,1,0,0,1,1,1,0,0,1,NA,2,3,0,"N","Y",121
"DOLPHD-8516","F",17,"Local","MultiPass",10,11,1,0,0,2,0,1,1,0,1,NA,4,4,0,"Y","Y",121
"DOLPHD-8517","F",13,"Overseas","MultiPass",10,11,1,1,0,2,0,0,1,0,1,NA,4,3,0,"N","N",121
"DOLPHD-8519","F",15,"Overseas","SinglePass",10,11,0,0,0,2,0,1,0,0,1,NA,4,4,0,"N","Y",46
"DOLPHD-852","M",14,"Local","SinglePass",17,9,1,0,0,0,0,0,0,0,2,NA,3,1,1,"N","N",51
"DOLPHD-8521","F",15,"Local","SinglePass",10,11,1,0,1,1,0,0,0,0,1,NA,3,3,0,"N","N",71
"DOLPHD-8522","F",13,"Local","SinglePass",10,11,0,0,1,2,0,0,0,0,1,NA,2,3,0,"N","N",71
"DOLPHD-8525","F",18,"Overseas","SinglePass",10,11,1,0,1,1,0,0,1,0,1,NA,3,4,0,"N","N",121
"DOLPHD-8527","F",19,"Local","MultiPass",10,11,1,0,0,2,1,0,1,0,1,NA,2,4,0,"N","N",121
"DOLPHD-8528","F",19,"Local","SinglePass",10,11,0,0,0,2,1,1,1,0,1,NA,2,4,0,"N","N",96
"DOLPHD-8529","F",15,"Local","SinglePass",10,11,0,0,0,2,0,1,0,0,1,NA,2,4,0,"N","N",71
"DOLPHD-853","F",12,"Overseas","MultiPass",16,12,1,0,0,0,1,1,0,0,2,NA,2,2,1,"N","N",128
"DOLPHD-8530","F",14,"Local","MultiPass",10,11,1,0,0,1,0,1,0,0,1,NA,2,3,0,"N","N",121
"DOLPHD-8536","F",19,"Local","SinglePass",10,11,0,0,1,2,1,1,1,0,1,NA,2,3,0,"N","Y",121
"DOLPHD-8537","F",18,"Local","MultiPass",10,11,0,1,1,1,0,1,0,0,1,NA,3,3,0,"N","N",121
"DOLPHD-854","M",14,"Local","SinglePass",29,15,1,0,0,0,0,1,0,0,3,NA,4,1,1,"N","N",94
"DOLPHD-8543","F",16,"Local","SinglePass",10,11,0,0,0,2,0,0,0,0,1,NA,3,3,0,"Y","Y",46
"DOLPHD-8544","F",16,"Local","MultiPass",10,11,1,0,1,1,0,1,1,0,1,NA,3,4,0,"N","Y",121
"DOLPHD-8546","F",17,"Overseas","SinglePass",10,11,1,0,0,1,1,1,0,0,1,NA,4,4,0,"N","Y",121
"DOLPHD-8547","F",16,"Overseas","SinglePass",10,11,1,0,0,1,0,1,1,0,1,NA,3,4,0,"N","N",96
"DOLPHD-8548","F",14,"Local","MultiPass",10,11,0,0,1,2,0,1,0,0,1,NA,3,3,0,"N","N",121
"DOLPHD-855","M",12,"Local","MultiPass",28,12,1,0,0,0,1,0,0,0,3,NA,2,1,1,"N","N",140
"DOLPHD-8552","F",17,"Overseas","MultiPass",10,11,0,0,0,1,0,0,0,0,1,NA,2,4,0,"N","N",121
"DOLPHD-8553","F",14,"Overseas","SinglePass",10,11,0,0,1,2,0,1,0,0,1,NA,4,4,0,"N","N",71
"DOLPHD-8554","F",17,"Overseas","SinglePass",10,11,0,0,0,1,0,0,0,0,1,NA,4,3,0,"N","N",46
"DOLPHD-8559","F",19,"Overseas","MultiPass",10,11,0,0,0,1,1,0,0,0,1,NA,2,4,0,"N","Y",121
"DOLPHD-856","F",7,"Overseas","SinglePass",10,5,1,0,1,0,1,1,1,0,3,NA,2,2,1,"N","N",140
"DOLPHD-8560","F",14,"Overseas","SinglePass",10,11,0,0,1,2,0,0,0,0,1,NA,2,3,0,"N","N",71
"DOLPHD-8562","F",13,"Local","MultiPass",10,11,1,1,1,1,0,0,0,0,1,NA,4,4,0,"N","Y",121
"DOLPHD-8564","F",14,"Local","SinglePass",10,11,0,0,0,2,0,0,1,0,1,NA,2,4,0,"N","N",71
"DOLPHD-8568","F",17,"Overseas","SinglePass",10,11,1,0,0,2,0,0,0,0,1,NA,2,3,0,"N","Y",71
"DOLPHD-857","M",8,"Local","MultiPass",10,14,1,0,1,1,1,0,1,0,3,NA,2,1,1,"Y","Y",124
"DOLPHD-8571","F",19,"Local","SinglePass",10,11,1,0,0,2,0,0,1,0,1,NA,2,4,0,"N","N",96
"DOLPHD-8577","F",17,"Local","SinglePass",10,11,1,1,0,2,0,0,0,0,1,NA,2,4,0,"N","N",96
"DOLPHD-8579","F",17,"Local","MultiPass",10,11,1,1,0,1,0,1,0,0,1,NA,2,3,0,"N","N",121
"DOLPHD-858","M",9,"Overseas","SinglePass",10,6,1,0,1,1,0,1,1,0,3,NA,2,1,1,"N","N",141
"DOLPHD-8581","F",14,"Overseas","SinglePass",10,11,1,0,0,1,0,1,0,0,1,NA,2,3,0,"Y","Y",96
"DOLPHD-8584","F",17,"Local","SinglePass",10,11,1,0,0,2,0,0,0,0,1,NA,2,4,0,"N","N",46
"DOLPHD-8585","F",18,"Local","SinglePass",10,11,0,0,0,2,1,0,1,0,1,NA,3,4,0,"N","N",96
"DOLPHD-8587","F",16,"Overseas","MultiPass",10,11,1,0,1,1,0,0,1,0,1,NA,4,4,0,"N","N",121
"DOLPHD-859","F",14,"Local","MultiPass",17,5,1,0,0,0,1,0,0,0,2,NA,2,2,1,"N","Y",122
"DOLPHD-8591","F",16,"Local","SinglePass",10,11,1,1,0,1,1,0,0,0,1,NA,2,3,0,"N","N",96
"DOLPHD-8594","F",18,"Overseas","MultiPass",10,11,0,0,1,1,0,0,0,0,1,NA,2,4,0,"N","N",121
"DOLPHD-8595","F",13,"Overseas","SinglePass",10,11,0,0,1,1,1,1,0,0,1,NA,2,3,0,"Y","Y",121
"DOLPHD-8596","F",13,"Overseas","SinglePass",10,11,1,1,1,2,0,1,1,0,1,NA,4,4,0,"N","Y",171
"DOLPHD-8599","F",19,"Local","SinglePass",10,11,0,0,0,2,0,1,0,0,1,NA,2,3,0,"N","N",46
"DOLPHD-860","M",8,"Local","SinglePass",10,5,1,0,1,1,1,0,1,0,3,NA,4,2,1,"N","N",140
"DOLPHD-8602","F",18,"Overseas","SinglePass",10,11,0,0,0,2,1,0,1,0,1,NA,4,4,0,"N","Y",71
"DOLPHD-8604","F",18,"Local","MultiPass",10,11,0,1,1,1,0,1,1,0,1,NA,2,4,0,"N","N",121
"DOLPHD-8605","F",15,"Local","SinglePass",10,11,1,0,0,2,0,1,0,0,1,NA,3,3,0,"Y","Y",71
"DOLPHD-8607","F",16,"Local","MultiPass",10,11,0,0,0,2,0,1,1,0,1,NA,2,3,0,"N","Y",121
"DOLPHD-8608","F",19,"Overseas","MultiPass",10,11,0,0,0,2,0,0,0,0,1,NA,3,4,0,"N","N",121
"DOLPHD-861","M",10,"Overseas","MultiPass",10,5,1,0,0,0,0,0,0,0,2,NA,4,2,1,"Y","Y",115
"DOLPHD-8611","F",17,"Local","MultiPass",10,11,0,1,0,2,0,0,0,0,1,NA,2,4,0,"N","Y",121
"DOLPHD-8612","F",16,"Local","SinglePass",10,11,1,1,1,2,0,0,1,0,1,NA,2,3,0,"N","N",146
"DOLPHD-8613","F",19,"Local","SinglePass",10,11,1,0,1,1,0,1,0,0,1,NA,3,3,0,"N","N",96
"DOLPHD-8614","F",16,"Local","MultiPass",10,11,0,0,0,1,1,0,0,0,1,NA,2,4,0,"N","N",121
"DOLPHD-8616","F",17,"Overseas","SinglePass",10,11,1,0,1,1,0,0,1,0,1,NA,2,4,0,"Y","Y",121
"DOLPHD-8618","F",16,"Local","MultiPass",10,11,1,0,0,2,0,0,0,0,1,NA,4,4,0,"N","N",121
"DOLPHD-8619","F",17,"Local","SinglePass",10,11,1,0,0,2,1,0,1,0,1,NA,4,3,0,"N","N",96
"DOLPHD-862","F",7,"Local","SinglePass",10,12,1,0,1,0,1,0,1,0,2,NA,3,2,1,"N","Y",122
"DOLPHD-8622","F",19,"Overseas","MultiPass",10,11,1,0,1,1,0,1,0,0,1,NA,2,3,0,"N","N",121
"DOLPHD-8625","F",15,"Local","MultiPass",10,11,0,0,1,2,0,0,0,0,1,NA,2,3,0,"N","N",121
"DOLPHD-8627","F",14,"Local","SinglePass",10,11,0,0,0,2,0,1,0,0,1,NA,2,3,0,"N","N",46
"DOLPHD-863","M",8,"Local","MultiPass",10,6,1,0,1,1,0,0,1,0,2,NA,4,2,1,"N","N",116
"DOLPHD-8630","F",14,"Overseas","SinglePass",10,11,0,0,0,1,1,0,0,0,1,NA,3,3,0,"N","N",71
"DOLPHD-8633","F",16,"Local","SinglePass",10,11,1,0,0,2,0,1,0,0,1,NA,3,3,0,"N","Y",71
"DOLPHD-8636","F",19,"Overseas","MultiPass",10,11,1,0,0,2,0,1,0,0,1,NA,4,4,0,"N","N",121
"DOLPHD-8637","F",17,"Overseas","SinglePass",10,11,1,0,0,2,0,0,1,0,1,NA,3,4,0,"N","Y",96
"DOLPHD-864","M",14,"Overseas","SinglePass",17,9,1,0,0,1,1,0,0,0,3,NA,2,1,1,"Y","Y",101
"DOLPHD-8640","F",14,"Local","SinglePass",10,11,0,0,0,2,0,0,1,0,1,NA,4,3,0,"N","N",71
"DOLPHD-8642","F",18,"Local","MultiPass",10,11,1,0,0,1,0,0,0,0,1,NA,3,4,0,"N","N",121
"DOLPHD-8644","F",14,"Overseas","SinglePass",10,11,0,0,0,1,0,0,0,0,1,NA,2,3,0,"N","Y",46
"DOLPHD-8647","F",15,"Local","SinglePass",10,11,1,0,1,1,1,1,0,0,1,NA,2,4,0,"N","N",146
"DOLPHD-865","F",10,"Local","MultiPass",10,7,1,0,0,1,1,1,0,0,2,NA,4,1,1,"N","Y",117
"DOLPHD-8651","F",14,"Overseas","SinglePass",10,11,1,0,0,1,1,0,0,0,1,NA,3,4,0,"Y","Y",71
"DOLPHD-8652","F",17,"Overseas","SinglePass",10,11,0,0,0,1,1,0,1,0,1,NA,3,3,0,"N","N",96
"DOLPHD-8655","F",16,"Local","SinglePass",10,11,1,0,0,2,0,1,0,0,1,NA,4,4,0,"N","N",71
"DOLPHD-8657","F",19,"Overseas","MultiPass",10,11,1,0,1,2,0,1,0,0,1,NA,3,3,0,"N","N",121
"DOLPHD-8658","F",18,"Overseas","SinglePass",10,11,1,1,0,1,1,1,0,0,1,NA,3,4,0,"N","N",121
"DOLPHD-866","M",8,"Local","SinglePass",10,7,1,0,1,0,0,0,1,0,3,NA,4,1,1,"N","N",92
"DOLPHD-8660","F",15,"Local","MultiPass",10,11,0,0,0,2,0,1,0,0,1,NA,3,4,0,"N","N",121
"DOLPHD-8661","F",13,"Local","SinglePass",10,11,0,0,1,1,0,0,0,0,1,NA,2,3,0,"N","N",46
"DOLPHD-8662","F",13,"Local","SinglePass",10,11,1,0,1,1,0,1,0,0,1,NA,2,4,0,"Y","Y",96
"DOLPHD-867","M",9,"Overseas","MultiPass",10,0,1,0,1,1,0,0,1,0,2,NA,3,2,1,"N","N",110
"DOLPHD-8670","F",15,"Local","MultiPass",10,11,1,0,1,2,0,1,0,0,1,NA,2,3,0,"N","N",121
"DOLPHD-8672","F",15,"Overseas","SinglePass",10,11,0,1,1,1,0,1,0,0,1,NA,2,3,0,"N","N",96
"DOLPHD-8675","F",19,"Local","SinglePass",10,11,1,0,0,1,1,1,0,0,1,NA,2,3,0,"N","Y",121
"DOLPHD-8677","F",13,"Local","MultiPass",10,11,1,0,0,1,0,0,1,0,1,NA,2,3,0,"Y","Y",121
"DOLPHD-868","F",7,"Local","SinglePass",10,0,1,0,1,0,1,1,1,0,2,NA,3,1,1,"Y","Y",135
"DOLPHD-8680","F",16,"Overseas","SinglePass",10,11,1,0,1,1,1,0,0,0,1,NA,2,4,0,"N","N",96
"DOLPHD-8682","F",15,"Local","SinglePass",10,11,1,0,0,1,0,1,1,0,1,NA,4,3,0,"N","N",121
"DOLPHD-8683","F",17,"Local","SinglePass",10,11,0,0,0,2,1,1,0,0,1,NA,4,4,0,"N","N",96
"DOLPHD-8685","F",16,"Overseas","MultiPass",10,11,0,0,0,1,0,0,0,0,1,NA,4,4,0,"N","N",121
"DOLPHD-8686","F",13,"Overseas","SinglePass",10,11,1,0,0,1,0,0,0,0,1,NA,3,3,0,"N","N",46
"DOLPHD-8687","F",14,"Overseas","SinglePass",10,11,0,0,0,2,0,1,0,0,1,NA,4,4,0,"Y","Y",71
"DOLPHD-8688","F",19,"Local","MultiPass",10,11,1,0,1,1,0,1,1,0,1,NA,3,4,0,"N","N",121
"DOLPHD-8689","F",18,"Local","SinglePass",10,11,0,0,0,2,0,0,0,0,1,NA,3,4,0,"N","N",46
"DOLPHD-869","M",9,"Local","MultiPass",10,4,1,0,1,0,1,0,1,0,3,NA,4,1,1,"N","N",114
"DOLPHD-8692","F",18,"Overseas","MultiPass",10,11,1,0,1,1,1,0,0,0,1,NA,2,4,0,"N","N",121
"DOLPHD-8693","F",16,"Overseas","SinglePass",10,11,1,0,0,1,1,0,0,0,1,NA,4,4,0,"N","Y",96
"DOLPHD-8694","F",13,"Overseas","SinglePass",10,11,1,1,0,1,0,1,0,0,1,NA,3,3,0,"N","N",121
"DOLPHD-8697","F",14,"Local","SinglePass",10,11,1,0,1,1,1,0,1,0,1,NA,3,3,0,"N","Y",146
"DOLPHD-8699","F",16,"Overseas","MultiPass",10,11,1,0,0,1,0,0,0,0,1,NA,4,4,0,"N","Y",121
"DOLPHD-870","M",10,"Overseas","SinglePass",10,0,1,0,0,0,0,1,0,0,3,NA,3,2,1,"N","N",60
"DOLPHD-8701","F",17,"Overseas","SinglePass",10,11,1,1,0,2,0,0,1,0,1,NA,4,4,0,"N","N",96
"DOLPHD-8703","F",16,"Local","SinglePass",10,11,1,0,0,1,0,1,0,0,1,NA,3,3,0,"N","N",96
"DOLPHD-8705","F",19,"Local","MultiPass",10,11,0,0,0,1,0,0,1,0,1,NA,2,3,0,"N","N",121
"DOLPHD-871","F",11,"Local","MultiPass",10,0,1,0,0,0,1,1,0,0,2,NA,2,1,1,"Y","Y",110
"DOLPHD-8711","F",17,"Local","SinglePass",10,11,1,0,1,2,1,1,0,0,1,NA,2,3,0,"N","N",146
"DOLPHD-8714","F",18,"Overseas","SinglePass",10,11,1,0,1,1,0,0,1,0,1,NA,3,3,0,"N","Y",121
"DOLPHD-8715","F",13,"Overseas","SinglePass",10,11,0,0,0,1,0,1,0,0,1,NA,2,3,0,"N","N",46
"DOLPHD-872","M",10,"Local","SinglePass",10,20,1,0,0,1,0,0,0,0,3,NA,3,1,1,"N","N",80
"DOLPHD-8720","F",13,"Overseas","MultiPass",10,11,1,0,0,1,0,1,1,0,1,NA,3,3,0,"Y","Y",121
"DOLPHD-8724","F",19,"Local","SinglePass",10,11,1,0,1,2,0,1,1,0,1,NA,4,3,0,"N","N",146
"DOLPHD-8726","F",18,"Local","MultiPass",10,11,1,0,0,1,0,1,1,0,1,NA,4,4,0,"N","N",121
"DOLPHD-8729","F",19,"Overseas","SinglePass",10,11,0,0,0,2,1,1,0,0,1,NA,4,4,0,"N","N",71
"DOLPHD-873","M",14,"Overseas","MultiPass",15,0,1,0,0,0,1,1,0,0,3,NA,3,1,1,"N","N",115
"DOLPHD-8730","F",15,"Local","MultiPass",10,11,1,1,0,1,0,1,1,0,1,NA,3,3,0,"Y","Y",121
"DOLPHD-8731","F",18,"Local","SinglePass",10,11,1,0,0,2,0,0,0,0,1,NA,4,3,0,"N","N",46
"DOLPHD-8732","F",14,"Local","SinglePass",10,11,1,0,0,1,0,1,1,0,1,NA,3,4,0,"N","N",121
"DOLPHD-8734","F",18,"Overseas","MultiPass",10,11,1,1,1,1,0,1,0,0,1,NA,3,3,0,"Y","N",121
"DOLPHD-8735","F",17,"Overseas","SinglePass",10,11,0,0,1,1,0,1,0,0,1,NA,3,4,0,"Y","Y",71
"DOLPHD-8737","F",18,"Local","MultiPass",10,11,1,0,0,1,0,1,1,0,1,NA,2,4,0,"N","N",121
"DOLPHD-874","F",13,"Local","MultiPass",22,0,1,0,0,1,1,1,0,0,3,NA,2,2,1,"N","N",122
"DOLPHD-8740","F",17,"Local","MultiPass",10,11,1,0,0,1,0,1,0,0,1,NA,3,4,0,"N","Y",121
"DOLPHD-8741","F",19,"Overseas","MultiPass",10,11,1,0,0,2,0,1,0,0,1,NA,3,3,0,"N","N",121
"DOLPHD-8742","F",17,"Overseas","SinglePass",10,11,1,0,0,2,1,1,1,0,1,NA,3,3,0,"N","N",146
"DOLPHD-8743","F",19,"Overseas","SinglePass",10,11,1,0,0,1,0,1,0,0,1,NA,2,3,0,"Y","Y",71
"DOLPHD-8744","F",19,"Local","MultiPass",10,11,0,0,1,2,0,1,1,0,1,NA,3,3,0,"N","Y",121
"DOLPHD-875","M",13,"Local","SinglePass",34,5,1,0,0,1,0,1,0,0,3,NA,3,2,1,"N","N",114
"DOLPHD-8753","F",14,"Local","SinglePass",10,11,1,0,0,2,0,1,0,0,1,NA,3,4,0,"N","N",71
"DOLPHD-8759","F",16,"Local","SinglePass",10,11,0,1,0,1,0,0,1,0,1,NA,3,4,0,"N","N",96
"DOLPHD-876","M",11,"Overseas","SinglePass",10,0,1,0,0,0,0,0,0,0,3,NA,3,2,1,"N","N",35
"DOLPHD-8762","F",16,"Overseas","MultiPass",10,11,1,0,0,2,0,0,0,0,1,NA,4,3,0,"Y","Y",121
"DOLPHD-8767","F",16,"Local","SinglePass",10,11,0,1,0,2,1,0,0,0,1,NA,3,4,0,"N","N",96
"DOLPHD-877","F",9,"Local","SinglePass",10,20,1,0,1,0,1,0,1,0,3,NA,3,2,1,"N","N",130
"DOLPHD-8774","F",13,"Local","SinglePass",10,11,1,0,0,2,1,0,1,0,1,NA,4,3,0,"Y","Y",96
"DOLPHD-8777","F",13,"Overseas","SinglePass",10,11,1,0,0,2,0,0,1,0,1,NA,4,3,0,"N","N",71
"DOLPHD-8779","F",13,"Local","MultiPass",10,11,0,0,0,1,0,1,0,0,1,NA,4,4,0,"N","N",121
"DOLPHD-878","M",9,"Local","SinglePass",10,0,1,0,1,1,1,0,1,0,3,NA,3,2,1,"N","Y",135
"DOLPHD-8782","F",17,"Local","MultiPass",10,11,1,0,1,2,1,1,0,0,1,NA,2,4,0,"N","N",121
"DOLPHD-8783","F",17,"Overseas","MultiPass",10,11,1,1,1,2,0,0,0,0,1,NA,4,3,0,"N","N",121
"DOLPHD-8784","F",16,"Overseas","SinglePass",10,11,0,0,0,2,0,1,0,0,1,NA,2,3,0,"N","N",71
"DOLPHD-8786","F",17,"Local","MultiPass",10,11,0,1,1,1,0,0,0,0,1,NA,4,4,0,"N","N",121
"DOLPHD-8787","F",13,"Local","SinglePass",10,11,1,0,0,2,1,0,0,0,1,NA,3,3,0,"N","Y",96
"DOLPHD-879","M",9,"Overseas","SinglePass",10,10,1,0,1,1,1,0,1,0,3,NA,2,2,1,"N","Y",145
"DOLPHD-8792","F",14,"Overseas","SinglePass",10,11,0,0,0,1,0,0,0,0,1,NA,3,3,0,"Y","Y",46
"DOLPHD-8794","F",19,"Local","SinglePass",10,11,1,0,1,1,1,0,1,0,1,NA,4,4,0,"N","N",121
"DOLPHD-8795","F",19,"Local","SinglePass",10,11,1,1,1,2,0,0,0,0,1,NA,4,4,0,"N","N",121
"DOLPHD-8799","F",19,"Overseas","SinglePass",10,11,1,0,0,2,0,0,1,0,1,NA,4,4,0,"N","N",71
"DOLPHD-880","F",7,"Local","SinglePass",10,0,1,0,1,0,1,0,1,0,3,NA,2,1,1,"N","N",110
"DOLPHD-8801","F",19,"Local","SinglePass",10,11,1,0,1,1,0,1,0,0,1,NA,4,4,0,"N","N",96
"DOLPHD-8803","F",18,"Local","MultiPass",10,11,0,1,0,1,1,0,0,0,1,NA,4,3,0,"N","N",121
"DOLPHD-8804","F",18,"Overseas","MultiPass",10,11,0,1,0,2,0,1,0,0,1,NA,3,3,0,"N","N",121
"DOLPHD-8805","F",19,"Overseas","SinglePass",10,11,0,0,1,1,0,1,0,0,1,NA,3,3,0,"N","N",96
"DOLPHD-8807","F",17,"Local","MultiPass",10,11,1,0,0,1,0,1,0,0,1,NA,3,3,0,"N","N",121
"DOLPHD-8808","F",14,"Local","SinglePass",10,11,0,0,1,2,0,0,0,0,1,NA,3,4,0,"N","Y",71
"DOLPHD-8809","F",18,"Local","SinglePass",10,11,1,0,0,2,0,1,1,0,1,NA,4,4,0,"N","N",96
"DOLPHD-881","M",10,"Local","SinglePass",10,0,1,0,0,1,0,1,0,0,1,NA,3,4,1,"Y","Y",85
"DOLPHD-8812","F",17,"Overseas","SinglePass",10,11,1,0,0,2,1,1,0,0,1,NA,4,3,0,"N","N",96
"DOLPHD-8814","F",15,"Local","MultiPass",10,11,1,1,0,2,0,0,0,0,1,NA,4,3,0,"N","N",121
"DOLPHD-8815","F",14,"Local","SinglePass",10,11,0,0,0,2,0,1,0,0,1,NA,4,3,0,"Y","Y",46
"DOLPHD-8816","F",17,"Local","SinglePass",10,11,1,1,0,1,0,1,1,0,1,NA,2,3,0,"N","N",121
"DOLPHD-8819","F",14,"Overseas","SinglePass",10,11,1,0,0,1,0,1,0,0,1,NA,2,4,0,"N","N",71
"DOLPHD-882","M",11,"Overseas","SinglePass",10,6,0,0,0,1,0,1,0,0,3,NA,4,1,1,"N","N",66
"DOLPHD-8820","F",13,"Overseas","SinglePass",10,11,1,0,1,1,1,0,1,0,1,NA,2,4,0,"N","N",146
"DOLPHD-8822","F",14,"Local","SinglePass",10,11,0,0,0,2,1,0,0,0,1,NA,3,3,0,"N","N",46
"DOLPHD-8824","F",14,"Local","MultiPass",10,11,1,0,0,2,0,1,1,0,1,NA,4,3,0,"N","N",121
"DOLPHD-8825","F",17,"Overseas","MultiPass",10,11,0,0,0,2,0,0,0,0,1,NA,4,4,0,"Y","Y",121
"DOLPHD-8828","F",16,"Local","MultiPass",10,11,0,0,0,2,0,1,0,0,1,NA,4,3,0,"N","N",121
"DOLPHD-8829","F",18,"Local","SinglePass",10,11,1,0,1,2,0,0,1,0,1,NA,4,4,0,"N","N",121
"DOLPHD-883","F",14,"Local","SinglePass",31,10,1,0,0,0,0,1,0,0,2,NA,4,1,1,"N","N",91
"DOLPHD-8830","F",16,"Local","SinglePass",10,11,1,0,1,1,1,0,0,0,1,NA,2,3,0,"Y","Y",121
"DOLPHD-8831","F",19,"Local","MultiPass",10,11,1,0,1,1,0,1,0,0,1,NA,2,4,0,"Y","Y",121
"DOLPHD-8832","F",13,"Overseas","MultiPass",10,11,0,1,0,1,1,1,0,0,1,NA,3,4,0,"N","N",121
"DOLPHD-8833","F",18,"Overseas","SinglePass",10,11,1,0,1,1,0,0,0,0,1,NA,2,4,0,"N","N",71
"DOLPHD-8835","F",15,"Local","MultiPass",10,11,0,1,0,2,0,1,0,0,1,NA,4,4,0,"N","N",121
"DOLPHD-8837","F",14,"Local","SinglePass",10,11,1,1,0,2,0,1,0,0,1,NA,3,4,0,"N","N",121
"DOLPHD-8838","F",17,"Local","MultiPass",10,11,1,1,1,2,0,1,0,0,1,NA,2,3,0,"N","N",121
"DOLPHD-8839","F",17,"Overseas","MultiPass",10,11,1,1,1,1,0,1,1,0,1,NA,4,3,0,"N","N",121
"DOLPHD-884","M",14,"Local","SinglePass",27,9,1,0,0,1,0,0,0,0,2,NA,4,2,1,"N","N",86
"DOLPHD-8840","F",19,"Overseas","SinglePass",10,11,0,0,0,2,0,0,0,0,1,NA,3,4,0,"N","N",21
"DOLPHD-8844","F",18,"Local","SinglePass",10,11,0,0,1,2,0,0,1,0,1,NA,2,3,0,"N","N",71
"DOLPHD-8846","F",15,"Overseas","MultiPass",10,11,0,1,0,2,1,1,1,0,1,NA,4,4,0,"N","N",121
"DOLPHD-8848","F",14,"Overseas","SinglePass",10,11,0,0,0,2,1,0,0,0,1,NA,3,3,0,"N","N",46
"DOLPHD-8849","F",15,"Local","MultiPass",10,11,1,0,0,2,0,0,0,0,1,NA,4,3,0,"N","N",121
"DOLPHD-885","M",14,"Overseas","SinglePass",26,7,1,0,0,1,0,0,0,0,3,NA,2,1,1,"N","Y",83
"DOLPHD-8850","F",16,"Local","SinglePass",10,11,0,0,0,2,0,1,0,0,1,NA,4,4,0,"N","N",71
"DOLPHD-8851","F",16,"Local","SinglePass",10,11,0,1,1,2,0,1,1,0,1,NA,2,4,0,"Y","Y",146
"DOLPHD-8853","F",18,"Local","MultiPass",10,11,0,0,0,2,0,0,1,0,1,NA,2,4,0,"N","N",121
"DOLPHD-8854","F",17,"Local","SinglePass",10,11,0,1,0,1,0,1,0,0,1,NA,3,3,0,"Y","Y",71
"DOLPHD-8859","F",18,"Local","MultiPass",10,11,1,0,1,2,1,0,1,0,1,NA,4,4,0,"N","N",121
"DOLPHD-886","F",14,"Local","SinglePass",16,10,1,0,0,0,1,0,0,0,1,NA,3,3,1,"N","N",76
"DOLPHD-8861","F",17,"Local","SinglePass",10,11,1,0,0,2,0,0,0,0,1,NA,3,3,0,"N","N",71
"DOLPHD-8862","F",17,"Local","SinglePass",10,11,0,1,1,1,0,1,0,0,1,NA,3,4,0,"N","N",121
"DOLPHD-8865","F",19,"Local","SinglePass",10,11,0,0,1,1,1,1,0,0,1,NA,3,3,0,"N","N",121
"DOLPHD-8866","F",16,"Local","MultiPass",10,11,0,1,0,2,0,0,0,0,1,NA,2,3,0,"N","Y",121
"DOLPHD-8867","F",17,"Local","MultiPass",10,11,1,0,0,1,0,1,0,0,1,NA,4,4,0,"N","N",121
"DOLPHD-8868","F",13,"Local","SinglePass",10,11,1,0,0,2,0,0,1,0,1,NA,3,4,0,"N","Y",96
"DOLPHD-887","M",7,"Local","MultiPass",10,5,0,0,1,0,1,0,1,0,2,NA,2,2,1,"Y","N",115
"DOLPHD-8870","F",18,"Local","MultiPass",10,11,0,1,0,1,1,0,0,0,1,NA,4,4,0,"N","N",121
"DOLPHD-8874","F",14,"Local","MultiPass",10,11,1,1,1,1,0,0,0,0,1,NA,2,3,0,"N","N",121
"DOLPHD-8876","F",15,"Local","SinglePass",10,11,0,0,0,2,0,1,0,0,1,NA,4,4,0,"N","Y",46
"DOLPHD-8878","F",19,"Local","SinglePass",10,11,1,1,0,2,0,1,0,0,1,NA,4,4,0,"N","Y",121
"DOLPHD-8879","F",13,"Local","SinglePass",10,11,1,0,0,1,0,1,0,0,1,NA,2,4,0,"N","N",96
"DOLPHD-888","M",12,"Overseas","MultiPass",32,4,1,0,0,0,1,0,0,0,3,NA,4,2,1,"N","Y",136
"DOLPHD-8880","F",18,"Local","MultiPass",10,11,0,0,0,1,0,1,0,0,1,NA,3,3,0,"N","Y",121
"DOLPHD-8881","F",14,"Local","MultiPass",10,11,0,0,0,1,0,1,0,0,1,NA,4,4,0,"N","N",121
"DOLPHD-8887","F",17,"Local","MultiPass",10,11,1,0,1,1,0,1,0,0,1,NA,2,3,0,"N","Y",121
"DOLPHD-889","F",13,"Local","SinglePass",21,5,1,0,0,1,0,0,0,0,2,NA,2,1,1,"N","Y",76
"DOLPHD-8890","F",18,"Local","SinglePass",10,11,1,0,1,1,0,0,1,0,1,NA,3,3,0,"N","N",121
"DOLPHD-8891","F",13,"Local","MultiPass",10,11,0,1,0,1,0,1,0,0,1,NA,4,3,0,"N","N",121
"DOLPHD-8892","F",16,"Local","SinglePass",10,11,0,0,1,1,0,0,1,0,1,NA,3,4,0,"N","N",71
"DOLPHD-8898","F",13,"Local","MultiPass",10,11,1,0,1,1,0,1,0,0,1,NA,3,3,0,"N","N",121
"DOLPHD-890","M",13,"Local","SinglePass",29,9,1,0,0,1,0,1,0,0,2,NA,3,1,1,"N","Y",113
"DOLPHD-8905","F",16,"Local","MultiPass",10,11,1,0,0,1,0,1,0,0,1,NA,4,3,0,"N","N",121
"DOLPHD-8906","F",14,"Overseas","SinglePass",10,11,1,0,1,1,0,1,1,0,1,NA,3,3,0,"N","N",146
"DOLPHD-8907","F",18,"Local","SinglePass",10,11,0,0,1,1,0,1,0,0,1,NA,4,4,0,"N","N",71
"DOLPHD-8908","F",19,"Local","MultiPass",10,11,1,0,1,2,1,1,0,0,1,NA,4,3,0,"N","N",121
"DOLPHD-8909","F",14,"Overseas","MultiPass",10,11,1,0,0,2,1,1,0,0,1,NA,2,4,0,"N","Y",121
"DOLPHD-891","M",13,"Overseas","SinglePass",21,8,1,0,0,1,1,1,0,0,3,NA,2,1,1,"N","N",129
"DOLPHD-8914","F",19,"Local","SinglePass",10,11,1,0,1,2,0,1,0,0,1,NA,3,3,0,"N","N",96
"DOLPHD-8916","F",13,"Local","MultiPass",10,11,1,0,0,2,1,0,0,0,1,NA,3,3,0,"N","N",121
"DOLPHD-892","F",12,"Local","SinglePass",29,9,1,0,0,1,1,1,0,0,1,NA,4,3,1,"N","N",138
"DOLPHD-8921","F",16,"Overseas","SinglePass",10,11,1,1,0,2,0,0,0,0,1,NA,2,4,0,"N","N",96
"DOLPHD-8923","F",13,"Local","MultiPass",10,11,0,0,0,2,1,1,1,0,1,NA,2,4,0,"N","N",121
"DOLPHD-8924","F",17,"Overseas","SinglePass",10,11,1,0,1,2,1,1,1,0,1,NA,3,4,0,"N","N",171
"DOLPHD-8925","F",17,"Local","SinglePass",10,11,0,0,1,1,1,0,0,0,1,NA,3,3,0,"N","N",96
"DOLPHD-8927","F",13,"Overseas","SinglePass",10,11,1,0,1,1,0,1,1,0,1,NA,3,4,0,"N","N",146
"DOLPHD-8929","F",15,"Local","MultiPass",10,11,0,1,0,1,0,0,0,0,1,NA,2,4,0,"N","Y",121
"DOLPHD-893","M",10,"Local","SinglePass",10,9,0,0,0,1,1,0,0,0,3,NA,4,1,1,"N","Y",69
"DOLPHD-8931","F",18,"Local","SinglePass",10,11,0,1,0,2,1,0,0,0,1,NA,3,3,0,"N","Y",71
"DOLPHD-8935","F",18,"Local","SinglePass",10,11,1,0,1,2,0,0,0,0,1,NA,3,3,0,"N","N",71
"DOLPHD-8936","F",16,"Overseas","MultiPass",10,11,0,0,1,2,0,1,0,0,1,NA,3,3,0,"N","N",121
"DOLPHD-8939","F",15,"Overseas","SinglePass",10,11,0,1,1,2,0,0,0,0,1,NA,4,3,0,"N","N",96
"DOLPHD-894","M",14,"Overseas","SinglePass",22,10,1,0,0,1,0,1,0,0,2,NA,3,2,1,"N","N",107
"DOLPHD-8940","F",17,"Local","MultiPass",10,11,0,0,1,2,1,1,0,0,1,NA,2,4,0,"Y","Y",121
"DOLPHD-8941","F",19,"Local","SinglePass",10,11,0,0,0,1,1,0,1,0,1,NA,3,4,0,"N","N",71
"DOLPHD-8944","F",19,"Local","MultiPass",10,11,1,0,0,2,0,1,1,0,1,NA,4,3,0,"N","N",121
"DOLPHD-8947","F",17,"Local","MultiPass",10,11,0,1,1,2,0,1,1,0,1,NA,2,4,0,"N","N",121
"DOLPHD-8948","F",15,"Overseas","SinglePass",10,11,1,0,1,2,1,0,0,0,1,NA,3,3,0,"N","N",121
"DOLPHD-895","F",12,"Local","SinglePass",32,4,1,0,0,1,1,1,0,0,2,NA,4,2,1,"N","N",136
"DOLPHD-8952","F",18,"Local","SinglePass",10,11,0,0,0,1,0,0,1,0,1,NA,4,3,0,"N","N",46
"DOLPHD-8954","F",19,"Overseas","MultiPass",10,11,1,0,0,1,0,0,0,0,1,NA,2,3,0,"N","N",121
"DOLPHD-8955","F",19,"Local","SinglePass",10,11,1,0,1,1,0,1,0,0,1,NA,2,3,0,"N","N",96
"DOLPHD-8956","F",16,"Local","SinglePass",10,11,1,0,0,2,1,0,1,0,1,NA,4,3,0,"Y","Y",121
"DOLPHD-8957","F",18,"Overseas","MultiPass",10,11,1,0,0,1,1,1,0,0,1,NA,2,4,0,"N","N",121
"DOLPHD-8958","F",14,"Local","MultiPass",10,11,0,0,0,2,0,1,0,0,1,NA,2,3,0,"N","N",121
"DOLPHD-8959","F",14,"Local","SinglePass",10,11,0,0,0,1,1,1,1,0,1,NA,2,3,0,"N","N",96
"DOLPHD-896","M",14,"Local","SinglePass",27,7,1,0,0,1,0,1,0,0,1,NA,4,3,1,"Y","Y",109
"DOLPHD-8960","F",13,"Overseas","SinglePass",10,11,0,0,1,2,0,0,1,0,1,NA,2,4,0,"N","Y",96
"DOLPHD-8961","F",17,"Local","MultiPass",10,11,0,0,0,2,0,0,0,0,1,NA,4,3,0,"N","N",121
"DOLPHD-8963","F",19,"Overseas","SinglePass",10,11,1,0,1,1,0,0,1,0,1,NA,3,3,0,"N","N",96
"DOLPHD-8964","F",17,"Local","MultiPass",10,11,0,0,1,1,0,0,0,0,1,NA,3,3,0,"Y","Y",121
"DOLPHD-8966","F",16,"Overseas","SinglePass",10,11,1,0,0,2,0,0,1,0,1,NA,3,4,0,"Y","Y",96
"DOLPHD-8967","F",18,"Local","SinglePass",10,11,1,0,0,1,1,1,0,0,1,NA,3,3,0,"N","N",96
"DOLPHD-8969","F",13,"Overseas","SinglePass",10,11,1,0,1,1,1,1,0,0,1,NA,2,3,0,"N","N",121
"DOLPHD-897","M",7,"Overseas","SinglePass",10,8,0,0,1,1,1,0,1,0,2,NA,4,2,1,"N","N",118
"DOLPHD-8970","F",19,"Local","SinglePass",10,11,1,0,1,1,1,1,0,0,1,NA,3,3,0,"N","Y",146
"DOLPHD-8971","F",16,"Local","MultiPass",10,11,1,0,0,1,1,1,0,0,1,NA,2,3,0,"Y","N",121
"DOLPHD-8974","F",13,"Local","SinglePass",10,11,1,1,0,2,0,1,1,0,1,NA,3,4,0,"N","Y",146
"DOLPHD-8977","F",19,"Local","SinglePass",10,11,1,0,0,1,0,1,0,0,1,NA,3,3,0,"N","N",71
"DOLPHD-8978","F",19,"Overseas","MultiPass",10,11,1,1,0,1,0,1,0,0,1,NA,2,3,0,"N","N",121
"DOLPHD-8979","F",18,"Local","MultiPass",10,11,0,0,1,1,0,0,0,0,1,NA,2,3,0,"Y","N",121
"DOLPHD-898","F",13,"Local","MultiPass",22,10,1,0,0,0,1,1,0,0,0,NA,2,4,1,"N","N",132
"DOLPHD-8980","F",15,"Local","SinglePass",10,11,1,0,0,2,0,0,1,0,1,NA,2,3,0,"N","N",71
"DOLPHD-8982","F",19,"Local","MultiPass",10,11,0,0,0,2,1,1,1,0,1,NA,4,4,0,"N","N",121
"DOLPHD-8983","F",14,"Local","SinglePass",10,11,1,0,0,1,0,1,1,0,1,NA,2,3,0,"N","Y",121
"DOLPHD-8986","F",13,"Local","MultiPass",10,11,1,0,0,1,0,0,0,0,1,NA,3,4,0,"N","N",121
"DOLPHD-899","M",7,"Local","MultiPass",10,5,0,0,1,1,1,0,1,0,2,NA,3,2,1,"N","N",115
"DOLPHD-8992","F",19,"Local","MultiPass",10,11,1,1,1,1,0,1,0,0,1,NA,2,4,0,"Y","Y",121
"DOLPHD-8993","F",16,"Overseas","MultiPass",10,11,1,0,0,2,1,1,1,0,1,NA,4,4,0,"N","N",121
"DOLPHD-8995","F",17,"Local","SinglePass",10,11,1,0,0,1,0,1,0,0,1,NA,4,3,0,"N","N",96
"DOLPHD-900","M",14,"Overseas","SinglePass",15,9,1,0,0,1,0,1,0,0,0,NA,4,4,1,"Y","Y",99
"DOLPHD-9000","F",16,"Local","MultiPass",10,11,0,0,0,2,1,1,1,0,1,NA,3,3,0,"N","N",121
"DOLPHD-9001","F",15,"Local","SinglePass",10,11,0,0,0,1,0,0,0,0,1,NA,3,3,0,"N","N",46
"DOLPHD-9002","F",15,"Overseas","SinglePass",10,11,1,0,0,2,0,1,0,0,1,NA,2,3,0,"N","N",71
"DOLPHD-9004","F",19,"Local","SinglePass",10,11,0,0,0,2,0,1,0,0,1,NA,3,4,0,"Y","N",46
"DOLPHD-9005","F",19,"Overseas","SinglePass",10,11,1,0,1,1,0,0,1,0,1,NA,4,4,0,"N","N",121
"DOLPHD-9006","F",16,"Local","MultiPass",10,11,1,0,0,1,0,0,0,0,1,NA,4,3,0,"N","N",121
"DOLPHD-9007","F",18,"Local","MultiPass",10,11,1,0,0,2,1,1,1,0,1,NA,3,4,0,"N","Y",121
"DOLPHD-9009","F",17,"Local","SinglePass",10,11,1,0,0,2,0,0,1,0,1,NA,3,4,0,"N","N",71
"DOLPHD-901","F",9,"Local","SinglePass",10,5,0,0,1,0,1,1,1,0,3,NA,3,2,1,"N","Y",115
"DOLPHD-9010","F",18,"Local","MultiPass",10,11,0,1,0,1,0,1,0,0,1,NA,4,4,0,"Y","Y",121
"DOLPHD-9014","F",18,"Overseas","MultiPass",10,11,1,0,0,1,0,1,0,0,1,NA,3,3,0,"N","N",121
"DOLPHD-9015","F",17,"Local","SinglePass",10,11,0,0,0,2,0,1,0,0,1,NA,4,4,0,"N","Y",46
"DOLPHD-9016","F",13,"Local","SinglePass",10,11,0,0,1,2,0,1,0,0,1,NA,3,4,0,"N","N",96
"DOLPHD-9019","F",15,"Local","SinglePass",10,11,1,0,0,2,0,1,0,0,1,NA,3,3,0,"N","N",96
"DOLPHD-902","M",14,"Local","SinglePass",30,6,1,0,0,1,0,1,0,0,0,NA,2,3,1,"Y","Y",111
"DOLPHD-9020","F",19,"Overseas","MultiPass",10,11,0,0,1,1,0,1,0,0,1,NA,2,4,0,"Y","Y",121
"DOLPHD-9026","F",13,"Overseas","SinglePass",10,11,1,0,0,1,1,0,0,0,1,NA,3,3,0,"N","Y",71
"DOLPHD-9029","F",16,"Overseas","SinglePass",10,11,0,0,0,2,0,1,0,0,1,NA,4,3,0,"N","N",46
"DOLPHD-903","M",7,"Overseas","SinglePass",10,6,0,0,1,0,1,1,1,0,0,NA,4,3,1,"N","N",116
"DOLPHD-9030","F",13,"Local","SinglePass",10,11,1,0,0,2,0,1,0,0,1,NA,2,4,0,"N","N",96
"DOLPHD-9031","F",16,"Local","MultiPass",10,11,0,0,0,1,0,1,0,0,1,NA,2,4,0,"N","Y",121
"DOLPHD-9033","F",14,"Local","SinglePass",10,11,1,1,0,1,0,1,1,0,1,NA,3,4,0,"N","N",146
"DOLPHD-9035","F",15,"Overseas","MultiPass",10,11,1,0,0,1,0,1,0,0,1,NA,2,3,0,"N","N",121
"DOLPHD-9037","F",18,"Local","SinglePass",10,11,0,1,0,2,0,0,1,0,1,NA,3,3,0,"Y","Y",96
"DOLPHD-9038","F",13,"Overseas","MultiPass",10,11,1,1,1,1,0,1,0,0,1,NA,3,4,0,"N","Y",121
"DOLPHD-904","F",6,"Local","MultiPass",10,6,0,0,1,1,1,1,1,0,0,NA,2,4,1,"N","N",116
"DOLPHD-9040","F",19,"Local","SinglePass",10,11,0,0,0,1,0,1,0,0,1,NA,2,3,0,"N","N",71
"DOLPHD-9041","F",15,"Overseas","MultiPass",10,11,1,0,1,2,1,0,0,0,1,NA,4,3,0,"N","Y",121
"DOLPHD-9046","F",14,"Local","SinglePass",10,11,1,0,0,2,0,0,1,0,1,NA,2,3,0,"Y","Y",96
"DOLPHD-9047","F",16,"Overseas","SinglePass",10,11,1,0,0,2,0,1,0,0,1,NA,2,3,0,"N","N",71
"DOLPHD-905","M",9,"Local","MultiPass",10,7,0,0,1,1,1,1,1,0,3,NA,2,2,1,"N","Y",117
"DOLPHD-9051","F",15,"Local","SinglePass",10,11,1,0,0,2,1,1,0,0,1,NA,4,4,0,"N","N",121
"DOLPHD-9052","F",18,"Local","MultiPass",10,11,0,0,0,1,0,0,0,0,1,NA,4,3,0,"Y","Y",121
"DOLPHD-9054","F",15,"Local","SinglePass",10,11,0,0,1,1,1,1,0,0,1,NA,2,3,0,"N","N",121
"DOLPHD-9055","F",19,"Local","MultiPass",10,11,0,1,0,2,0,1,1,0,1,NA,2,4,0,"N","N",121
"DOLPHD-9057","F",15,"Local","SinglePass",10,11,1,0,1,1,0,0,0,0,1,NA,2,4,0,"N","N",96
"DOLPHD-9059","F",15,"Overseas","MultiPass",10,11,0,0,0,2,0,1,0,0,1,NA,2,3,0,"Y","Y",121
"DOLPHD-906","M",14,"Overseas","SinglePass",15,5,1,0,0,0,0,1,0,0,0,NA,4,3,1,"N","N",70
"DOLPHD-9060","F",16,"Local","SinglePass",10,11,1,1,0,1,0,0,0,0,1,NA,4,4,0,"N","N",71
"DOLPHD-9064","F",17,"Local","SinglePass",10,11,1,0,0,1,1,0,1,0,1,NA,3,4,0,"N","N",96
"DOLPHD-9067","F",14,"Local","SinglePass",10,11,0,0,1,2,0,1,1,0,1,NA,2,3,0,"N","N",121
"DOLPHD-9068","F",19,"Overseas","SinglePass",10,11,1,0,0,2,0,1,1,0,1,NA,3,3,0,"N","Y",96
"DOLPHD-9069","F",18,"Local","MultiPass",10,11,1,0,1,1,1,1,1,0,1,NA,2,4,0,"N","N",121
"DOLPHD-907","F",6,"Local","SinglePass",10,7,0,0,1,0,1,1,1,0,0,NA,2,3,1,"N","N",117
"DOLPHD-9070","F",15,"Local","MultiPass",10,11,1,0,0,1,0,0,0,0,1,NA,4,4,0,"N","Y",121
"DOLPHD-9071","F",19,"Overseas","SinglePass",10,11,0,0,0,1,0,1,1,0,1,NA,4,4,0,"N","N",71
"DOLPHD-9073","F",13,"Local","MultiPass",10,11,1,0,1,2,1,0,1,0,1,NA,2,3,0,"N","N",121
"DOLPHD-9079","F",14,"Local","SinglePass",10,11,1,0,0,1,0,1,0,0,1,NA,4,3,0,"N","N",96
"DOLPHD-908","M",7,"Local","SinglePass",10,5,0,0,1,1,1,0,1,0,0,NA,3,3,1,"N","N",115
"DOLPHD-9081","F",13,"Local","SinglePass",10,11,0,0,1,1,0,1,0,0,1,NA,4,3,0,"N","N",96
"DOLPHD-9082","F",14,"Local","SinglePass",10,11,1,0,0,2,1,0,0,0,1,NA,4,3,0,"Y","Y",96
"DOLPHD-9083","F",15,"Overseas","MultiPass",10,11,0,0,0,2,0,0,1,0,1,NA,2,4,0,"N","N",121
"DOLPHD-9085","F",13,"Local","SinglePass",10,11,0,0,1,2,1,1,0,0,1,NA,3,3,0,"Y","Y",121
"DOLPHD-9086","F",16,"Overseas","SinglePass",10,11,0,1,0,2,0,0,1,0,1,NA,3,4,0,"N","N",71
"DOLPHD-9087","F",15,"Local","MultiPass",10,11,0,0,0,2,1,0,1,0,1,NA,4,3,0,"N","N",121
"DOLPHD-9088","F",15,"Local","SinglePass",10,11,1,0,0,2,0,1,1,0,1,NA,2,3,0,"N","N",96
"DOLPHD-909","M",10,"Overseas","SinglePass",10,8,0,0,0,1,1,0,0,0,2,NA,2,1,1,"N","N",68
"DOLPHD-9091","F",17,"Local","MultiPass",10,11,1,0,0,2,0,0,0,0,1,NA,2,4,0,"N","N",121
"DOLPHD-9095","F",15,"Overseas","SinglePass",10,11,0,1,0,2,0,0,1,0,1,NA,4,3,0,"N","N",96
"DOLPHD-9096","F",16,"Local","SinglePass",10,11,0,1,0,1,0,1,1,0,1,NA,3,3,0,"N","N",96
"DOLPHD-9097","F",17,"Local","MultiPass",10,11,0,0,0,1,0,0,0,0,1,NA,2,4,0,"N","N",121
"DOLPHD-9098","F",18,"Overseas","MultiPass",10,11,1,0,0,2,1,0,1,0,1,NA,3,4,0,"Y","Y",121
"DOLPHD-9099","F",16,"Local","SinglePass",10,11,1,0,0,1,0,1,0,0,1,NA,3,4,0,"N","N",96
"DOLPHD-910","F",14,"Local","MultiPass",15,8,1,0,0,0,0,0,0,0,2,NA,2,1,1,"N","N",123
"DOLPHD-9101","F",18,"Overseas","MultiPass",10,11,0,1,0,1,0,0,0,0,1,NA,4,3,0,"N","N",121
"DOLPHD-9102","F",18,"Local","SinglePass",10,11,0,1,0,2,1,0,1,0,1,NA,3,4,0,"N","Y",96
"DOLPHD-9104","F",14,"Overseas","MultiPass",10,11,1,0,0,2,0,1,0,0,1,NA,2,3,0,"N","N",121
"DOLPHD-9106","F",14,"Local","SinglePass",10,11,1,1,1,2,0,1,0,0,1,NA,3,4,0,"N","N",146
"DOLPHD-9108","F",17,"Local","MultiPass",10,11,1,1,0,2,0,1,0,0,1,NA,2,4,0,"N","N",121
"DOLPHD-9109","F",14,"Local","SinglePass",10,11,1,0,0,2,1,0,1,0,1,NA,3,3,0,"N","N",96
"DOLPHD-911","M",14,"Local","MultiPass",31,7,1,0,0,0,0,0,0,0,0,NA,4,4,1,"N","N",138
"DOLPHD-9110","F",13,"Overseas","SinglePass",10,11,1,0,0,2,0,1,0,0,1,NA,4,3,0,"N","N",96
"DOLPHD-9115","F",16,"Local","MultiPass",10,11,1,0,0,2,0,0,1,0,1,NA,4,3,0,"N","Y",121
"DOLPHD-9116","F",17,"Overseas","SinglePass",10,11,1,0,1,1,0,0,0,0,1,NA,2,4,0,"N","Y",71
"DOLPHD-9117","F",16,"Local","SinglePass",10,11,1,0,0,1,0,1,0,0,1,NA,2,3,0,"N","N",71
"DOLPHD-9119","F",15,"Overseas","MultiPass",10,11,0,1,1,2,0,0,1,0,1,NA,2,4,0,"N","N",121
"DOLPHD-912","M",10,"Overseas","SinglePass",10,10,0,0,0,0,1,0,0,0,0,NA,3,4,1,"N","N",45
"DOLPHD-9124","F",14,"Local","SinglePass",10,11,1,0,0,2,0,0,0,0,1,NA,2,4,0,"N","N",71
"DOLPHD-913","F",8,"Local","SinglePass",10,8,0,0,1,0,1,0,1,0,0,NA,3,4,1,"N","N",93
"DOLPHD-9132","F",17,"Local","MultiPass",10,11,1,0,1,2,0,1,1,0,1,NA,4,3,0,"N","Y",121
"DOLPHD-9134","F",16,"Overseas","SinglePass",10,11,0,0,1,1,1,1,0,0,1,NA,2,3,0,"Y","Y",96
"DOLPHD-9135","F",19,"Local","SinglePass",10,11,0,0,0,2,1,1,0,0,1,NA,3,3,0,"N","N",71
"DOLPHD-9136","F",19,"Local","MultiPass",10,11,1,0,1,1,0,1,1,0,1,NA,3,4,0,"N","N",121
"DOLPHD-914","M",6,"Local","SinglePass",10,7,0,0,1,0,1,1,1,0,3,NA,3,1,1,"N","N",117
"DOLPHD-9140","F",16,"Overseas","MultiPass",10,11,0,0,1,2,0,1,0,0,1,NA,2,4,0,"N","N",121
"DOLPHD-9141","F",19,"Local","SinglePass",10,11,1,0,1,1,1,0,1,0,1,NA,2,3,0,"N","N",121
"DOLPHD-9142","F",18,"Local","SinglePass",10,11,0,0,0,2,1,1,0,0,1,NA,2,3,0,"N","N",71
"DOLPHD-9146","F",14,"Overseas","MultiPass",10,11,1,0,0,1,0,1,0,0,1,NA,4,4,0,"N","N",121
"DOLPHD-9149","F",16,"Overseas","SinglePass",10,11,1,0,0,1,0,0,0,0,1,NA,3,4,0,"N","N",71
"DOLPHD-915","M",14,"Overseas","SinglePass",16,4,1,0,0,1,0,0,0,0,3,NA,3,2,1,"N","N",70
"DOLPHD-9150","F",16,"Local","MultiPass",10,11,1,0,0,2,0,0,0,0,1,NA,4,4,0,"N","N",121
"DOLPHD-9153","F",18,"Local","MultiPass",10,11,1,0,0,1,0,0,0,0,1,NA,2,3,0,"Y","Y",121
"DOLPHD-9154","F",15,"Local","MultiPass",10,11,1,0,1,1,0,0,0,0,1,NA,3,4,0,"N","N",121
"DOLPHD-9155","F",13,"Overseas","SinglePass",10,11,1,0,0,2,0,1,0,0,1,NA,4,4,0,"N","Y",71
"DOLPHD-9156","F",13,"Local","SinglePass",10,11,0,0,1,1,0,0,0,0,1,NA,4,4,0,"N","N",46
"DOLPHD-9157","F",17,"Local","MultiPass",10,11,0,0,0,2,0,0,1,0,1,NA,4,4,0,"N","N",121
"DOLPHD-9158","F",15,"Overseas","SinglePass",10,11,0,0,1,2,0,1,0,0,1,NA,2,3,0,"N","Y",71
"DOLPHD-9159","F",18,"Local","SinglePass",10,11,1,0,1,2,1,1,0,0,1,NA,4,4,0,"N","N",146
"DOLPHD-916","F",13,"Local","MultiPass",34,4,1,0,0,0,1,0,0,0,0,NA,3,4,1,"N","N",138
"DOLPHD-9161","F",17,"Overseas","MultiPass",10,11,1,0,0,1,0,1,0,0,1,NA,2,4,0,"N","N",121
"DOLPHD-9164","F",13,"Overseas","MultiPass",10,11,1,0,0,1,0,1,1,0,1,NA,3,4,0,"N","N",121
"DOLPHD-9166","F",16,"Local","SinglePass",10,11,1,1,1,1,0,1,0,0,1,NA,2,4,0,"N","N",146
"DOLPHD-9167","F",18,"Overseas","MultiPass",10,11,1,0,0,1,0,0,0,0,1,NA,4,3,0,"N","N",121
"DOLPHD-917","M",9,"Local","MultiPass",10,10,0,0,1,0,1,0,1,0,2,NA,3,2,1,"N","N",120
"DOLPHD-9172","F",18,"Local","SinglePass",10,11,1,1,1,1,0,1,1,0,1,NA,3,4,0,"N","N",171
"DOLPHD-9173","F",16,"Overseas","SinglePass",10,11,0,0,0,2,1,1,1,0,1,NA,3,3,0,"N","N",121
"DOLPHD-9177","F",17,"Local","SinglePass",10,11,0,0,1,2,0,1,1,0,1,NA,3,3,0,"N","N",121
"DOLPHD-9178","F",13,"Local","MultiPass",10,11,1,1,0,2,0,1,1,0,1,NA,3,3,0,"N","N",121
"DOLPHD-918","M",13,"Overseas","SinglePass",35,4,1,0,0,0,1,0,0,0,0,NA,2,4,1,"N","N",89
"DOLPHD-9183","F",18,"Local","SinglePass",10,11,0,0,1,2,0,1,1,0,1,NA,2,3,0,"Y","Y",121
"DOLPHD-9185","F",17,"Overseas","MultiPass",10,11,1,1,0,2,0,1,1,0,1,NA,3,4,0,"N","Y",121
"DOLPHD-9186","F",17,"Local","SinglePass",10,11,1,0,0,2,0,0,0,0,1,NA,4,4,0,"N","Y",46
"DOLPHD-9187","F",14,"Local","SinglePass",10,11,0,0,0,2,1,0,1,0,1,NA,3,4,0,"Y","Y",96
"DOLPHD-9188","F",19,"Overseas","MultiPass",10,11,0,0,1,1,0,1,1,0,1,NA,3,4,0,"N","Y",121
"DOLPHD-9189","F",17,"Local","MultiPass",10,11,0,0,0,1,0,0,0,0,1,NA,2,4,0,"N","N",121
"DOLPHD-919","F",11,"Local","SinglePass",10,7,0,0,0,1,1,1,0,0,0,NA,4,3,1,"N","N",92
"DOLPHD-9191","F",17,"Overseas","SinglePass",10,11,1,0,1,2,1,1,0,0,1,NA,3,3,0,"N","N",121
"DOLPHD-9192","F",14,"Local","MultiPass",10,11,1,0,1,1,0,0,0,0,1,NA,2,3,0,"N","Y",121
"DOLPHD-9193","F",14,"Local","SinglePass",10,11,1,0,1,2,0,0,1,0,1,NA,2,4,0,"N","N",121
"DOLPHD-9198","F",15,"Local","SinglePass",10,11,0,0,0,1,0,0,0,0,1,NA,3,3,0,"N","N",21
"DOLPHD-920","M",7,"Local","SinglePass",10,4,0,0,1,0,1,0,1,0,0,NA,3,3,1,"N","N",89
"DOLPHD-9203","F",18,"Overseas","MultiPass",10,11,1,0,1,1,0,1,1,0,1,NA,2,3,0,"N","N",121
"DOLPHD-9209","F",18,"Overseas","MultiPass",10,11,1,0,0,2,1,0,0,0,1,NA,2,3,0,"N","N",121
"DOLPHD-921","M",8,"Overseas","SinglePass",10,7,0,0,1,1,1,1,1,0,2,NA,4,1,1,"N","N",142
"DOLPHD-9213","F",15,"Local","MultiPass",10,11,1,0,1,1,1,1,0,0,1,NA,2,3,0,"N","N",121
"DOLPHD-9214","F",15,"Local","SinglePass",10,11,0,0,0,1,1,1,1,0,1,NA,2,4,0,"Y","Y",121
"DOLPHD-9216","F",15,"Local","MultiPass",10,11,0,0,0,2,0,1,0,0,1,NA,2,4,0,"N","Y",121
"DOLPHD-9217","F",17,"Local","MultiPass",10,11,1,0,0,1,0,1,0,0,1,NA,2,4,0,"N","N",121
"DOLPHD-922","F",12,"Local","MultiPass",19,9,1,0,0,0,1,0,0,0,0,NA,4,3,1,"N","N",128
"DOLPHD-9222","F",17,"Local","SinglePass",10,11,1,1,0,1,0,1,0,0,1,NA,3,3,0,"N","N",121
"DOLPHD-9224","F",17,"Overseas","MultiPass",10,11,1,0,0,1,0,0,0,0,1,NA,4,3,0,"N","N",121
"DOLPHD-9225","F",14,"Local","SinglePass",10,11,1,0,0,2,1,1,0,0,1,NA,3,4,0,"N","N",96
"DOLPHD-9229","F",13,"Local","SinglePass",10,11,1,0,0,2,0,0,0,0,1,NA,2,3,0,"N","N",46
"DOLPHD-923","M",6,"Local","MultiPass",10,6,0,0,1,0,1,1,1,0,0,NA,4,4,1,"Y","Y",116
"DOLPHD-9232","F",16,"Local","SinglePass",10,11,0,0,0,2,0,0,1,0,1,NA,4,3,0,"N","N",71
"DOLPHD-9238","F",17,"Local","MultiPass",10,11,1,1,0,2,0,0,0,0,1,NA,2,3,0,"N","N",121
"DOLPHD-9239","F",18,"Overseas","SinglePass",10,11,1,0,1,1,0,1,1,0,1,NA,2,3,0,"N","N",146
"DOLPHD-924","M",10,"Overseas","SinglePass",10,4,0,0,0,1,1,0,0,0,0,NA,3,3,1,"N","Y",64
"DOLPHD-9240","F",13,"Local","SinglePass",10,11,0,0,0,1,0,1,0,0,1,NA,4,3,0,"N","Y",46
"DOLPHD-9246","F",14,"Local","SinglePass",10,11,0,0,1,2,0,1,0,0,1,NA,4,3,0,"N","N",96
"DOLPHD-9247","F",19,"Local","SinglePass",10,11,0,0,0,1,1,0,0,0,1,NA,2,3,0,"N","N",71
"DOLPHD-925","F",9,"Local","SinglePass",10,10,0,0,1,1,1,0,1,0,2,NA,2,1,1,"N","N",120
"DOLPHD-9250","F",19,"Local","SinglePass",10,11,1,0,0,1,0,0,0,0,1,NA,3,4,0,"N","N",71
"DOLPHD-9252","F",16,"Local","MultiPass",10,11,1,0,0,1,1,0,0,0,1,NA,2,3,0,"N","Y",121
"DOLPHD-9254","F",13,"Overseas","SinglePass",10,11,0,0,0,2,0,1,0,0,1,NA,3,3,0,"N","N",46
"DOLPHD-9255","F",16,"Local","MultiPass",10,11,1,0,0,1,0,1,0,0,1,NA,3,4,0,"N","N",121
"DOLPHD-926","M",12,"Local","SinglePass",16,7,1,0,0,1,1,0,0,0,2,NA,2,2,1,"N","Y",98
"DOLPHD-9262","F",13,"Local","MultiPass",10,11,1,0,0,1,0,1,1,0,1,NA,2,4,0,"N","N",121
"DOLPHD-9265","F",18,"Local","MultiPass",10,11,1,0,0,1,0,1,0,0,1,NA,4,4,0,"Y","N",121
"DOLPHD-9266","F",15,"Overseas","MultiPass",10,11,1,1,0,2,0,0,0,0,1,NA,4,3,0,"N","N",121
"DOLPHD-9267","F",13,"Local","SinglePass",10,11,1,0,0,1,0,1,0,0,1,NA,2,4,0,"N","N",71
"DOLPHD-9269","F",14,"Overseas","MultiPass",10,11,1,0,0,1,0,0,0,0,1,NA,4,4,0,"N","Y",121
"DOLPHD-927","M",14,"Overseas","SinglePass",12,6,1,0,0,1,0,1,0,0,0,NA,2,4,1,"N","N",93
"DOLPHD-9273","F",13,"Local","MultiPass",10,11,1,0,1,1,0,0,1,0,1,NA,3,4,0,"N","Y",121
"DOLPHD-9275","F",19,"Overseas","SinglePass",10,11,1,1,1,2,0,1,0,0,1,NA,2,4,0,"N","N",146
"DOLPHD-9277","F",19,"Local","SinglePass",10,11,0,1,0,1,0,0,1,0,1,NA,4,3,0,"N","N",96
"DOLPHD-928","F",8,"Local","MultiPass",10,10,0,0,1,0,1,0,1,0,0,NA,3,4,1,"N","N",120
"DOLPHD-9280","F",17,"Local","MultiPass",10,11,1,0,0,1,0,0,0,0,1,NA,3,3,0,"Y","N",121
"DOLPHD-9282","F",18,"Local","SinglePass",10,11,1,1,0,2,0,0,1,0,1,NA,4,4,0,"N","N",121
"DOLPHD-9284","F",16,"Overseas","SinglePass",10,11,1,0,0,1,1,0,1,0,1,NA,4,3,0,"N","Y",96
"DOLPHD-9285","F",15,"Local","SinglePass",10,11,0,0,0,1,0,1,0,0,1,NA,3,3,0,"N","N",46
"DOLPHD-9286","F",16,"Local","MultiPass",10,11,1,0,1,2,1,0,1,0,1,NA,2,4,0,"N","Y",121
"DOLPHD-929","M",10,"Local","MultiPass",10,8,0,0,0,1,1,0,0,0,3,NA,3,2,1,"N","N",118
"DOLPHD-9294","F",18,"Local","MultiPass",10,11,1,1,0,1,0,0,0,0,1,NA,2,4,0,"N","N",121
"DOLPHD-9295","F",13,"Local","SinglePass",10,11,1,0,1,1,0,1,1,0,1,NA,4,4,0,"N","N",146
"DOLPHD-9296","F",13,"Overseas","SinglePass",10,11,1,0,0,2,0,1,0,0,1,NA,2,4,0,"N","N",96
"DOLPHD-9298","F",19,"Local","SinglePass",10,11,1,0,0,2,0,1,0,0,1,NA,2,3,0,"N","N",71
"DOLPHD-930","M",14,"Overseas","SinglePass",23,10,1,0,0,1,0,0,0,0,3,NA,2,2,1,"N","N",83
"DOLPHD-9300","F",17,"Local","MultiPass",10,11,1,0,0,1,0,1,0,0,1,NA,3,3,0,"Y","Y",121
"DOLPHD-9301","F",15,"Local","MultiPass",10,11,1,1,0,1,0,1,0,0,1,NA,2,3,0,"N","N",121
"DOLPHD-9302","F",19,"Overseas","SinglePass",10,11,1,0,0,2,1,1,0,0,1,NA,4,3,0,"N","N",121
"DOLPHD-9303","F",18,"Local","SinglePass",10,11,1,1,0,2,0,1,1,0,1,NA,3,4,0,"N","N",146
"DOLPHD-9306","F",19,"Local","SinglePass",10,11,0,1,1,1,0,0,0,0,1,NA,4,4,0,"Y","Y",96
"DOLPHD-9307","F",15,"Local","MultiPass",10,11,1,0,0,1,1,0,1,0,1,NA,3,3,0,"Y","Y",121
"DOLPHD-9308","F",15,"Overseas","MultiPass",10,11,0,0,0,1,1,1,1,0,1,NA,3,4,0,"N","N",121
"DOLPHD-931","F",13,"Local","SinglePass",16,7,1,0,0,1,1,0,0,0,0,NA,2,3,1,"N","N",98
"DOLPHD-9310","F",18,"Local","SinglePass",10,11,1,1,0,2,0,0,0,0,1,NA,2,4,0,"N","N",71
"DOLPHD-9311","F",16,"Overseas","MultiPass",10,11,0,0,1,2,1,0,0,0,1,NA,3,4,0,"N","N",121
"DOLPHD-9313","F",18,"Local","SinglePass",10,11,1,1,0,2,0,0,0,0,1,NA,4,3,0,"N","N",96
"DOLPHD-9314","F",18,"Overseas","MultiPass",10,11,0,1,0,1,1,1,0,0,1,NA,2,4,0,"N","N",121
"DOLPHD-9316","F",18,"Local","SinglePass",10,11,1,1,1,2,1,0,1,0,1,NA,4,3,0,"N","N",146
"DOLPHD-9317","F",18,"Overseas","SinglePass",10,11,1,0,1,2,1,0,1,0,1,NA,3,4,0,"Y","Y",121
"DOLPHD-9318","F",14,"Local","MultiPass",10,11,0,0,0,1,0,1,1,0,1,NA,3,3,0,"N","N",121
"DOLPHD-932","M",7,"Local","SinglePass",10,9,0,0,1,0,1,0,1,0,0,NA,4,3,1,"Y","Y",94
"DOLPHD-9320","F",19,"Overseas","SinglePass",10,11,1,1,0,1,0,0,1,0,1,NA,3,4,0,"N","N",96
"DOLPHD-9322","F",13,"Local","MultiPass",10,11,1,0,0,1,0,1,0,0,1,NA,4,3,0,"N","N",121
"DOLPHD-9324","F",13,"Local","SinglePass",10,11,0,1,0,2,0,1,0,0,1,NA,3,3,0,"N","N",96
"DOLPHD-9327","F",19,"Local","SinglePass",10,11,0,1,1,2,0,1,0,0,1,NA,2,3,0,"N","N",96
"DOLPHD-933","M",7,"Overseas","SinglePass",10,6,0,0,1,1,1,1,1,0,0,NA,2,4,1,"N","Y",141
"DOLPHD-9332","F",19,"Overseas","MultiPass",10,11,0,0,0,1,0,1,1,0,1,NA,4,3,0,"N","N",121
"DOLPHD-9333","F",17,"Local","SinglePass",10,11,1,0,0,1,0,0,1,0,1,NA,3,3,0,"N","N",96
"DOLPHD-9336","F",14,"Local","MultiPass",10,11,1,0,0,2,1,1,1,0,1,NA,3,3,0,"N","Y",121
"DOLPHD-9337","F",17,"Local","SinglePass",10,11,0,0,1,1,1,0,0,0,1,NA,4,3,0,"N","Y",96
"DOLPHD-9338","F",14,"Overseas","SinglePass",10,11,0,1,0,2,0,1,0,0,1,NA,3,4,0,"Y","Y",96
"DOLPHD-9339","F",13,"Local","MultiPass",10,11,0,0,1,2,1,1,1,0,1,NA,3,3,0,"N","N",121
"DOLPHD-934","F",11,"Local","MultiPass",10,9,0,0,0,1,1,0,0,0,0,NA,2,4,1,"N","N",119
"DOLPHD-9341","F",15,"Overseas","SinglePass",10,11,1,1,0,1,1,1,0,0,1,NA,3,3,0,"N","N",121
"DOLPHD-9343","F",14,"Local","MultiPass",10,11,1,0,0,1,0,1,1,0,1,NA,4,4,0,"N","N",121
"DOLPHD-9345","F",14,"Local","SinglePass",10,11,1,0,0,1,0,1,0,0,1,NA,2,3,0,"N","Y",71
"DOLPHD-9346","F",19,"Local","MultiPass",10,11,0,1,0,1,0,0,1,0,1,NA,2,4,0,"N","N",121
"DOLPHD-935","M",7,"Local","MultiPass",10,6,0,0,1,1,1,1,1,0,0,NA,2,4,1,"N","N",116
"DOLPHD-9351","F",15,"Local","SinglePass",10,11,1,1,0,2,0,0,0,0,1,NA,4,3,0,"Y","Y",71
"DOLPHD-9353","F",19,"Overseas","MultiPass",10,11,0,0,0,1,0,0,0,0,1,NA,3,3,0,"N","N",121
"DOLPHD-9354","F",17,"Local","SinglePass",10,11,1,0,0,1,0,0,0,0,1,NA,4,4,0,"N","N",46
"DOLPHD-9355","F",15,"Local","SinglePass",10,11,0,0,0,2,0,0,0,0,1,NA,4,4,0,"N","N",46
"DOLPHD-9356","F",16,"Overseas","MultiPass",10,11,1,0,1,1,0,0,1,0,1,NA,3,3,0,"N","N",121
"DOLPHD-9359","F",16,"Overseas","SinglePass",10,11,1,0,0,2,0,0,1,0,1,NA,2,4,0,"N","N",96
"DOLPHD-936","M",11,"Overseas","SinglePass",10,7,0,0,0,0,1,1,0,0,2,NA,3,1,1,"N","Y",67
"DOLPHD-9363","F",18,"Local","MultiPass",10,11,0,0,0,2,0,1,0,0,1,NA,3,3,0,"Y","Y",121
"DOLPHD-9364","F",14,"Local","MultiPass",10,11,1,1,0,2,0,0,0,0,1,NA,4,4,0,"N","N",121
"DOLPHD-9365","F",19,"Overseas","SinglePass",10,11,1,0,0,1,1,0,1,0,1,NA,2,4,0,"N","N",121
"DOLPHD-9367","F",15,"Local","MultiPass",10,11,1,0,0,1,0,0,0,0,1,NA,3,3,0,"N","Y",121
"DOLPHD-9368","F",15,"Overseas","SinglePass",10,11,1,0,0,2,0,0,0,0,1,NA,4,3,0,"Y","Y",71
"DOLPHD-937","F",12,"Local","SinglePass",22,6,1,0,0,0,1,1,0,0,0,NA,4,4,1,"N","N",103
"DOLPHD-9370","F",18,"Local","MultiPass",10,11,0,0,1,1,0,0,0,0,1,NA,4,3,0,"N","N",121
"DOLPHD-9372","F",19,"Local","SinglePass",10,11,1,1,0,2,1,1,0,0,1,NA,2,4,0,"N","N",121
"DOLPHD-9373","F",16,"Local","SinglePass",10,11,0,0,0,2,1,1,0,0,1,NA,2,4,0,"N","Y",96
"DOLPHD-9376","F",18,"Local","SinglePass",10,11,1,1,1,2,1,1,0,0,1,NA,4,4,0,"N","N",171
"DOLPHD-9377","F",14,"Overseas","MultiPass",10,11,1,0,1,1,1,1,0,0,1,NA,2,3,0,"N","N",121
"DOLPHD-9378","F",18,"Local","MultiPass",10,11,1,0,1,2,0,0,0,0,1,NA,4,4,0,"N","N",121
"DOLPHD-938","M",7,"Local","SinglePass",10,4,0,0,1,0,1,1,1,0,0,NA,3,3,1,"N","N",114
"DOLPHD-9382","F",18,"Local","SinglePass",10,11,0,0,0,1,0,0,0,0,1,NA,4,4,0,"N","N",46
"DOLPHD-9383","F",14,"Overseas","SinglePass",10,11,1,0,1,1,0,0,0,0,1,NA,3,4,0,"N","N",71
"DOLPHD-9384","F",14,"Local","MultiPass",10,11,0,0,0,1,0,1,1,0,1,NA,2,3,0,"N","N",121
"DOLPHD-939","M",6,"Overseas","SinglePass",10,8,0,0,1,1,1,1,1,0,0,NA,3,3,1,"N","N",143
"DOLPHD-9390","F",15,"Local","SinglePass",10,11,1,1,0,2,0,0,1,0,1,NA,2,3,0,"N","N",96
"DOLPHD-9392","F",16,"Overseas","MultiPass",10,11,1,0,0,1,0,0,0,0,1,NA,4,4,0,"N","N",121
"DOLPHD-9393","F",13,"Local","SinglePass",10,11,1,0,0,2,0,0,1,0,1,NA,2,3,0,"N","N",96
"DOLPHD-9395","F",13,"Overseas","MultiPass",10,11,1,0,0,2,0,0,0,0,1,NA,3,4,0,"N","N",121
"DOLPHD-940","F",7,"Local","MultiPass",10,10,0,0,1,0,1,0,1,0,0,NA,2,3,1,"N","N",120
"DOLPHD-9402","F",18,"Local","MultiPass",10,11,0,0,1,2,0,0,1,0,1,NA,4,4,0,"N","N",121
"DOLPHD-9403","F",14,"Local","SinglePass",10,11,1,0,0,2,0,1,0,0,1,NA,4,3,0,"N","N",71
"DOLPHD-9405","F",14,"Local","MultiPass",10,11,0,0,0,1,0,0,0,0,1,NA,3,3,0,"N","N",121
"DOLPHD-9406","F",17,"Local","MultiPass",10,11,1,0,1,1,0,1,0,0,1,NA,3,4,0,"N","N",121
"DOLPHD-941","M",9,"Local","MultiPass",10,6,0,0,1,1,1,0,1,0,0,NA,2,4,1,"Y","Y",116
"DOLPHD-9410","F",17,"Overseas","SinglePass",10,11,1,0,1,1,0,0,1,0,1,NA,2,3,0,"N","N",121
"DOLPHD-9411","F",18,"Local","SinglePass",10,11,0,0,0,1,0,1,0,0,1,NA,2,3,0,"N","N",71
"DOLPHD-9413","F",18,"Overseas","MultiPass",10,11,0,1,1,2,0,1,0,0,1,NA,2,4,0,"N","N",121
"DOLPHD-9418","F",18,"Local","SinglePass",10,11,0,0,0,2,1,1,0,0,1,NA,3,4,0,"N","N",71
"DOLPHD-9419","F",16,"Overseas","MultiPass",10,11,0,1,0,1,0,0,0,0,1,NA,3,4,0,"N","N",121
"DOLPHD-942","M",9,"Overseas","SinglePass",10,7,0,0,1,1,1,1,1,0,3,NA,4,1,1,"N","Y",142
"DOLPHD-9421","F",19,"Local","SinglePass",10,11,0,0,0,2,0,0,0,0,1,NA,4,3,0,"N","N",46
"DOLPHD-9422","F",18,"Overseas","SinglePass",10,11,0,0,0,2,0,0,1,0,1,NA,3,3,0,"Y","Y",46
"DOLPHD-9424","F",13,"Local","SinglePass",10,11,1,0,1,1,1,0,0,0,1,NA,4,4,0,"N","N",121
"DOLPHD-9426","F",16,"Local","MultiPass",10,11,1,0,0,2,0,0,1,0,1,NA,4,3,0,"N","N",121
"DOLPHD-9427","F",17,"Local","MultiPass",10,11,0,0,1,2,0,0,0,0,1,NA,3,4,0,"Y","Y",121
"DOLPHD-943","F",13,"Local","SinglePass",14,5,1,0,0,1,1,1,0,0,0,NA,3,3,1,"Y","Y",119
"DOLPHD-9430","F",13,"Local","MultiPass",10,11,1,0,0,2,1,0,0,0,1,NA,3,4,0,"N","Y",121
"DOLPHD-9431","F",18,"Overseas","SinglePass",10,11,1,0,1,1,0,0,0,0,1,NA,3,3,0,"N","N",96
"DOLPHD-9433","F",16,"Local","MultiPass",10,11,0,0,1,1,0,0,1,0,1,NA,3,3,0,"N","N",121
"DOLPHD-9435","F",15,"Local","SinglePass",10,11,0,1,0,1,0,1,0,0,1,NA,4,4,0,"N","N",71
"DOLPHD-9436","F",16,"Local","SinglePass",10,11,1,0,1,1,0,0,0,0,1,NA,3,3,0,"N","Y",71
"DOLPHD-9438","F",15,"Local","SinglePass",10,11,1,0,0,1,1,0,0,0,1,NA,4,3,0,"N","Y",96
"DOLPHD-9439","F",17,"Local","SinglePass",10,11,1,0,0,2,0,0,1,0,1,NA,2,4,0,"N","N",96
"DOLPHD-944","M",6,"Local","SinglePass",10,10,0,0,1,1,1,0,1,0,3,NA,4,2,1,"N","N",120
"DOLPHD-9440","F",17,"Overseas","MultiPass",10,11,1,0,0,1,0,0,0,0,1,NA,3,3,0,"N","Y",121
"DOLPHD-9442","F",15,"Local","SinglePass",10,11,1,0,0,2,0,1,1,0,1,NA,2,4,0,"N","Y",121
"DOLPHD-9443","F",14,"Overseas","SinglePass",10,11,0,1,0,2,0,1,1,0,1,NA,2,3,0,"N","N",121
"DOLPHD-9446","F",14,"Overseas","SinglePass",10,11,1,0,1,1,0,0,1,0,1,NA,4,4,0,"N","Y",121
"DOLPHD-9449","F",17,"Overseas","SinglePass",10,11,1,0,1,1,0,1,0,0,1,NA,3,3,0,"N","N",96
"DOLPHD-945","M",14,"Overseas","SinglePass",22,9,1,0,0,1,0,0,0,0,3,NA,4,1,1,"N","N",81
"DOLPHD-9450","F",17,"Local","SinglePass",10,11,0,0,1,1,1,0,1,0,1,NA,4,4,0,"N","N",96
"DOLPHD-9455","F",14,"Overseas","MultiPass",10,11,0,0,0,1,0,0,0,0,1,NA,3,4,0,"N","N",121
"DOLPHD-9458","F",19,"Overseas","MultiPass",10,11,0,1,0,1,0,0,1,0,1,NA,2,3,0,"N","N",121
"DOLPHD-946","F",13,"Local","MultiPass",17,8,1,0,0,0,1,0,0,0,0,NA,2,3,1,"Y","N",125
"DOLPHD-9460","F",16,"Local","SinglePass",10,11,1,0,0,2,0,0,0,0,1,NA,4,4,0,"Y","N",46
"DOLPHD-9461","F",13,"Overseas","MultiPass",10,11,0,0,1,2,0,0,0,0,1,NA,4,4,0,"N","N",121
"DOLPHD-9465","F",14,"Local","MultiPass",10,11,1,0,0,2,0,0,0,0,1,NA,2,4,0,"N","N",121
"DOLPHD-9466","F",18,"Local","SinglePass",10,11,1,0,1,2,0,0,0,0,1,NA,4,3,0,"N","Y",71
"DOLPHD-9468","F",13,"Local","MultiPass",10,11,1,0,0,2,0,0,0,0,1,NA,2,3,0,"N","N",121
"DOLPHD-947","M",6,"Local","MultiPass",10,7,0,0,1,0,1,0,1,0,0,NA,4,4,1,"Y","Y",117
"DOLPHD-9470","F",14,"Overseas","SinglePass",10,11,1,0,1,1,1,1,0,0,1,NA,3,4,0,"N","N",146
"DOLPHD-9477","F",15,"Local","SinglePass",10,11,1,1,0,2,0,0,1,0,1,NA,4,3,0,"N","N",121
"DOLPHD-9479","F",15,"Overseas","MultiPass",10,11,0,0,0,2,0,1,0,0,1,NA,4,4,0,"N","N",121
"DOLPHD-948","M",8,"Overseas","SinglePass",10,4,0,0,1,0,1,1,1,0,0,NA,4,3,1,"N","Y",114
"DOLPHD-9480","F",16,"Local","SinglePass",10,11,1,1,0,2,1,0,1,0,1,NA,3,4,0,"N","N",146
"DOLPHD-9482","F",18,"Overseas","MultiPass",10,11,0,1,0,1,1,0,0,0,1,NA,3,4,0,"N","N",121
"DOLPHD-9484","F",16,"Local","SinglePass",10,11,1,0,0,1,0,1,0,0,1,NA,3,3,0,"N","N",71
"DOLPHD-9485","F",17,"Overseas","SinglePass",10,11,0,0,1,2,0,1,0,0,1,NA,2,4,0,"N","N",96
"DOLPHD-9486","F",15,"Local","MultiPass",10,11,1,1,1,2,0,0,1,0,1,NA,2,3,0,"N","N",121
"DOLPHD-9487","F",13,"Local","SinglePass",10,11,0,0,0,2,0,0,1,0,1,NA,2,3,0,"Y","Y",71
"DOLPHD-949","F",8,"Local","SinglePass",10,8,0,0,1,0,1,1,1,0,0,NA,3,4,1,"N","Y",118
"DOLPHD-9490","F",14,"Local","MultiPass",10,11,0,0,1,2,0,0,0,0,1,NA,3,3,0,"N","N",121
"DOLPHD-9493","F",13,"Local","MultiPass",10,11,0,0,1,2,0,1,0,0,1,NA,2,3,0,"Y","Y",121
"DOLPHD-9499","F",19,"Local","SinglePass",10,11,0,0,0,1,0,1,1,0,1,NA,4,4,0,"N","N",96
"DOLPHD-950","M",7,"Local","SinglePass",10,7,0,0,1,1,1,1,1,0,2,NA,3,2,1,"N","Y",142
"DOLPHD-9500","F",13,"Overseas","MultiPass",10,11,1,0,0,2,0,0,1,0,1,NA,3,3,0,"N","Y",121
"DOLPHD-9506","F",19,"Overseas","SinglePass",10,11,1,0,1,2,0,1,0,0,1,NA,2,3,0,"N","Y",96
"DOLPHD-9509","F",18,"Overseas","SinglePass",10,11,1,0,0,1,1,0,0,0,1,NA,3,3,0,"N","N",71
"DOLPHD-951","M",14,"Overseas","SinglePass",12,9,1,0,0,1,0,1,0,0,0,NA,2,4,1,"N","Y",96
"DOLPHD-9510","F",17,"Local","MultiPass",10,11,1,1,0,1,1,0,1,0,1,NA,4,3,0,"N","N",121
"DOLPHD-9513","F",17,"Local","SinglePass",10,11,1,1,1,2,0,1,1,0,1,NA,4,4,0,"N","N",146
"DOLPHD-9516","F",15,"Local","SinglePass",10,11,1,0,0,2,0,0,0,0,1,NA,4,4,0,"N","N",46
"DOLPHD-9518","F",14,"Overseas","MultiPass",10,11,0,0,0,2,0,0,1,0,1,NA,2,3,0,"N","N",121
"DOLPHD-952","F",11,"Local","MultiPass",10,5,0,0,0,0,1,0,0,0,3,NA,4,1,1,"N","N",115
"DOLPHD-9520","F",17,"Local","SinglePass",10,11,1,0,1,1,1,1,0,0,1,NA,4,3,0,"N","Y",146
"DOLPHD-9521","F",14,"Overseas","MultiPass",10,11,1,0,0,2,0,1,1,0,1,NA,3,3,0,"N","N",121
"DOLPHD-9523","F",16,"Local","SinglePass",10,11,1,1,0,1,0,0,1,0,1,NA,4,3,0,"N","Y",96
"DOLPHD-9525","F",15,"Local","MultiPass",10,11,1,0,0,1,0,0,1,0,1,NA,2,4,0,"N","N",121
"DOLPHD-9528","F",18,"Local","MultiPass",10,11,1,1,1,2,0,1,1,0,1,NA,4,3,0,"N","N",121
"DOLPHD-9529","F",13,"Local","SinglePass",10,11,1,0,0,1,0,0,0,0,1,NA,4,4,0,"Y","Y",71
"DOLPHD-953","M",12,"Local","MultiPass",23,5,1,0,0,1,1,1,0,0,0,NA,4,4,1,"N","N",128
"DOLPHD-9531","F",17,"Local","MultiPass",10,11,1,1,0,1,1,1,1,0,1,NA,2,4,0,"N","N",121
"DOLPHD-9532","F",17,"Local","MultiPass",10,11,1,0,1,2,0,1,1,0,1,NA,4,3,0,"N","N",121
"DOLPHD-9538","F",19,"Local","MultiPass",10,11,0,0,0,2,1,0,0,0,1,NA,2,4,0,"N","N",121
"DOLPHD-9539","F",17,"Overseas","MultiPass",10,11,0,0,0,2,1,0,0,0,1,NA,3,4,0,"N","N",121
"DOLPHD-954","M",6,"Overseas","SinglePass",10,6,0,0,1,0,1,0,1,0,2,NA,2,2,1,"N","N",91
"DOLPHD-9542","F",19,"Overseas","MultiPass",10,11,1,1,1,2,0,0,1,0,1,NA,3,3,0,"Y","N",121
"DOLPHD-9544","F",15,"Local","SinglePass",10,11,0,0,1,1,0,1,1,0,1,NA,3,4,0,"N","N",96
"DOLPHD-9546","F",18,"Local","MultiPass",10,11,1,0,1,1,0,1,0,0,1,NA,3,3,0,"N","N",121
"DOLPHD-9548","F",18,"Overseas","SinglePass",10,11,1,0,1,2,0,0,0,0,1,NA,2,4,0,"N","N",71
"DOLPHD-955","F",13,"Local","SinglePass",16,10,1,0,0,0,1,0,0,0,0,NA,3,3,1,"Y","Y",76
"DOLPHD-9551","F",13,"Overseas","SinglePass",10,11,1,0,1,2,1,0,0,0,1,NA,4,3,0,"N","N",121
"DOLPHD-9552","F",16,"Local","MultiPass",10,11,1,0,0,1,0,1,0,0,1,NA,4,4,0,"Y","Y",121
"DOLPHD-9553","F",18,"Local","MultiPass",10,11,0,0,0,2,0,0,0,0,1,NA,2,4,0,"N","Y",121
"DOLPHD-9556","F",18,"Local","MultiPass",10,11,0,0,0,2,0,0,0,0,1,NA,4,4,0,"Y","Y",121
"DOLPHD-9558","F",16,"Local","SinglePass",10,11,0,0,1,2,0,0,1,0,1,NA,4,4,0,"N","Y",71
"DOLPHD-9559","F",13,"Local","MultiPass",10,11,1,0,0,2,0,1,0,0,1,NA,3,4,0,"N","N",121
"DOLPHD-956","M",10,"Local","SinglePass",10,6,0,0,0,0,1,1,0,0,0,NA,3,3,1,"N","N",66
"DOLPHD-9560","F",18,"Overseas","MultiPass",10,11,1,0,0,1,0,1,0,0,1,NA,4,4,0,"N","N",121
"DOLPHD-9561","F",14,"Local","SinglePass",10,11,1,0,0,1,1,0,1,0,1,NA,4,4,0,"N","N",96
"DOLPHD-9562","F",13,"Local","SinglePass",10,11,1,1,1,2,0,1,0,0,1,NA,3,3,0,"Y","Y",121
"DOLPHD-9564","F",14,"Local","SinglePass",10,11,1,1,1,1,0,1,1,0,1,NA,4,4,0,"N","N",146
"DOLPHD-9567","F",13,"Local","MultiPass",10,11,1,0,0,1,0,1,1,0,1,NA,2,4,0,"N","N",121
"DOLPHD-9568","F",16,"Local","SinglePass",10,11,1,0,1,1,1,0,0,0,1,NA,2,4,0,"N","N",121
"DOLPHD-957","M",11,"Overseas","SinglePass",10,7,0,0,0,1,1,1,0,0,3,NA,2,2,1,"N","Y",92
"DOLPHD-9570","F",19,"Local","MultiPass",10,11,1,1,1,1,1,1,0,0,1,NA,3,4,0,"N","N",121
"DOLPHD-9574","F",13,"Local","MultiPass",10,11,1,0,0,1,0,0,0,0,1,NA,2,4,0,"N","N",121
"DOLPHD-9575","F",18,"Overseas","SinglePass",10,11,0,0,1,1,1,0,0,0,1,NA,4,4,0,"N","N",71
"DOLPHD-9577","F",14,"Local","MultiPass",10,11,1,0,1,1,0,0,0,0,1,NA,3,4,0,"N","N",121
"DOLPHD-9578","F",16,"Overseas","SinglePass",10,11,0,0,0,1,0,0,0,0,1,NA,2,3,0,"N","N",21
"DOLPHD-958","F",13,"Local","MultiPass",15,10,1,0,0,1,1,1,0,0,3,NA,2,2,1,"N","N",125
"DOLPHD-9580","F",15,"Local","MultiPass",10,11,0,0,1,1,0,0,0,0,1,NA,3,3,0,"N","Y",121
"DOLPHD-9581","F",13,"Overseas","MultiPass",10,11,0,1,0,1,0,0,1,0,1,NA,4,3,0,"Y","Y",121
"DOLPHD-9582","F",14,"Local","SinglePass",10,11,0,0,0,2,1,0,1,0,1,NA,3,4,0,"N","N",96
"DOLPHD-9583","F",16,"Local","SinglePass",10,11,0,1,0,2,0,1,1,0,1,NA,3,3,0,"N","Y",121
"DOLPHD-9584","F",17,"Overseas","MultiPass",10,11,1,1,0,1,0,0,0,0,1,NA,3,4,0,"N","Y",121
"DOLPHD-9585","F",17,"Local","SinglePass",10,11,1,0,0,2,0,1,1,0,1,NA,2,3,0,"N","N",96
"DOLPHD-9586","F",13,"Local","SinglePass",10,11,0,0,1,1,0,1,0,0,1,NA,3,4,0,"N","N",96
"DOLPHD-9588","F",17,"Local","MultiPass",10,11,1,0,0,1,0,1,0,0,1,NA,2,4,0,"N","N",121
"DOLPHD-9589","F",14,"Local","SinglePass",10,11,1,0,1,2,0,0,1,0,1,NA,2,4,0,"Y","Y",96
"DOLPHD-959","M",14,"Local","MultiPass",14,10,1,0,0,1,0,0,0,0,0,NA,4,3,1,"N","N",124
"DOLPHD-9591","F",19,"Local","MultiPass",10,11,1,0,1,2,0,1,0,0,1,NA,2,4,0,"N","N",121
"DOLPHD-9595","F",19,"Local","MultiPass",10,11,1,0,0,1,0,1,0,0,1,NA,3,3,0,"N","N",121
"DOLPHD-9597","F",14,"Local","SinglePass",10,11,0,1,1,2,1,1,1,0,1,NA,4,3,0,"N","N",146
"DOLPHD-9598","F",17,"Local","MultiPass",10,11,1,1,0,1,1,0,0,0,1,NA,4,4,0,"Y","Y",121
"DOLPHD-9599","F",18,"Overseas","SinglePass",10,11,1,1,0,2,0,0,1,0,1,NA,2,4,0,"N","N",121
"DOLPHD-960","M",6,"Overseas","SinglePass",10,9,0,0,1,1,1,1,1,0,3,NA,3,1,1,"N","N",144
"DOLPHD-9601","F",17,"Local","MultiPass",10,11,0,0,0,1,1,0,0,0,1,NA,3,4,0,"N","N",121
"DOLPHD-9602","F",17,"Overseas","MultiPass",10,11,1,0,0,2,1,1,1,0,1,NA,3,4,0,"N","N",121
"DOLPHD-9603","F",19,"Local","SinglePass",10,11,1,0,0,2,0,0,0,0,1,NA,2,4,0,"N","N",46
"DOLPHD-9605","F",17,"Overseas","MultiPass",10,11,1,0,0,2,1,1,0,0,1,NA,4,4,0,"N","N",121
"DOLPHD-961","F",14,"Local","SinglePass",25,4,1,0,0,0,0,1,0,0,0,NA,3,3,1,"Y","Y",79
"DOLPHD-9610","F",17,"Local","SinglePass",10,11,1,0,1,2,1,1,0,0,1,NA,2,3,0,"Y","Y",146
"DOLPHD-9612","F",15,"Local","MultiPass",10,11,1,0,1,1,0,0,0,0,1,NA,4,3,0,"N","N",121
"DOLPHD-9617","F",19,"Overseas","SinglePass",10,11,1,0,1,2,1,1,0,0,1,NA,2,4,0,"N","Y",146
"DOLPHD-9618","F",18,"Local","SinglePass",10,11,1,0,1,1,0,1,0,0,1,NA,3,4,0,"N","N",96
"DOLPHD-962","M",10,"Local","SinglePass",10,5,0,0,0,1,1,1,0,0,2,NA,4,1,1,"N","N",90
"DOLPHD-9620","F",19,"Overseas","SinglePass",10,11,1,0,0,1,1,0,0,0,1,NA,4,3,0,"N","N",96
"DOLPHD-9621","F",16,"Local","SinglePass",10,11,1,1,1,1,0,0,1,0,1,NA,3,4,0,"N","N",121
"DOLPHD-9622","F",19,"Local","MultiPass",10,11,0,1,1,2,0,1,0,0,1,NA,3,3,0,"Y","Y",121
"DOLPHD-9625","F",13,"Local","SinglePass",10,11,1,0,1,1,0,1,1,0,1,NA,3,4,0,"N","N",146
"DOLPHD-9628","F",19,"Local","SinglePass",10,11,1,0,1,1,0,0,1,0,1,NA,2,4,0,"Y","Y",121
"DOLPHD-9629","F",18,"Overseas","MultiPass",10,11,1,0,1,1,0,1,1,0,1,NA,4,3,0,"Y","Y",121
"DOLPHD-963","M",12,"Overseas","SinglePass",18,9,1,0,0,0,1,1,0,0,0,NA,3,4,1,"N","N",102
"DOLPHD-9630","F",18,"Local","MultiPass",10,11,0,0,0,2,0,1,0,0,1,NA,4,4,0,"N","N",121
"DOLPHD-9634","F",14,"Local","SinglePass",10,11,0,0,0,2,1,1,0,0,1,NA,2,3,0,"Y","Y",96
"DOLPHD-9635","F",18,"Overseas","SinglePass",10,11,1,0,0,1,1,1,0,0,1,NA,2,3,0,"N","N",121
"DOLPHD-9636","F",16,"Local","MultiPass",10,11,0,0,0,2,0,1,1,0,1,NA,4,4,0,"N","N",121
"DOLPHD-9638","F",18,"Overseas","SinglePass",10,11,1,1,1,1,0,1,1,0,1,NA,3,3,0,"N","N",146
"DOLPHD-9639","F",13,"Local","SinglePass",10,11,0,0,1,1,0,1,0,0,1,NA,2,3,0,"N","N",96
"DOLPHD-964","F",6,"Local","MultiPass",10,5,0,0,1,1,1,1,1,0,3,NA,4,1,1,"N","N",115
"DOLPHD-9640","F",16,"Local","MultiPass",10,11,1,0,0,1,0,1,0,0,1,NA,2,3,0,"N","N",121
"DOLPHD-9641","F",17,"Overseas","SinglePass",10,11,1,1,0,1,0,1,0,0,1,NA,2,4,0,"N","N",121
"DOLPHD-9643","F",18,"Local","MultiPass",10,11,1,0,0,1,0,1,0,0,1,NA,3,4,0,"N","Y",121
"DOLPHD-9644","F",14,"Overseas","MultiPass",10,11,0,0,1,1,0,1,0,0,1,NA,4,3,0,"N","N",121
"DOLPHD-9646","F",14,"Local","SinglePass",10,11,1,1,0,1,0,0,1,0,1,NA,2,3,0,"N","N",96
"DOLPHD-9648","F",18,"Local","SinglePass",10,11,0,0,0,1,0,1,0,0,1,NA,2,4,0,"Y","Y",71
"DOLPHD-9649","F",18,"Local","SinglePass",10,11,0,1,0,2,1,0,0,0,1,NA,3,4,0,"N","N",96
"DOLPHD-965","M",12,"Local","MultiPass",13,4,1,0,0,1,1,1,0,0,0,NA,3,4,1,"N","N",117
"DOLPHD-9650","M",15,"Overseas","MultiPass",10,11,1,1,0,1,0,1,1,0,1,NA,4,3,0,"Y","Y",121
"DOLPHD-9652","M",13,"Local","SinglePass",10,11,1,1,1,1,1,0,0,0,1,NA,2,4,0,"N","N",146
"DOLPHD-9653","M",18,"Overseas","SinglePass",10,11,0,0,0,1,0,0,0,0,1,NA,3,4,0,"N","N",21
"DOLPHD-9654","M",16,"Local","MultiPass",10,11,0,0,1,2,1,1,1,0,1,NA,3,3,0,"N","N",121
"DOLPHD-9655","M",13,"Local","SinglePass",10,11,0,0,0,1,0,0,0,0,1,NA,4,3,0,"N","N",46
"DOLPHD-9656","M",15,"Overseas","SinglePass",10,11,1,0,1,1,1,1,1,0,1,NA,2,4,0,"N","N",146
"DOLPHD-9657","M",19,"Local","MultiPass",10,11,1,0,0,2,0,0,0,0,1,NA,4,3,0,"Y","Y",121
"DOLPHD-966","M",11,"Overseas","SinglePass",10,8,0,0,0,0,1,0,0,0,0,NA,3,4,1,"N","N",43
"DOLPHD-9660","M",17,"Local","SinglePass",10,11,0,0,1,2,1,0,1,0,1,NA,4,4,0,"N","N",96
"DOLPHD-9661","M",16,"Local","MultiPass",10,11,1,0,1,2,0,1,0,0,1,NA,3,3,0,"N","N",121
"DOLPHD-9666","M",14,"Local","SinglePass",10,11,1,0,0,2,1,1,0,0,1,NA,3,3,0,"Y","Y",121
"DOLPHD-9667","M",13,"Local","SinglePass",10,11,0,0,0,1,0,0,0,0,1,NA,2,4,0,"N","N",21
"DOLPHD-9668","M",13,"Overseas","MultiPass",10,11,0,0,1,2,0,0,1,0,1,NA,2,3,0,"N","N",121
"DOLPHD-967","F",7,"Local","SinglePass",10,6,0,0,1,0,1,0,1,0,0,NA,4,3,1,"N","N",91
"DOLPHD-9673","M",17,"Local","SinglePass",10,11,1,1,0,2,0,1,1,0,1,NA,2,4,0,"N","N",121
"DOLPHD-9676","M",15,"Local","SinglePass",10,11,1,0,0,2,0,1,0,0,1,NA,4,4,0,"N","Y",71
"DOLPHD-9677","M",16,"Overseas","SinglePass",10,11,1,0,0,1,0,1,0,0,1,NA,4,3,0,"N","N",71
"DOLPHD-9679","M",18,"Local","MultiPass",10,11,1,0,1,2,0,1,0,0,1,NA,3,4,0,"N","N",121
"DOLPHD-968","M",7,"Local","SinglePass",10,7,0,0,1,0,1,0,1,0,3,NA,2,2,1,"N","N",92
"DOLPHD-9683","M",15,"Overseas","SinglePass",10,11,1,0,1,1,0,1,0,0,1,NA,4,3,0,"N","N",96
"DOLPHD-9685","M",19,"Local","MultiPass",10,11,1,0,0,2,0,1,0,0,1,NA,2,4,0,"N","N",121
"DOLPHD-9687","M",19,"Local","SinglePass",10,11,0,0,0,1,0,1,0,0,1,NA,2,3,0,"N","N",71
"DOLPHD-9688","M",15,"Local","SinglePass",10,11,1,1,0,2,0,0,0,0,1,NA,4,4,0,"N","Y",71
"DOLPHD-9689","M",19,"Overseas","MultiPass",10,11,0,0,0,2,1,0,1,0,1,NA,3,4,0,"Y","Y",121
"DOLPHD-969","M",12,"Overseas","SinglePass",24,8,1,0,0,0,1,1,0,0,0,NA,4,3,1,"N","N",107
"DOLPHD-9693","M",19,"Local","MultiPass",10,11,1,0,0,2,0,1,0,0,1,NA,4,3,0,"N","N",121
"DOLPHD-9694","M",19,"Local","SinglePass",10,11,1,0,0,1,0,1,0,0,1,NA,3,4,0,"N","N",96
"DOLPHD-9695","M",14,"Overseas","SinglePass",10,11,1,1,0,1,0,1,0,0,1,NA,2,3,0,"N","N",121
"DOLPHD-970","F",11,"Local","MultiPass",10,10,0,0,0,0,1,0,0,0,2,NA,4,2,1,"N","N",120
"DOLPHD-9702","M",15,"Local","SinglePass",10,11,1,1,1,2,0,1,0,0,1,NA,3,3,0,"Y","Y",146
"DOLPHD-9703","M",19,"Local","MultiPass",10,11,1,0,0,1,0,0,0,0,1,NA,3,4,0,"N","Y",121
"DOLPHD-9704","M",17,"Overseas","SinglePass",10,11,0,0,1,1,0,0,0,0,1,NA,2,4,0,"N","Y",71
"DOLPHD-9705","M",19,"Local","SinglePass",10,11,1,0,1,2,0,1,1,0,1,NA,3,3,0,"N","Y",146
"DOLPHD-9709","M",16,"Local","SinglePass",10,11,0,0,0,2,0,0,1,0,1,NA,3,4,0,"N","Y",71
"DOLPHD-971","M",14,"Local","MultiPass",23,7,1,0,0,0,0,0,0,0,2,NA,3,2,1,"N","N",130
"DOLPHD-9710","M",18,"Overseas","MultiPass",10,11,1,0,0,2,0,0,0,0,1,NA,3,3,0,"Y","Y",121
"DOLPHD-9712","M",15,"Local","SinglePass",10,11,1,0,0,2,0,1,1,0,1,NA,3,3,0,"N","Y",96
"DOLPHD-9714","M",19,"Local","MultiPass",10,11,1,0,0,1,0,1,1,0,1,NA,3,4,0,"N","N",121
"DOLPHD-9715","M",13,"Local","SinglePass",10,11,0,0,1,1,0,0,0,0,1,NA,3,3,0,"N","N",71
"DOLPHD-9719","M",13,"Overseas","SinglePass",10,11,1,0,0,1,0,0,1,0,1,NA,4,4,0,"N","N",96
"DOLPHD-972","M",13,"Overseas","SinglePass",12,6,1,0,0,0,1,1,0,0,0,NA,4,4,1,"N","Y",93
"DOLPHD-9720","M",14,"Local","MultiPass",10,11,0,0,0,2,1,1,0,0,1,NA,3,3,0,"N","N",121
"DOLPHD-9722","M",17,"Overseas","SinglePass",10,11,0,0,0,2,1,1,1,0,1,NA,3,3,0,"N","N",96
"DOLPHD-9723","M",15,"Local","SinglePass",10,11,1,0,1,1,0,0,1,0,1,NA,3,4,0,"Y","Y",121
"DOLPHD-9724","M",15,"Local","MultiPass",10,11,1,1,0,1,0,1,1,0,1,NA,4,4,0,"N","N",121
"DOLPHD-9726","M",14,"Local","SinglePass",10,11,0,0,0,2,0,0,0,0,1,NA,2,4,0,"N","N",46
"DOLPHD-973","F",11,"Local","SinglePass",10,7,0,0,0,0,1,1,0,0,3,NA,3,2,1,"N","N",67
"DOLPHD-9732","M",13,"Local","SinglePass",10,11,1,1,1,1,1,1,1,0,1,NA,3,4,0,"N","N",171
"DOLPHD-9734","M",15,"Overseas","MultiPass",10,11,1,0,0,1,0,0,1,0,1,NA,2,4,0,"N","N",121
"DOLPHD-9735","M",14,"Local","MultiPass",10,11,1,0,0,2,0,0,0,0,1,NA,3,4,0,"N","Y",121
"DOLPHD-9736","M",17,"Local","SinglePass",10,11,1,0,0,2,0,1,0,0,1,NA,4,4,0,"N","N",96
"DOLPHD-9737","M",19,"Overseas","SinglePass",10,11,1,1,1,2,0,1,0,0,1,NA,2,4,0,"N","N",146
"DOLPHD-9738","M",17,"Local","MultiPass",10,11,0,0,1,2,0,1,0,0,1,NA,2,3,0,"N","N",121
"DOLPHD-9739","M",18,"Local","SinglePass",10,11,1,0,0,2,0,1,0,0,1,NA,2,3,0,"N","N",71
"DOLPHD-974","M",12,"Local","SinglePass",25,10,1,0,0,1,1,1,0,0,0,NA,3,3,1,"N","N",135
"DOLPHD-9741","M",15,"Local","MultiPass",10,11,0,0,0,2,0,1,1,0,1,NA,4,4,0,"Y","Y",121
"DOLPHD-9742","M",15,"Local","MultiPass",10,11,1,0,1,2,0,0,0,0,1,NA,2,4,0,"N","N",121
"DOLPHD-9744","M",13,"Local","SinglePass",10,11,0,0,0,2,0,0,0,0,1,NA,4,3,0,"N","N",46
"DOLPHD-9747","M",15,"Local","SinglePass",10,11,1,0,0,2,0,1,1,0,1,NA,2,4,0,"N","N",121
"DOLPHD-9749","M",16,"Overseas","MultiPass",10,11,0,1,1,2,0,1,0,0,1,NA,4,3,0,"N","Y",121
"DOLPHD-975","M",7,"Overseas","SinglePass",10,7,0,0,1,1,1,1,1,0,0,NA,4,4,1,"Y","Y",142
"DOLPHD-9750","M",14,"Local","SinglePass",10,11,1,0,0,2,0,0,0,0,1,NA,4,4,0,"N","N",46
"DOLPHD-9751","M",15,"Local","SinglePass",10,11,1,0,0,2,0,1,0,0,1,NA,2,3,0,"N","N",71
"DOLPHD-9753","M",13,"Local","SinglePass",10,11,1,0,1,2,0,0,0,0,1,NA,3,3,0,"N","Y",71
"DOLPHD-9755","M",18,"Overseas","MultiPass",10,11,0,0,1,1,0,0,1,0,1,NA,2,3,0,"N","Y",121
"DOLPHD-9756","M",15,"Local","MultiPass",10,11,1,0,1,2,0,0,1,0,1,NA,4,3,0,"N","N",121
"DOLPHD-9757","M",16,"Local","SinglePass",10,11,0,0,0,1,0,0,1,0,1,NA,2,3,0,"N","N",71
"DOLPHD-976","F",8,"Local","MultiPass",0,9,0,0,1,1,1,0,1,0,0,NA,4,3,1,"N","N",109
"DOLPHD-9760","M",17,"Local","SinglePass",10,11,1,0,0,2,0,1,0,0,1,NA,3,4,0,"N","Y",96
"DOLPHD-9763","M",19,"Local","MultiPass",10,11,1,0,0,1,0,1,1,0,1,NA,4,3,0,"N","N",121
"DOLPHD-9765","M",16,"Local","SinglePass",10,11,0,0,0,1,0,0,0,0,1,NA,2,3,0,"N","N",46
"DOLPHD-9766","M",14,"Local","MultiPass",10,11,1,1,0,1,0,0,0,0,1,NA,3,3,0,"N","N",121
"DOLPHD-9769","M",15,"Local","MultiPass",10,11,1,0,0,2,1,1,1,0,1,NA,4,4,0,"N","Y",121
"DOLPHD-977","M",7,"Local","MultiPass",0,6,0,0,1,0,1,0,1,0,0,NA,4,3,1,"N","N",106
"DOLPHD-9771","M",16,"Local","SinglePass",10,11,0,0,1,1,0,0,0,0,1,NA,2,4,0,"N","N",46
"DOLPHD-9777","M",15,"Local","MultiPass",10,11,0,1,0,1,1,0,0,0,1,NA,3,4,0,"N","Y",121
"DOLPHD-978","M",7,"Overseas","SinglePass",0,7,0,0,1,1,1,0,1,0,0,NA,4,4,1,"N","N",107
"DOLPHD-9780","M",13,"Local","MultiPass",10,11,0,0,0,1,1,1,0,0,1,NA,3,4,0,"N","N",121
"DOLPHD-9781","M",18,"Local","SinglePass",10,11,1,1,0,1,1,0,1,0,1,NA,2,3,0,"N","Y",146
"DOLPHD-9782","M",14,"Overseas","SinglePass",10,11,0,1,0,2,1,0,0,0,1,NA,2,3,0,"N","Y",96
"DOLPHD-979","F",9,"Overseas","SinglePass",0,8,0,0,1,0,1,0,1,0,0,NA,2,3,1,"Y","Y",83
"DOLPHD-9792","M",18,"Local","SinglePass",10,11,1,1,0,2,0,0,0,0,1,NA,2,3,0,"N","Y",71
"DOLPHD-9793","M",15,"Local","SinglePass",10,11,0,0,1,2,0,0,1,0,1,NA,4,4,0,"N","N",96
"DOLPHD-9794","M",13,"Overseas","MultiPass",10,11,0,0,0,1,0,1,1,0,1,NA,4,4,0,"N","Y",121
"DOLPHD-9795","M",19,"Local","SinglePass",10,11,1,1,0,2,1,0,0,0,1,NA,3,4,0,"N","N",121
"DOLPHD-9797","M",18,"Overseas","MultiPass",10,11,1,0,1,1,0,1,0,0,1,NA,3,4,0,"N","N",121
"DOLPHD-9798","M",16,"Local","MultiPass",10,11,1,0,0,2,0,1,1,0,1,NA,2,3,0,"N","N",121
"DOLPHD-980","M",7,"Overseas","SinglePass",0,4,0,0,1,1,1,1,1,0,3,NA,3,1,1,"N","N",129
"DOLPHD-9800","M",17,"Overseas","SinglePass",10,11,0,1,0,2,1,0,1,0,1,NA,2,4,0,"N","N",96
"DOLPHD-9806","M",17,"Overseas","SinglePass",10,11,0,1,1,1,0,0,0,0,1,NA,3,3,0,"N","N",96
"DOLPHD-9809","M",13,"Overseas","SinglePass",10,11,1,1,1,1,0,0,1,0,1,NA,4,4,0,"Y","Y",146
"DOLPHD-981","M",12,"Overseas","SinglePass",0,5,1,0,0,0,1,1,0,0,2,NA,4,1,1,"N","N",80
"DOLPHD-9810","M",17,"Local","SinglePass",10,11,1,0,1,1,1,1,0,0,1,NA,2,4,0,"N","N",146
"DOLPHD-9811","M",16,"Local","MultiPass",10,11,0,0,0,1,0,1,0,0,1,NA,4,4,0,"N","N",121
"DOLPHD-9814","M",13,"Local","SinglePass",10,11,1,1,0,2,0,0,1,0,1,NA,4,4,0,"N","Y",96
"DOLPHD-982","F",13,"Overseas","MultiPass",0,9,1,0,0,0,1,1,0,0,0,NA,3,3,1,"N","N",109
"DOLPHD-9820","M",14,"Local","SinglePass",10,11,1,0,1,1,0,1,0,0,1,NA,4,4,0,"N","N",121
"DOLPHD-9821","M",16,"Overseas","SinglePass",10,11,0,0,0,1,0,0,0,0,1,NA,2,3,0,"N","Y",46
"DOLPHD-9822","M",17,"Local","MultiPass",10,11,1,1,1,2,1,0,0,0,1,NA,4,4,0,"N","N",121
"DOLPHD-9826","M",13,"Local","MultiPass",10,11,0,0,0,2,0,1,1,0,1,NA,4,4,0,"Y","Y",121
"DOLPHD-9827","M",18,"Overseas","SinglePass",10,11,1,0,0,2,1,0,1,0,1,NA,3,4,0,"N","N",121
"DOLPHD-9828","M",16,"Local","SinglePass",10,11,0,0,0,2,0,1,1,0,1,NA,3,3,0,"N","N",96
"DOLPHD-9829","M",15,"Local","MultiPass",10,11,0,0,0,1,0,0,0,0,1,NA,4,4,0,"N","N",121
"DOLPHD-983","M",11,"Overseas","MultiPass",0,9,0,0,0,1,1,0,0,0,3,NA,3,2,1,"N","N",109
"DOLPHD-9831","M",18,"Local","SinglePass",10,11,1,0,1,2,0,0,0,0,1,NA,2,4,0,"N","N",96
"DOLPHD-9832","M",16,"Local","MultiPass",10,11,0,0,1,1,1,0,0,0,1,NA,4,3,0,"N","Y",121
"DOLPHD-9833","M",19,"Overseas","MultiPass",10,11,1,0,0,2,0,0,1,0,1,NA,3,4,0,"N","Y",121
"DOLPHD-9835","M",14,"Local","SinglePass",10,11,1,0,0,2,0,1,1,0,1,NA,4,4,0,"Y","Y",121
"DOLPHD-9836","M",19,"Overseas","MultiPass",10,11,1,1,0,2,0,1,0,0,1,NA,2,3,0,"Y","N",121
"DOLPHD-9837","M",14,"Local","SinglePass",10,11,0,0,0,2,0,0,0,0,1,NA,3,3,0,"N","Y",46
"DOLPHD-984","M",11,"Overseas","SinglePass",0,0,0,0,0,0,1,1,0,0,2,NA,3,2,1,"Y","Y",50
"DOLPHD-9841","M",13,"Local","SinglePass",10,11,1,0,1,1,0,0,0,0,1,NA,4,4,0,"N","Y",96
"DOLPHD-9845","M",18,"Overseas","SinglePass",10,11,1,1,1,1,0,1,0,0,1,NA,2,3,0,"N","N",146
"DOLPHD-9847","M",14,"Local","MultiPass",10,11,1,1,0,1,0,1,0,0,1,NA,2,4,0,"N","N",121
"DOLPHD-985","F",11,"Overseas","SinglePass",15,0,0,0,0,1,1,1,0,0,2,NA,4,2,1,"N","N",90
"DOLPHD-9850","M",19,"Local","MultiPass",10,11,0,0,1,2,0,0,0,0,1,NA,3,3,0,"N","N",121
"DOLPHD-9854","M",23,"Overseas","MultiPass",5,16,1,0,1,2,0,0,0,0,1,NA,2,3,0,"Y","Y",121
"DOLPHD-9856","M",25,"Local","SinglePass",5,16,1,0,0,1,0,0,0,0,1,NA,2,4,0,"N","N",71
"DOLPHD-9858","M",22,"Local","SinglePass",5,16,1,0,0,2,0,1,0,0,1,NA,4,4,0,"N","Y",96
"DOLPHD-986","M",6,"Overseas","SinglePass",0,0,0,0,1,0,1,1,1,0,3,NA,3,1,1,"N","N",100
"DOLPHD-9864","M",24,"Local","MultiPass",5,16,1,0,1,2,0,0,0,0,1,NA,4,3,0,"N","Y",121
"DOLPHD-9868","M",24,"Local","MultiPass",5,16,1,0,0,2,1,0,1,0,1,NA,2,3,0,"N","Y",121
"DOLPHD-9869","M",20,"Overseas","SinglePass",5,16,1,0,1,2,0,0,0,0,1,NA,4,4,0,"N","N",71
"DOLPHD-987","M",6,"Overseas","SinglePass",0,0,0,0,1,1,1,1,1,0,3,NA,4,2,1,"N","N",125
"DOLPHD-9871","M",22,"Local","MultiPass",5,16,0,0,0,1,0,0,0,0,1,NA,4,3,0,"N","Y",121
"DOLPHD-9877","M",23,"Local","SinglePass",5,16,0,0,0,1,1,1,0,0,1,NA,4,3,0,"N","N",96
"DOLPHD-988","F",12,"Overseas","MultiPass",0,0,1,0,0,0,1,1,0,0,1,NA,4,3,1,"N","Y",100
"DOLPHD-9880","M",25,"Local","SinglePass",5,16,1,0,1,2,0,0,1,0,1,NA,2,4,0,"N","N",96
"DOLPHD-9883","M",24,"Local","SinglePass",5,16,0,0,0,2,0,0,0,0,1,NA,4,4,0,"N","N",46
"DOLPHD-9885","M",24,"Local","MultiPass",5,16,0,0,0,1,0,0,1,0,1,NA,3,3,0,"N","Y",121
"DOLPHD-9887","M",23,"Overseas","SinglePass",5,16,0,0,0,1,1,0,1,0,1,NA,3,4,0,"Y","Y",96
"DOLPHD-989","M",10,"Overseas","MultiPass",0,0,0,0,0,1,1,0,0,0,1,NA,4,3,1,"N","N",100
"DOLPHD-9892","M",24,"Local","MultiPass",5,16,1,0,0,1,0,1,0,0,1,NA,3,4,0,"N","N",121
"DOLPHD-9893","M",22,"Overseas","SinglePass",5,16,1,1,0,1,0,0,0,0,1,NA,2,4,0,"N","N",71
"DOLPHD-9895","M",21,"Local","MultiPass",5,16,1,0,0,2,0,1,1,0,1,NA,3,4,0,"N","Y",121
"DOLPHD-9896","M",25,"Overseas","MultiPass",5,16,0,0,1,2,1,1,0,0,1,NA,4,3,0,"N","N",121
"DOLPHD-9897","M",24,"Local","SinglePass",5,16,1,0,1,1,1,1,1,0,1,NA,3,3,0,"N","N",171
"DOLPHD-9899","M",20,"Overseas","MultiPass",5,16,0,0,0,2,0,0,0,0,1,NA,2,4,0,"N","Y",121
"DOLPHD-990","M",13,"Overseas","SinglePass",0,0,1,0,0,1,1,1,0,0,1,NA,2,4,1,"N","N",100
"DOLPHD-9900","M",21,"Local","SinglePass",5,16,0,0,0,2,0,0,0,0,1,NA,2,4,0,"N","Y",46
"DOLPHD-9903","M",24,"Local","MultiPass",5,16,1,0,1,1,0,0,0,0,1,NA,3,4,0,"N","N",121
"DOLPHD-9908","M",24,"Overseas","SinglePass",5,16,0,0,1,1,0,1,0,0,1,NA,4,3,0,"N","N",96
"DOLPHD-991","F",14,"Overseas","SinglePass",0,0,1,0,0,1,0,0,0,0,1,NA,3,4,1,"N","N",50
"DOLPHD-9912","M",23,"Local","SinglePass",5,16,0,1,0,2,0,0,1,0,1,NA,3,4,0,"N","N",96
"DOLPHD-9913","M",21,"Local","MultiPass",5,16,0,0,1,1,0,1,1,0,1,NA,2,3,0,"N","N",121
"DOLPHD-9914","M",21,"Overseas","SinglePass",5,16,1,0,0,2,0,1,0,0,1,NA,2,3,0,"Y","Y",96
"DOLPHD-9915","M",22,"Local","SinglePass",5,16,0,0,0,2,0,1,0,0,1,NA,4,3,0,"N","N",71
"DOLPHD-9916","M",23,"Local","MultiPass",5,16,1,0,0,1,0,0,0,0,1,NA,4,3,0,"N","N",121
"DOLPHD-9917","M",22,"Overseas","MultiPass",5,16,1,1,1,2,0,1,0,0,1,NA,4,3,0,"N","N",121
"DOLPHD-9918","M",22,"Local","SinglePass",5,16,0,0,0,2,0,1,0,0,1,NA,2,3,0,"N","N",46
"DOLPHD-992","M",10,"Overseas","SinglePass",0,0,0,0,0,0,1,0,0,0,3,NA,3,1,1,"N","N",25
"DOLPHD-9921","M",23,"Local","SinglePass",5,16,1,0,1,2,0,0,1,0,1,NA,2,4,0,"N","Y",121
"DOLPHD-9926","M",25,"Overseas","SinglePass",5,16,0,0,0,1,0,1,1,0,1,NA,2,3,0,"N","Y",96
"DOLPHD-9928","M",25,"Local","SinglePass",5,16,1,0,0,1,1,0,1,0,1,NA,3,3,0,"N","N",121
"DOLPHD-993","M",11,"Overseas","SinglePass",0,0,0,0,0,0,1,0,0,0,3,NA,4,1,1,"N","Y",25
"DOLPHD-9931","M",20,"Local","MultiPass",5,16,1,1,0,2,1,1,1,0,1,NA,4,4,0,"N","Y",121
"DOLPHD-9932","M",22,"Overseas","SinglePass",5,16,1,0,0,2,0,0,1,0,1,NA,3,4,0,"N","N",71
"DOLPHD-9933","M",22,"Local","SinglePass",5,16,1,1,1,1,0,1,0,0,1,NA,2,3,0,"N","N",121
"DOLPHD-9935","M",22,"Overseas","SinglePass",5,16,0,0,0,2,0,1,0,0,1,NA,2,3,0,"N","Y",71
"DOLPHD-9936","M",20,"Local","SinglePass",5,16,0,1,1,1,1,1,0,0,1,NA,3,3,0,"N","N",146
"DOLPHD-9938","M",21,"Overseas","MultiPass",5,16,1,0,0,2,0,1,1,0,1,NA,3,3,0,"N","N",121
"DOLPHD-9939","M",21,"Local","SinglePass",5,16,1,1,0,2,0,0,0,0,1,NA,4,4,0,"N","Y",96
"DOLPHD-994","F",10,"Overseas","MultiPass",0,0,0,0,0,0,1,1,0,0,3,NA,2,2,1,"N","N",100
"DOLPHD-9940","M",23,"Local","SinglePass",5,16,1,0,1,2,0,0,1,0,1,NA,2,3,0,"N","Y",121
"DOLPHD-9941","M",21,"Overseas","MultiPass",5,16,0,0,1,1,0,0,0,0,1,NA,4,4,0,"N","N",121
"DOLPHD-9942","M",20,"Local","SinglePass",5,16,1,0,0,1,0,0,0,0,1,NA,3,4,0,"N","N",46
"DOLPHD-9943","M",20,"Local","SinglePass",5,16,0,0,1,2,0,1,1,0,1,NA,4,4,0,"N","N",121
"DOLPHD-9944","M",23,"Overseas","MultiPass",5,16,0,0,0,2,0,0,0,0,1,NA,3,3,0,"N","N",121
"DOLPHD-9947","M",23,"Overseas","SinglePass",5,16,1,0,1,1,1,1,1,0,1,NA,4,3,0,"N","Y",146
"DOLPHD-9949","M",23,"Local","SinglePass",5,16,0,0,0,2,0,0,1,0,1,NA,2,3,0,"N","N",46
"DOLPHD-995","M",14,"Overseas","MultiPass",15,0,1,0,0,0,0,1,0,0,1,NA,2,3,1,"N","Y",115
"DOLPHD-9951","M",22,"Local","MultiPass",5,16,1,0,0,2,0,1,0,0,1,NA,4,3,0,"N","N",121
"DOLPHD-9952","M",24,"Local","MultiPass",5,16,0,0,0,1,0,1,0,0,1,NA,3,4,0,"N","N",121
"DOLPHD-9954","M",25,"Local","SinglePass",5,16,0,0,1,2,0,1,1,0,1,NA,3,3,0,"N","N",96
"DOLPHD-9956","M",20,"Overseas","SinglePass",5,16,0,0,1,1,0,1,0,0,1,NA,2,4,0,"N","N",96
"DOLPHD-9957","M",22,"Local","SinglePass",5,16,1,1,1,2,0,0,0,0,1,NA,3,3,0,"N","N",121
"DOLPHD-9959","M",24,"Overseas","MultiPass",5,16,1,0,0,2,0,0,1,0,1,NA,4,4,0,"Y","Y",121
"DOLPHD-996","M",13,"Overseas","SinglePass",15,0,1,0,0,0,1,1,0,0,1,NA,4,4,1,"N","Y",90
"DOLPHD-9960","M",23,"Local","SinglePass",5,16,1,0,0,2,0,1,1,0,1,NA,3,4,0,"N","Y",96
"DOLPHD-9965","M",25,"Overseas","MultiPass",5,16,1,0,1,1,0,0,0,0,1,NA,2,4,0,"N","N",121
"DOLPHD-9969","M",20,"Local","MultiPass",5,16,0,0,1,1,1,0,0,0,1,NA,3,3,0,"N","N",121
"DOLPHD-997","F",14,"Overseas","SinglePass",15,0,1,0,0,0,0,0,0,0,3,NA,4,2,1,"N","N",40
"DOLPHD-9971","M",22,"Overseas","SinglePass",5,16,1,0,0,1,0,0,0,0,1,NA,2,4,0,"N","N",71
"DOLPHD-9974","M",22,"Overseas","SinglePass",5,16,1,0,1,2,1,0,0,0,1,NA,4,4,0,"N","Y",96
"DOLPHD-9975","M",20,"Local","SinglePass",5,16,0,0,0,1,0,1,1,0,1,NA,3,4,0,"N","N",71
"DOLPHD-9976","M",21,"Local","MultiPass",5,16,0,0,1,2,0,0,0,0,1,NA,2,3,0,"N","Y",121
"DOLPHD-9978","M",22,"Local","SinglePass",5,16,1,0,1,2,0,0,0,0,1,NA,2,3,0,"N","N",71
"DOLPHD-9979","M",22,"Local","MultiPass",5,16,0,0,0,2,1,1,0,0,1,NA,2,3,0,"N","N",121
"DOLPHD-998","M",6,"Overseas","SinglePass",0,0,0,0,1,0,1,0,1,0,1,NA,2,4,1,"Y","Y",75
"DOLPHD-9980","M",25,"Overseas","MultiPass",5,16,1,0,0,1,0,0,0,0,1,NA,3,3,0,"N","N",121
"DOLPHD-9982","M",25,"Local","SinglePass",5,16,0,0,1,1,1,0,1,0,1,NA,4,4,0,"N","N",121
"DOLPHD-9987","M",23,"Local","MultiPass",5,16,0,0,0,2,1,1,1,0,1,NA,3,4,0,"N","N",121
"DOLPHD-9989","M",21,"Overseas","SinglePass",5,16,1,0,0,2,0,0,0,0,1,NA,3,4,0,"N","N",71
"DOLPHD-999","M",12,"Local","SinglePass",0,0,1,1,0,1,1,0,0,0,2,NA,2,1,1,"N","Y",100
"DOLPHD-9990","M",25,"Local","MultiPass",5,16,1,0,0,1,0,0,0,0,1,NA,4,4,0,"Y","Y",121
