"VisitorID","Gender","Age","Status","PassType","FoodBeverage","Merchandising","RollerCoaster","FantasyCarousel","DolphinDance","WaterRapidsAdventure","HauntedMansion","SpaceJourney","KiddieTrainRide","Theatre","QueueTime","Incidents","Repeat","HostRating","Pilot","Promotion","Rain","Revenue"
"DOLPHA-1","M",6,"Local","MultiPass",10,20,1,1,1,0,0,0,0,0,0,NA,4,4,1,"N","N",130
"DOLPHA-101","M",25,"Local","SinglePass",24,9,1,0,0,0,0,0,0,1,2,"WaterRapidsAdventure",2,1,1,"N","N",58
"DOLPHA-103","M",9,"Local","MultiPass",10,7,1,0,0,1,1,1,1,0,1,NA,4,3,1,"N","N",117
"DOLPHA-105","F",43,"Local","SinglePass",25,40,0,0,0,0,0,0,0,1,3,NA,3,2,1,"N","Y",65
"DOLPHA-107","F",21,"Local","SinglePass",14,5,1,0,1,0,0,0,0,1,1,NA,1,3,1,"N","N",69
"DOLPHA-109","M",36,"Local","SinglePass",14,40,0,0,0,0,0,0,0,1,1,NA,1,4,1,"N","N",54
"DOLPHA-11","M",44,"Overseas","SinglePass",16,0,0,0,0,0,0,0,0,1,1,NA,1,3,1,"N","Y",16
"DOLPHA-111","F",9,"Local","MultiPass",21,8,1,0,0,1,1,1,1,0,2,NA,3,1,1,"N","N",129
"DOLPHA-113","M",23,"Local","MultiPass",12,6,1,0,1,1,0,1,1,0,2,NA,4,1,1,"N","N",118
"DOLPHA-115","M",41,"Local","MultiPass",17,40,0,0,0,0,0,0,0,1,2,"WaterRapidsAdventure",1,1,1,"N","N",157
"DOLPHA-117","M",24,"Local","SinglePass",14,5,1,0,1,0,0,1,1,0,2,NA,2,2,1,"N","N",119
"DOLPHA-119","F",32,"Local","MultiPass",18,40,0,0,1,0,0,0,0,1,3,NA,2,2,1,"N","N",158
"DOLPHA-121","M",12,"Local","MultiPass",12,0,1,0,1,1,1,1,1,0,1,"WaterRapidsAdventure",1,3,1,"N","N",112
"DOLPHA-123","F",13,"Local","SinglePass",18,0,1,0,0,0,1,1,1,0,2,"WaterRapidsAdventure",4,2,1,"Y","Y",118
"DOLPHA-125","F",11,"Local","SinglePass",10,0,1,0,0,1,1,1,1,0,2,NA,1,2,1,"N","N",135
"DOLPHA-127","M",44,"Local","SinglePass",15,40,0,0,0,0,0,0,0,1,3,NA,3,2,1,"Y","Y",55
"DOLPHA-129","M",19,"Local","MultiPass",22,0,1,0,1,0,0,0,0,1,1,NA,2,3,1,"N","Y",122
"DOLPHA-13","M",21,"Overseas","SinglePass",14,0,0,0,0,1,0,1,1,0,1,NA,1,4,1,"N","N",89
"DOLPHA-131","F",29,"Local","SinglePass",13,40,0,0,1,0,0,1,0,0,2,NA,3,1,1,"N","Y",103
"DOLPHA-133","M",19,"Local","SinglePass",13,0,1,0,0,0,0,1,1,0,2,NA,1,2,1,"Y","Y",88
"DOLPHA-135","M",12,"Local","SinglePass",24,0,1,0,1,1,1,1,1,0,3,"FantasyCarousel",1,1,1,"Y","Y",174
"DOLPHA-137","M",39,"Local","MultiPass",15,40,0,0,0,0,0,0,0,1,1,NA,1,4,1,"N","N",155
"DOLPHA-139","F",42,"Local","MultiPass",12,40,0,0,0,0,0,1,1,0,1,NA,4,3,1,"N","N",152
"DOLPHA-141","M",18,"Local","MultiPass",24,0,1,0,1,1,0,1,0,0,1,"FantasyCarousel",1,4,1,"Y","Y",124
"DOLPHA-143","F",34,"Local","SinglePass",14,40,0,0,0,0,0,1,0,0,1,NA,1,3,1,"N","N",79
"DOLPHA-145","F",8,"Local","MultiPass",10,0,1,0,1,1,1,1,1,0,2,"FantasyCarousel",2,2,1,"N","N",110
"DOLPHA-147","M",45,"Local","MultiPass",22,40,0,0,0,0,0,0,0,1,1,NA,3,3,1,"N","N",162
"DOLPHA-149","F",19,"Local","SinglePass",23,0,1,0,0,1,0,0,0,1,1,NA,1,4,1,"N","Y",73
"DOLPHA-15","M",43,"Local","MultiPass",25,0,0,0,0,0,0,0,0,1,1,NA,1,3,1,"N","N",125
"DOLPHA-151","F",40,"Local","MultiPass",16,40,0,0,0,0,0,0,0,1,2,"WaterRapidsAdventure",2,1,1,"N","N",156
"DOLPHA-153","M",10,"Local","SinglePass",10,0,1,0,0,0,1,1,0,0,2,NA,4,1,1,"N","N",85
"DOLPHA-155","M",160,"Local","MultiPass",10,22,0,0,0,0,0,1,0,0,2,NA,2,2,1,"N","Y",132
"DOLPHA-157","F",26,"Local","MultiPass",21,40,0,0,0,1,0,1,0,0,3,"WaterRapidsAdventure",1,1,1,"N","N",161
"DOLPHA-159","M",25,"Local","SinglePass",17,0,1,0,0,0,0,0,0,1,2,"WaterRapidsAdventure",1,1,1,"N","N",42
"DOLPHA-161","M",23,"Local","SinglePass",18,0,1,0,0,0,0,1,0,0,2,"WaterRapidsAdventure",2,2,1,"Y","Y",68
"DOLPHA-163","M",25,"Local","SinglePass",23,0,1,0,0,0,0,1,0,0,2,NA,1,2,1,"N","N",73
"DOLPHA-165","F",11,"Local","MultiPass",10,0,1,0,0,1,1,1,0,0,3,"WaterRapidsAdventure",1,2,1,"N","Y",110
"DOLPHA-167","M",16,"Local","SinglePass",19,0,1,0,0,0,0,1,0,0,3,"WaterRapidsAdventure",1,2,1,"N","N",69
"DOLPHA-169","F",7,"Local","SinglePass",10,0,1,0,0,0,1,0,1,1,3,"WaterRapidsAdventure",3,2,1,"N","Y",85
"DOLPHA-17","M",49,"Local","SinglePass",23,0,0,0,0,0,0,0,0,1,1,NA,3,4,1,"N","N",23
"DOLPHA-171","F",14,"Local","SinglePass",25,0,1,0,1,0,0,1,0,0,3,NA,1,2,1,"N","N",100
"DOLPHA-173","M",24,"Local","MultiPass",15,0,1,0,1,0,0,1,0,0,2,NA,3,1,1,"Y","Y",115
"DOLPHA-175","F",9,"Local","MultiPass",10,0,1,0,0,0,1,1,1,0,2,NA,4,1,1,"N","N",110
"DOLPHA-177","F",6,"Local","MultiPass",10,0,1,0,0,0,1,1,1,0,3,NA,1,2,1,"N","Y",110
"DOLPHA-179","M",26,"Local","SinglePass",25,40,0,0,0,0,0,0,0,1,1,NA,1,3,1,"N","N",65
"DOLPHA-181","M",17,"Local","MultiPass",23,0,1,0,0,1,0,1,0,0,2,NA,1,1,1,"N","N",123
"DOLPHA-183","F",12,"Local","MultiPass",25,0,1,0,0,1,1,1,0,0,3,"WaterRapidsAdventure",1,1,1,"Y","Y",125
"DOLPHA-185","M",19,"Local","SinglePass",17,0,1,0,1,0,0,1,0,0,2,"WaterRapidsAdventure",4,1,1,"N","N",92
"DOLPHA-187","M",26,"Local","SinglePass",22,40,0,0,0,1,0,1,0,0,3,NA,1,1,1,"N","N",112
"DOLPHA-189","M",14,"Local","SinglePass",24,0,1,0,0,0,0,0,0,1,2,NA,1,2,1,"N","N",49
"DOLPHA-19","F",16,"Overseas","SinglePass",13,5,0,0,0,1,0,1,1,0,1,NA,1,4,1,"N","N",93
"DOLPHA-191","F",15,"Local","MultiPass",21,0,1,0,0,0,0,1,0,0,1,"WaterRapidsAdventure",3,3,1,"N","N",121
"DOLPHA-193","M",13,"Local","SinglePass",13,0,1,0,1,0,1,1,0,0,2,NA,3,1,1,"N","N",113
"DOLPHA-195","F",10,"Local","SinglePass",10,0,1,0,0,0,1,1,0,0,2,"WaterRapidsAdventure",4,1,1,"N","N",85
"DOLPHA-197","F",61,"Local","SinglePass",10,0,1,0,1,1,1,1,0,0,2,"WaterRapidsAdventure",1,2,1,"N","N",135
"DOLPHA-199","M",61,"Local","MultiPass",23,0,1,0,0,0,0,1,0,0,3,"WaterRapidsAdventure",1,1,1,"N","N",123
"DOLPHA-201","F",64,"Local","MultiPass",10,0,1,0,1,0,1,1,1,0,2,"WaterRapidsAdventure",1,2,1,"Y","Y",110
"DOLPHA-203","F",62,"Local","MultiPass",17,0,1,0,0,1,1,0,0,1,3,"WaterRapidsAdventure",1,2,1,"N","N",117
"DOLPHA-205","M",58,"Local","SinglePass",22,0,1,0,0,0,0,1,0,0,2,NA,1,1,1,"N","N",72
"DOLPHA-207","M",64,"Local","MultiPass",16,0,1,0,1,1,0,0,0,1,1,"WaterRapidsAdventure",1,4,1,"N","Y",116
"DOLPHA-209","F",66,"Local","MultiPass",17,0,1,0,0,0,0,0,0,1,2,NA,1,1,1,"N","N",117
"DOLPHA-21","F",27,"Local","SinglePass",15,40,0,0,0,1,0,1,0,0,1,"SpaceJourney",3,3,1,"Y","Y",105
"DOLPHA-211","M",56,"Local","SinglePass",22,0,1,0,0,0,0,1,0,0,2,NA,4,1,1,"N","N",72
"DOLPHA-213","M",56,"Local","SinglePass",17,0,1,0,0,1,0,1,0,0,2,"WaterRapidsAdventure",1,2,1,"N","Y",92
"DOLPHA-215","M",59,"Local","SinglePass",10,0,1,0,0,0,1,1,1,0,1,NA,2,4,1,"N","N",110
"DOLPHA-217","F",57,"Local","MultiPass",19,0,1,0,1,1,0,1,0,0,3,"WaterRapidsAdventure",1,1,1,"N","N",119
"DOLPHA-219","M",64,"Local","SinglePass",10,0,1,0,0,0,1,1,1,0,3,NA,2,1,1,"N","N",110
"DOLPHA-221","F",24,"Local","SinglePass",13,0,1,0,1,0,0,1,0,0,2,NA,1,2,1,"N","N",88
"DOLPHA-223","F",8,"Local","SinglePass",10,0,1,0,0,1,1,1,1,0,3,"SpaceJourney",1,2,1,"N","N",135
"DOLPHA-225","M",208,"Local","MultiPass",10,28,0,0,0,0,0,1,0,0,3,NA,1,1,1,"N","N",138
"DOLPHA-227","F",12,"Local","MultiPass",13,0,1,0,0,0,1,1,0,0,3,NA,4,2,1,"N","N",113
"DOLPHA-229","F",20,"Local","SinglePass",17,0,1,0,0,0,1,0,0,1,2,NA,1,1,1,"N","Y",67
"DOLPHA-23","M",40,"Overseas","MultiPass",25,40,0,0,0,0,0,0,0,1,1,NA,3,3,1,"N","N",165
"DOLPHA-231","M",14,"Local","SinglePass",25,0,1,0,1,1,1,1,0,0,1,"SpaceJourney",1,4,1,"Y","Y",150
"DOLPHA-233","M",18,"Local","SinglePass",12,0,1,0,1,0,1,1,0,0,2,NA,2,2,1,"N","N",112
"DOLPHA-235","F",15,"Local","MultiPass",19,0,1,0,0,0,1,1,0,0,2,NA,1,2,1,"Y","Y",119
"DOLPHA-237","M",7,"Local","MultiPass",10,0,1,0,0,1,1,1,1,0,3,"RollerCoaster",1,1,1,"N","N",110
"DOLPHA-239","M",7,"Local","MultiPass",10,0,1,0,0,1,1,0,1,1,2,"RollerCoaster",1,2,1,"N","N",110
"DOLPHA-241","F",8,"Local","SinglePass",10,0,1,0,1,1,1,1,1,0,3,"RollerCoaster",1,2,1,"N","N",160
"DOLPHA-243","M",22,"Local","MultiPass",25,0,1,0,0,0,1,1,0,0,2,NA,4,1,1,"N","N",125
"DOLPHA-245","M",24,"Local","MultiPass",21,0,1,0,1,0,0,1,0,0,3,NA,2,2,1,"Y","Y",121
"DOLPHA-247","F",15,"Local","SinglePass",23,0,1,0,1,1,1,1,0,0,2,"SpaceJourney",1,2,1,"N","N",148
"DOLPHA-249","M",26,"Local","MultiPass",18,29,0,0,0,1,0,1,0,0,2,NA,1,2,1,"N","N",147
"DOLPHA-25","M",29,"Overseas","MultiPass",25,40,0,0,1,0,0,1,0,0,1,NA,2,3,1,"N","N",165
"DOLPHA-251","M",25,"Local","MultiPass",21,0,1,0,0,0,0,1,0,0,3,NA,1,1,1,"N","N",121
"DOLPHA-253","F",11,"Local","MultiPass",10,0,1,0,0,1,1,1,0,0,2,NA,1,1,1,"N","N",110
"DOLPHA-255","M",13,"Local","MultiPass",16,0,1,0,0,0,1,1,0,0,3,NA,1,1,1,"N","Y",116
"DOLPHA-257","M",9,"Local","MultiPass",10,0,1,0,0,1,1,1,1,0,3,NA,3,2,1,"N","Y",110
"DOLPHA-259","F",11,"Local","MultiPass",10,0,1,0,0,1,1,1,0,0,2,NA,4,1,1,"N","N",110
"DOLPHA-261","M",11,"Local","MultiPass",10,0,1,0,0,0,1,1,0,0,2,NA,2,1,1,"N","N",110
"DOLPHA-263","M",7,"Local","MultiPass",10,0,1,0,1,1,1,1,1,0,3,"RollerCoaster",2,1,1,"N","N",110
"DOLPHA-265","F",7,"Local","MultiPass",10,0,1,0,1,1,1,1,1,0,3,"RollerCoaster",2,2,1,"Y","Y",110
"DOLPHA-267","M",24,"Local","MultiPass",16,10,1,0,0,0,0,1,0,0,2,NA,3,2,1,"N","N",126
"DOLPHA-269","F",20,"Local","MultiPass",15,10,1,0,0,0,1,1,0,0,1,NA,2,3,1,"N","N",125
"DOLPHA-27","M",12,"Overseas","MultiPass",20,40,1,0,0,0,0,0,0,1,2,NA,2,2,1,"N","N",160
"DOLPHA-271","F",7,"Local","MultiPass",10,0,1,0,1,0,1,1,1,0,2,NA,2,2,1,"N","N",110
"DOLPHA-273","F",15,"Local","MultiPass",22,0,1,0,1,1,1,1,0,0,2,NA,3,2,1,"N","N",122
"DOLPHA-275","F",9,"Local","MultiPass",10,0,1,0,1,0,1,1,1,0,3,NA,3,1,1,"N","Y",110
"DOLPHA-277","F",22,"Local","MultiPass",24,10,1,0,0,0,1,1,0,0,2,NA,3,1,1,"N","N",134
"DOLPHA-279","F",21,"Local","MultiPass",24,10,1,0,1,1,1,0,0,1,3,NA,1,2,1,"N","N",134
"DOLPHA-281","F",17,"Local","MultiPass",25,10,1,0,0,1,1,1,0,0,3,NA,1,1,1,"N","N",135
"DOLPHA-283","F",6,"Local","MultiPass",10,0,1,0,1,1,1,1,1,0,3,NA,1,1,1,"N","N",110
"DOLPHA-285","F",9,"Local","MultiPass",10,0,1,0,1,1,1,1,1,0,3,"RollerCoaster",1,1,1,"N","N",110
"DOLPHA-287","F",9,"Local","MultiPass",10,0,1,0,0,1,1,1,1,0,2,"RollerCoaster",1,2,1,"N","Y",110
"DOLPHA-289","F",20,"Local","MultiPass",15,10,1,0,0,1,1,0,0,1,2,"RollerCoaster",1,1,1,"N","N",125
"DOLPHA-29","M",30,"Local","SinglePass",25,40,0,0,0,0,0,1,1,0,1,NA,4,3,1,"N","Y",115
"DOLPHA-291","F",18,"Local","MultiPass",24,10,1,0,1,0,1,1,0,0,3,NA,3,1,1,"N","N",134
"DOLPHA-293","F",22,"Local","MultiPass",14,10,1,0,0,0,1,1,0,0,2,NA,2,2,1,"N","N",124
"DOLPHA-295","F",10,"Local","MultiPass",10,0,1,0,1,0,1,1,0,0,2,NA,2,2,1,"N","N",110
"DOLPHA-297","F",22,"Local","MultiPass",15,10,1,0,0,0,1,1,0,0,2,NA,4,2,1,"N","N",125
"DOLPHA-299","F",25,"Local","MultiPass",24,10,1,0,1,0,0,1,0,0,3,NA,2,2,1,"N","N",134
"DOLPHA-3","M",10,"Local","SinglePass",10,0,0,1,0,0,1,0,0,0,2,"FantasyCarousel",1,2,1,"N","Y",60
"DOLPHA-301","F",13,"Local","MultiPass",15,0,1,0,1,0,1,0,0,1,3,NA,2,2,1,"N","Y",115
"DOLPHA-303","F",6,"Local","MultiPass",10,0,1,0,1,1,1,0,1,1,3,"RollerCoaster",1,2,1,"N","N",110
"DOLPHA-305","F",13,"Local","MultiPass",23,0,1,0,0,0,1,1,0,0,2,NA,1,1,1,"Y","Y",123
"DOLPHA-307","F",17,"Local","MultiPass",15,10,1,0,0,1,1,0,0,1,3,NA,3,2,1,"Y","Y",125
"DOLPHA-309","F",17,"Local","MultiPass",12,10,1,0,1,1,1,0,0,1,3,NA,2,2,1,"N","N",122
"DOLPHA-31","F",64,"Local","MultiPass",20,40,0,0,0,0,0,0,0,1,1,NA,3,3,1,"N","N",160
"DOLPHA-311","F",16,"Local","MultiPass",18,10,1,0,0,0,1,1,0,0,2,NA,2,2,1,"N","N",128
"DOLPHA-313","F",13,"Local","MultiPass",19,0,1,0,1,1,1,1,0,0,3,NA,4,1,1,"N","N",119
"DOLPHA-315","F",11,"Local","MultiPass",10,0,1,0,0,0,1,1,0,0,2,NA,2,1,1,"N","N",110
"DOLPHA-316","F",23,"Local","SinglePass",14,10,1,0,0,1,1,1,0,0,2,NA,3,1,1,"N","N",124
"DOLPHA-317","F",9,"Local","MultiPass",10,0,1,0,0,0,1,1,1,0,2,NA,3,1,1,"Y","Y",110
"DOLPHA-318","F",21,"Overseas","SinglePass",20,10,1,0,1,0,1,1,0,0,2,NA,4,2,1,"N","N",130
"DOLPHA-319","F",11,"Local","MultiPass",10,0,1,0,1,1,1,0,0,1,3,NA,1,1,1,"N","N",110
"DOLPHA-320","F",23,"Local","SinglePass",19,10,1,0,1,0,1,1,0,0,3,NA,4,2,1,"N","N",129
"DOLPHA-321","F",21,"Local","MultiPass",23,10,1,0,0,1,1,1,0,0,2,NA,3,1,1,"N","N",133
"DOLPHA-322","F",13,"Overseas","SinglePass",14,0,1,0,1,0,1,1,0,0,3,NA,2,2,1,"N","N",114
"DOLPHA-323","F",15,"Local","MultiPass",24,0,1,0,0,0,1,1,0,0,2,NA,4,1,1,"N","Y",124
"DOLPHA-324","F",20,"Local","SinglePass",14,10,1,0,1,0,1,1,0,0,2,NA,2,2,1,"N","Y",124
"DOLPHA-325","F",10,"Local","MultiPass",10,0,1,0,1,1,1,1,0,0,2,NA,3,2,1,"N","N",110
"DOLPHA-326","F",16,"Overseas","SinglePass",25,10,1,0,1,1,1,1,0,0,2,NA,3,2,1,"Y","N",160
"DOLPHA-327","F",11,"Local","MultiPass",10,0,1,0,0,0,1,1,0,0,2,NA,3,2,1,"N","N",110
"DOLPHA-328","F",16,"Local","SinglePass",0,10,1,0,1,0,1,1,0,0,2,NA,2,2,1,"N","N",110
"DOLPHA-329","F",8,"Local","MultiPass",0,0,1,0,1,0,1,0,1,1,3,NA,4,2,1,"N","N",100
"DOLPHA-33","F",37,"Local","MultiPass",15,40,0,0,1,0,0,0,0,1,3,NA,3,1,1,"N","Y",155
"DOLPHA-330","F",16,"Overseas","SinglePass",7,10,1,0,1,0,1,1,0,0,3,NA,1,2,1,"N","N",117
"DOLPHA-331","F",21,"Local","MultiPass",6,10,1,0,0,1,1,1,0,0,2,NA,2,1,1,"N","N",116
"DOLPHA-332","F",19,"Local","SinglePass",14,10,1,0,1,1,1,1,0,0,1,"FantasyCarousel",2,4,1,"Y","N",149
"DOLPHA-333","F",26,"Local","MultiPass",6,10,0,0,1,1,0,1,0,0,3,"FantasyCarousel",3,1,1,"N","N",116
"DOLPHA-334","F",17,"Overseas","SinglePass",14,10,1,0,1,1,1,1,0,0,2,"FantasyCarousel",2,1,1,"N","N",149
"DOLPHA-335","F",23,"Local","MultiPass",7,10,1,0,0,0,1,1,0,0,2,NA,1,2,1,"Y","Y",117
"DOLPHA-336","F",17,"Local","SinglePass",14,10,1,0,0,1,1,1,0,0,2,"FantasyCarousel",3,2,1,"N","Y",124
"DOLPHA-337","F",10,"Local","MultiPass",15,0,1,0,0,1,1,1,0,0,3,"FantasyCarousel",1,2,1,"N","N",115
"DOLPHA-338","F",14,"Overseas","SinglePass",6,0,1,0,1,0,1,1,0,0,1,NA,3,3,1,"N","Y",106
"DOLPHA-339","F",26,"Local","MultiPass",5,10,0,0,1,0,0,0,0,1,3,NA,1,1,1,"N","N",115
"DOLPHA-340","F",21,"Local","SinglePass",24,10,1,0,0,0,1,1,0,0,2,NA,3,2,1,"N","N",109
"DOLPHA-341","F",14,"Local","MultiPass",15,0,1,0,1,0,1,1,0,0,3,NA,3,2,1,"N","N",115
"DOLPHA-342","F",15,"Overseas","SinglePass",14,0,1,0,1,0,1,1,0,0,2,NA,1,2,1,"N","N",114
"DOLPHA-343","F",17,"Local","MultiPass",22,10,1,0,0,1,1,1,0,0,2,NA,3,1,1,"Y","Y",132
"DOLPHA-344","F",6,"Local","SinglePass",10,0,1,0,1,0,1,1,1,0,2,NA,1,1,1,"N","N",135
"DOLPHA-345","F",19,"Local","MultiPass",14,10,1,0,0,0,1,1,0,0,2,NA,3,2,1,"N","N",124
"DOLPHA-346","F",14,"Overseas","SinglePass",18,0,1,0,0,1,1,1,0,0,3,NA,4,2,1,"Y","Y",118
"DOLPHA-347","F",17,"Local","MultiPass",21,10,1,0,0,0,1,1,0,0,2,NA,4,2,1,"N","N",131
"DOLPHA-348","F",15,"Local","SinglePass",24,0,1,0,0,0,1,1,0,0,3,NA,3,1,1,"N","N",99
"DOLPHA-349","F",18,"Local","MultiPass",19,10,1,0,1,0,1,1,0,0,3,NA,2,2,1,"N","N",129
"DOLPHA-35","M",12,"Local","SinglePass",16,10,1,0,0,0,1,1,1,0,2,NA,2,2,1,"N","N",126
"DOLPHA-350","F",22,"Overseas","SinglePass",14,10,1,0,0,1,1,1,0,0,2,NA,1,1,1,"N","N",124
"DOLPHA-351","F",14,"Local","MultiPass",24,0,1,0,0,1,1,1,0,0,2,NA,4,2,1,"N","Y",124
"DOLPHA-352","F",6,"Local","SinglePass",10,0,1,0,0,0,1,1,1,0,3,NA,4,1,1,"N","Y",110
"DOLPHA-353","F",9,"Local","MultiPass",10,0,1,0,1,1,1,1,1,0,3,NA,2,2,1,"N","Y",110
"DOLPHA-354","F",9,"Overseas","SinglePass",10,0,1,0,1,1,1,1,1,0,3,NA,1,1,1,"Y","Y",160
"DOLPHA-355","F",12,"Local","MultiPass",16,0,1,0,1,0,1,1,0,0,1,NA,3,4,1,"N","N",116
"DOLPHA-356","F",28,"Local","SinglePass",21,10,0,0,0,1,0,1,0,0,3,NA,2,2,1,"N","Y",81
"DOLPHA-357","F",24,"Local","MultiPass",12,10,1,0,0,1,0,1,0,0,2,NA,3,1,1,"N","Y",122
"DOLPHA-358","F",21,"Overseas","SinglePass",12,10,1,0,1,0,1,1,0,0,1,NA,2,3,1,"N","N",122
"DOLPHA-359","F",26,"Local","MultiPass",13,10,0,0,0,0,0,1,0,0,1,NA,2,3,1,"N","N",123
"DOLPHA-360","F",29,"Local","SinglePass",19,10,0,0,0,0,0,1,0,0,3,NA,2,1,1,"N","N",54
"DOLPHA-361","F",24,"Local","MultiPass",21,10,1,0,1,1,0,1,0,0,1,NA,1,3,1,"N","N",131
"DOLPHA-362","F",27,"Overseas","SinglePass",23,10,0,0,1,1,0,1,0,0,1,NA,4,3,1,"N","N",108
"DOLPHA-363","F",28,"Local","MultiPass",13,10,0,0,0,0,0,1,0,0,1,NA,3,4,1,"N","N",123
"DOLPHA-364","F",26,"Local","SinglePass",16,10,0,0,0,0,0,1,0,0,1,NA,4,3,1,"N","N",51
"DOLPHA-365","F",29,"Local","MultiPass",21,10,0,0,0,0,0,1,0,0,2,NA,2,1,1,"N","N",131
"DOLPHA-366","F",24,"Overseas","SinglePass",13,10,1,0,1,1,0,1,0,0,1,NA,2,3,1,"N","N",123
"DOLPHA-367","M",27,"Local","MultiPass",21,10,0,0,1,1,0,1,0,0,3,NA,2,2,1,"N","N",131
"DOLPHA-368","M",24,"Local","SinglePass",15,10,1,0,0,0,0,1,0,0,1,NA,1,4,1,"N","N",75
"DOLPHA-369","M",28,"Local","MultiPass",5,10,0,0,0,0,0,1,0,0,2,NA,1,1,1,"N","N",115
"DOLPHA-37","M",48,"Local","SinglePass",13,40,0,0,0,0,0,0,0,1,2,NA,2,1,1,"Y","Y",53
"DOLPHA-370","M",21,"Overseas","SinglePass",14,10,1,0,1,1,1,1,0,0,1,NA,3,4,1,"N","N",149
"DOLPHA-371","M",27,"Local","MultiPass",11,10,0,0,1,0,0,1,0,0,1,NA,3,4,1,"Y","Y",121
"DOLPHA-372","M",26,"Local","SinglePass",8,10,0,0,0,1,0,1,0,0,1,NA,2,4,1,"N","N",68
"DOLPHA-373","M",28,"Local","MultiPass",8,10,0,0,0,1,0,1,0,0,3,NA,3,1,1,"N","N",118
"DOLPHA-374","M",25,"Overseas","SinglePass",10,10,1,0,1,0,0,1,0,0,3,NA,5,2,1,"N","N",95
"DOLPHA-375","M",23,"Local","MultiPass",13,10,1,0,1,0,1,1,0,0,1,NA,2,3,1,"N","Y",123
"DOLPHA-376","M",26,"Local","SinglePass",14,10,0,0,0,1,0,1,0,0,2,NA,5,1,1,"N","N",74
"DOLPHA-377","M",24,"Local","MultiPass",8,10,1,0,0,0,0,1,0,0,1,NA,5,3,1,"N","N",118
"DOLPHA-378","M",29,"Overseas","SinglePass",14,10,0,0,1,1,0,1,0,0,2,NA,5,1,1,"N","N",99
"DOLPHA-379","M",23,"Local","MultiPass",5,10,1,0,0,1,1,0,0,1,1,NA,1,4,1,"N","Y",115
"DOLPHA-380","M",29,"Local","SinglePass",11,10,0,0,1,0,0,1,0,0,1,NA,1,3,1,"N","N",71
"DOLPHA-381","M",26,"Local","MultiPass",24,10,0,0,1,0,0,1,0,0,2,NA,1,2,1,"N","N",134
"DOLPHA-382","M",25,"Overseas","SinglePass",23,10,1,0,1,1,0,1,0,0,1,NA,1,4,1,"N","N",133
"DOLPHA-383","M",28,"Local","MultiPass",22,10,0,0,1,0,0,1,0,0,3,NA,1,2,1,"N","N",132
"DOLPHA-384","M",23,"Local","SinglePass",17,10,1,0,1,0,1,1,0,0,1,NA,2,4,1,"N","Y",127
"DOLPHA-385","M",26,"Local","MultiPass",20,10,0,0,1,1,0,1,0,0,1,NA,1,4,1,"N","N",130
"DOLPHA-386","M",28,"Overseas","SinglePass",15,10,0,0,0,0,0,1,0,0,1,NA,1,3,1,"N","N",50
"DOLPHA-387","M",26,"Local","MultiPass",12,10,0,0,1,1,0,1,0,0,3,NA,1,1,1,"N","N",122
"DOLPHA-388","M",25,"Local","SinglePass",14,10,1,0,1,0,0,1,0,0,1,NA,5,3,1,"N","N",99
"DOLPHA-389","M",27,"Local","MultiPass",9,10,0,0,0,1,0,1,0,0,2,NA,1,2,1,"N","N",119
"DOLPHA-39","M",47,"Local","SinglePass",22,40,0,0,0,0,0,1,1,0,3,NA,3,1,1,"N","N",112
"DOLPHA-390","M",25,"Overseas","SinglePass",7,10,1,0,1,1,0,1,0,0,1,NA,2,4,1,"N","N",117
"DOLPHA-391","M",30,"Local","MultiPass",15,10,0,0,1,0,0,1,0,0,1,NA,1,4,1,"N","N",125
"DOLPHA-392","M",29,"Local","SinglePass",12,10,0,0,1,1,0,1,0,0,1,NA,2,4,1,"N","N",97
"DOLPHA-393","M",30,"Local","MultiPass",16,10,0,0,1,0,0,1,0,0,2,NA,5,2,1,"N","N",126
"DOLPHA-394","M",25,"Overseas","SinglePass",14,10,1,0,0,1,0,1,0,0,1,NA,3,4,1,"N","Y",99
"DOLPHA-395","M",28,"Local","MultiPass",20,10,0,0,1,1,0,1,0,0,1,NA,1,4,1,"N","N",130
"DOLPHA-396","M",28,"Local","SinglePass",23,10,0,0,1,0,0,1,0,0,1,NA,5,3,1,"N","N",83
"DOLPHA-397","M",28,"Local","MultiPass",25,10,0,0,1,0,0,1,0,0,2,NA,5,1,1,"N","N",135
"DOLPHA-398","M",20,"Overseas","SinglePass",18,10,1,0,1,1,1,1,0,0,3,NA,5,2,1,"N","N",153
"DOLPHA-399","M",20,"Local","MultiPass",15,10,1,0,0,1,1,1,0,0,3,NA,5,2,1,"N","Y",125
"DOLPHA-400","M",21,"Local","SinglePass",19,10,1,0,1,0,1,0,0,1,1,NA,5,4,1,"N","N",104
"DOLPHA-401","M",27,"Local","MultiPass",20,10,0,0,0,1,0,0,0,1,3,NA,2,2,1,"N","N",130
"DOLPHA-402","M",21,"Overseas","SinglePass",25,10,1,0,1,0,1,0,0,1,2,NA,5,2,1,"N","N",110
"DOLPHA-403","M",21,"Local","MultiPass",24,10,1,0,1,0,1,1,0,0,1,NA,1,4,1,"N","Y",134
"DOLPHA-404","M",26,"Local","SinglePass",18,10,0,0,1,1,0,0,0,1,3,NA,3,2,1,"Y","Y",78
"DOLPHA-405","M",23,"Local","MultiPass",12,10,1,0,0,0,1,0,0,1,3,NA,2,1,1,"N","N",122
"DOLPHA-406","M",24,"Overseas","SinglePass",19,10,1,0,0,1,0,1,0,0,1,NA,5,3,1,"N","N",104
"DOLPHA-407","M",26,"Local","MultiPass",22,10,0,0,0,1,0,0,0,0,3,NA,5,1,1,"N","N",132
"DOLPHA-41","M",58,"Local","MultiPass",14,40,0,0,0,0,0,0,0,1,1,NA,3,4,1,"N","N",154
"DOLPHA-43","F",8,"Local","SinglePass",10,10,0,0,0,0,1,1,1,0,1,"KiddieTrainRide",1,3,1,"N","Y",95
"DOLPHA-45","F",46,"Local","SinglePass",19,40,0,0,0,0,0,0,0,1,3,NA,1,2,1,"N","N",59
"DOLPHA-47","M",35,"Local","SinglePass",22,40,0,0,1,0,0,0,0,0,3,NA,3,1,1,"N","N",87
"DOLPHA-49","M",27,"Local","MultiPass",17,40,0,0,0,0,0,1,1,0,1,NA,4,4,1,"N","N",157
"DOLPHA-5","M",19,"Overseas","MultiPass",12,10,0,0,0,0,0,1,1,0,1,NA,3,3,1,"N","N",122
"DOLPHA-51","M",25,"Local","MultiPass",16,10,0,0,1,0,0,1,1,0,1,NA,4,4,1,"N","N",126
"DOLPHA-53","M",60,"Local","MultiPass",13,40,0,0,0,0,0,0,0,1,3,NA,3,1,1,"Y","Y",153
"DOLPHA-55","F",30,"Local","SinglePass",23,40,0,0,1,0,0,1,0,0,1,NA,3,4,1,"N","Y",113
"DOLPHA-57","M",31,"Local","MultiPass",17,40,0,0,0,0,0,1,0,0,1,NA,1,4,1,"N","N",157
"DOLPHA-59","F",34,"Local","MultiPass",17,40,0,0,1,0,0,1,1,0,1,NA,2,3,1,"N","Y",157
"DOLPHA-61","M",7,"Local","SinglePass",10,8,1,0,1,1,1,1,1,0,1,"KiddieTrainRide",2,4,1,"N","N",168
"DOLPHA-63","M",19,"Local","SinglePass",20,8,0,0,0,1,0,1,1,0,1,NA,2,3,1,"N","Y",103
"DOLPHA-65","F",42,"Local","SinglePass",22,40,0,0,0,0,0,0,0,1,1,NA,2,3,1,"N","N",62
"DOLPHA-67","M",49,"Local","MultiPass",15,40,0,0,0,0,0,0,0,1,1,NA,1,4,1,"N","Y",155
"DOLPHA-69","F",34,"Local","SinglePass",22,40,1,0,0,0,0,1,1,0,1,NA,2,4,1,"N","N",137
"DOLPHA-7","F",32,"Local","MultiPass",17,20,0,0,0,0,0,1,0,0,1,NA,4,4,1,"Y","Y",137
"DOLPHA-71","M",19,"Local","SinglePass",12,8,0,0,0,1,0,1,1,0,1,"WaterRapidsAdventure",1,3,1,"N","N",95
"DOLPHA-73","M",10,"Local","SinglePass",10,6,1,0,0,0,1,1,1,0,3,NA,2,2,1,"N","N",116
"DOLPHA-75","F",34,"Local","MultiPass",16,40,0,0,1,0,0,1,0,0,1,NA,4,3,1,"N","Y",156
"DOLPHA-77","M",17,"Local","MultiPass",14,9,1,0,1,1,0,1,1,0,1,"WaterRapidsAdventure",2,3,1,"N","Y",123
"DOLPHA-79","F",10,"Local","SinglePass",10,7,1,0,0,0,1,1,0,0,1,NA,1,4,1,"N","N",92
"DOLPHA-81","M",215,"Local","SinglePass",24,10,1,0,1,1,0,1,1,0,3,"FantasyCarousel",3,1,1,"N","N",159
"DOLPHA-83","M",7,"Local","SinglePass",10,7,1,0,0,0,1,1,1,0,1,NA,4,3,1,"N","Y",117
"DOLPHA-85","M",22,"Local","MultiPass",18,5,1,0,0,1,0,1,1,0,1,"WaterRapidsAdventure",1,3,1,"N","N",123
"DOLPHA-87","F",43,"Local","MultiPass",15,40,0,0,0,0,0,0,0,1,1,NA,4,4,1,"N","N",155
"DOLPHA-89","F",29,"Local","MultiPass",18,40,0,0,0,1,0,0,0,0,2,"WaterRapidsAdventure",1,1,1,"Y","Y",158
"DOLPHA-9","F",38,"Overseas","SinglePass",17,0,0,0,0,0,0,0,0,1,1,NA,3,4,1,"N","Y",17
"DOLPHA-91","M",44,"Local","SinglePass",20,40,0,0,0,0,0,0,0,1,2,NA,3,1,1,"N","N",60
"DOLPHA-93","M",7,"Local","MultiPass",10,9,1,0,0,1,1,1,1,0,1,"WaterRapidsAdventure",4,4,1,"N","N",119
"DOLPHA-95","M",236,"Local","MultiPass",14,40,0,0,0,0,0,0,0,1,1,"WaterRapidsAdventure",3,3,1,"N","N",154
"DOLPHA-97","M",12,"Local","SinglePass",19,5,1,0,1,0,1,1,1,0,2,NA,4,2,1,"N","N",149
"DOLPHA-99","F",44,"Local","SinglePass",24,40,0,0,0,0,0,0,0,1,3,NA,4,1,1,"N","Y",64
"DOLPHB-10","M",42,"Local","MultiPass",15,20,0,0,0,0,0,0,0,1,1,NA,4,4,1,"N","N",135
"DOLPHB-100","F",14,"Local","MultiPass",15,6,1,0,1,1,0,0,0,1,2,"WaterRapidsAdventure",3,2,1,"N","Y",121
"DOLPHB-102","M",17,"Overseas","MultiPass",12,7,1,0,0,1,0,0,0,1,3,"WaterRapidsAdventure",3,1,1,"Y","Y",119
"DOLPHB-104","F",42,"Local","SinglePass",13,40,0,0,0,0,0,0,0,1,1,NA,3,3,1,"N","N",53
"DOLPHB-106","M",20,"Overseas","MultiPass",22,9,1,0,1,0,0,0,0,1,3,NA,3,1,1,"N","N",131
"DOLPHB-108","M",30,"Local","MultiPass",12,40,0,0,0,0,0,0,0,1,1,NA,1,4,1,"N","Y",152
"DOLPHB-110","M",43,"Overseas","SinglePass",15,40,0,0,0,0,0,0,0,1,3,NA,1,2,1,"N","N",55
"DOLPHB-112","F",19,"Local","SinglePass",24,8,1,0,0,1,0,1,1,0,3,NA,1,1,1,"N","N",132
"DOLPHB-114","F",15,"Overseas","SinglePass",22,8,1,0,0,0,0,1,1,0,1,"WaterRapidsAdventure",4,4,1,"N","N",105
"DOLPHB-116","M",24,"Local","MultiPass",18,7,1,0,1,1,0,1,1,0,2,"WaterRapidsAdventure",3,2,1,"N","N",125
"DOLPHB-118","M",18,"Overseas","SinglePass",19,6,1,0,0,1,0,1,1,0,1,NA,3,4,1,"N","N",125
"DOLPHB-12","M",50,"Overseas","MultiPass",12,0,0,0,0,0,0,0,0,1,1,NA,1,3,1,"N","N",112
"DOLPHB-120","M",7,"Local","SinglePass",10,0,1,0,0,0,1,1,1,0,3,NA,2,2,1,"Y","Y",110
"DOLPHB-122","M",30,"Overseas","SinglePass",25,40,0,0,0,0,0,1,0,0,3,"WaterRapidsAdventure",3,1,1,"N","N",90
"DOLPHB-124","M",15,"Local","MultiPass",12,0,1,0,0,1,0,1,1,0,2,NA,4,1,1,"Y","Y",112
"DOLPHB-126","F",213,"Overseas","MultiPass",18,0,1,0,0,0,1,1,1,0,1,NA,2,3,1,"N","Y",118
"DOLPHB-128","M",19,"Local","MultiPass",21,0,1,0,0,1,0,1,1,0,2,NA,1,1,1,"N","N",121
"DOLPHB-130","F",32,"Overseas","SinglePass",13,40,0,0,0,0,0,1,0,0,1,NA,2,4,1,"N","N",78
"DOLPHB-132","F",15,"Local","MultiPass",12,0,1,0,0,1,0,1,1,0,3,NA,2,2,1,"Y","Y",112
"DOLPHB-134","M",20,"Overseas","MultiPass",13,0,1,0,0,1,0,1,1,0,3,NA,1,2,1,"N","N",113
"DOLPHB-136","F",10,"Local","SinglePass",10,0,1,0,1,0,1,1,1,0,1,NA,4,4,1,"N","N",135
"DOLPHB-138","F",45,"Overseas","SinglePass",20,40,0,0,0,0,0,0,0,1,1,NA,4,4,1,"N","N",60
"DOLPHB-14","F",57,"Local","MultiPass",16,10,0,0,0,0,0,0,0,1,1,NA,3,4,1,"N","N",126
"DOLPHB-140","M",40,"Local","SinglePass",25,40,0,0,0,0,0,0,0,1,3,NA,4,1,1,"N","Y",65
"DOLPHB-142","M",41,"Overseas","MultiPass",18,40,0,0,0,0,0,0,0,1,1,NA,2,4,1,"Y","Y",158
"DOLPHB-144","F",39,"Local","SinglePass",15,40,0,0,0,0,0,0,0,1,2,NA,1,1,1,"N","N",55
"DOLPHB-146","M",19,"Overseas","SinglePass",20,0,1,0,0,1,0,1,0,0,1,NA,1,3,1,"N","N",95
"DOLPHB-148","M",39,"Local","SinglePass",12,40,0,0,1,0,0,0,0,1,3,NA,4,2,1,"N","Y",77
"DOLPHB-150","M",42,"Overseas","MultiPass",17,40,0,0,0,0,0,0,0,1,1,"WaterRapidsAdventure",3,3,1,"N","N",157
"DOLPHB-152","F",7,"Local","MultiPass",10,0,1,0,0,0,1,1,1,0,2,"WaterRapidsAdventure",2,1,1,"N","Y",110
"DOLPHB-154","M",16,"Overseas","SinglePass",15,0,1,0,0,0,0,1,0,0,1,"WaterRapidsAdventure",3,3,1,"N","N",65
"DOLPHB-156","F",18,"Local","SinglePass",16,0,1,0,0,1,0,1,0,0,1,"WaterRapidsAdventure",2,3,1,"N","N",91
"DOLPHB-158","F",19,"Overseas","SinglePass",12,0,1,0,0,1,0,1,0,0,2,"WaterRapidsAdventure",2,1,1,"N","N",87
"DOLPHB-16","M",50,"Overseas","SinglePass",23,20,0,0,0,0,0,0,0,1,1,NA,3,3,1,"N","N",43
"DOLPHB-160","M",7,"Local","MultiPass",10,0,1,0,0,0,1,1,1,0,3,"WaterRapidsAdventure",2,1,1,"N","N",110
"DOLPHB-162","F",20,"Overseas","MultiPass",17,0,1,0,1,0,0,1,0,0,3,"WaterRapidsAdventure",1,1,1,"N","N",117
"DOLPHB-164","F",14,"Local","MultiPass",22,0,1,0,0,0,0,1,0,0,2,NA,2,1,1,"N","N",122
"DOLPHB-166","M",24,"Overseas","SinglePass",16,0,1,0,1,0,0,1,0,0,3,"WaterRapidsAdventure",4,2,1,"N","N",91
"DOLPHB-168","M",14,"Local","MultiPass",14,0,1,0,1,1,0,1,0,0,2,"WaterRapidsAdventure",1,2,1,"N","N",114
"DOLPHB-170","F",9,"Overseas","MultiPass",10,0,1,0,1,1,1,1,1,0,3,NA,3,1,1,"N","N",110
"DOLPHB-172","M",13,"Local","SinglePass",13,0,1,0,0,0,1,1,0,0,3,NA,2,1,1,"N","N",88
"DOLPHB-174","M",12,"Overseas","SinglePass",18,0,1,0,0,1,1,1,0,0,2,NA,1,2,1,"N","N",118
"DOLPHB-176","M",18,"Local","SinglePass",14,0,1,0,0,1,0,1,0,0,2,NA,1,2,1,"N","N",89
"DOLPHB-178","F",22,"Overseas","MultiPass",13,0,1,0,0,0,0,1,0,0,1,NA,1,3,1,"N","N",113
"DOLPHB-18","F",40,"Overseas","MultiPass",22,40,0,0,0,0,0,0,0,1,1,NA,4,3,1,"N","N",162
"DOLPHB-180","M",224,"Local","SinglePass",13,28,0,0,0,0,0,1,0,0,2,NA,2,1,1,"N","N",66
"DOLPHB-182","F",13,"Overseas","SinglePass",12,0,1,0,0,1,1,1,0,0,2,"WaterRapidsAdventure",1,2,1,"N","N",112
"DOLPHB-184","F",22,"Local","SinglePass",18,0,1,0,1,0,0,1,0,0,3,NA,3,2,1,"Y","Y",93
"DOLPHB-186","M",17,"Overseas","MultiPass",16,0,1,0,0,0,0,1,0,0,1,"WaterRapidsAdventure",3,3,1,"Y","Y",116
"DOLPHB-188","F",6,"Local","MultiPass",10,0,1,0,1,1,1,1,1,0,3,NA,1,2,1,"Y","Y",110
"DOLPHB-190","F",6,"Overseas","MultiPass",10,0,1,0,0,0,1,1,1,0,2,NA,1,2,1,"N","Y",110
"DOLPHB-192","M",26,"Local","SinglePass",16,25,0,0,0,1,0,1,0,0,2,"WaterRapidsAdventure",1,2,1,"N","Y",91
"DOLPHB-194","M",10,"Overseas","MultiPass",10,0,1,0,0,1,1,1,0,0,3,"WaterRapidsAdventure",1,2,1,"N","N",110
"DOLPHB-196","F",14,"Local","MultiPass",16,0,1,0,1,1,0,1,0,0,2,NA,1,1,1,"N","N",116
"DOLPHB-198","M",66,"Overseas","SinglePass",19,0,1,0,0,0,0,1,0,0,3,"WaterRapidsAdventure",2,1,1,"N","N",69
"DOLPHB-2","F",5,"Overseas","MultiPass",10,0,1,1,1,1,0,0,0,0,1,"FantasyCarousel",1,4,1,"N","N",110
"DOLPHB-20","M",45,"Overseas","MultiPass",14,40,0,0,0,0,0,0,0,1,1,NA,1,4,1,"N","N",154
"DOLPHB-200","M",55,"Local","SinglePass",10,0,1,0,0,0,1,0,1,1,3,NA,2,2,1,"Y","Y",85
"DOLPHB-202","M",56,"Overseas","SinglePass",13,0,1,0,1,1,0,0,0,1,3,"WaterRapidsAdventure",1,2,1,"Y","Y",88
"DOLPHB-204","F",60,"Local","MultiPass",15,0,1,0,0,0,0,1,0,0,3,"WaterRapidsAdventure",3,2,1,"N","N",115
"DOLPHB-206","M",60,"Overseas","SinglePass",14,0,1,0,0,0,1,1,0,0,3,NA,4,1,1,"N","Y",89
"DOLPHB-208","F",55,"Local","SinglePass",10,27,0,0,0,0,0,0,0,1,3,NA,1,2,1,"N","N",37
"DOLPHB-210","F",61,"Overseas","SinglePass",10,0,1,0,0,0,1,1,0,0,2,NA,1,2,1,"Y","Y",85
"DOLPHB-212","M",59,"Local","MultiPass",16,0,1,0,0,0,1,1,0,0,3,NA,1,1,1,"N","N",116
"DOLPHB-214","F",58,"Overseas","MultiPass",10,0,1,0,0,1,1,1,1,0,2,"WaterRapidsAdventure",1,1,1,"N","N",110
"DOLPHB-216","F",61,"Local","MultiPass",14,29,0,0,1,0,0,1,0,0,3,NA,2,2,1,"N","N",143
"DOLPHB-218","M",56,"Overseas","SinglePass",10,0,1,0,0,0,1,1,1,0,3,NA,1,1,1,"N","N",110
"DOLPHB-22","M",43,"Local","SinglePass",18,40,0,0,0,0,0,0,0,1,1,NA,2,4,1,"N","N",58
"DOLPHB-220","M",65,"Local","MultiPass",23,0,1,0,1,0,1,1,0,0,2,NA,3,1,1,"Y","Y",123
"DOLPHB-222","F",20,"Overseas","MultiPass",25,0,1,0,0,0,1,1,0,0,3,NA,4,1,1,"N","N",125
"DOLPHB-224","M",24,"Local","SinglePass",19,0,1,0,1,1,0,1,0,0,1,NA,1,3,1,"N","Y",119
"DOLPHB-226","M",23,"Overseas","MultiPass",14,0,1,0,0,0,1,1,0,0,2,NA,3,2,1,"N","N",114
"DOLPHB-228","M",24,"Local","SinglePass",18,0,1,0,0,1,0,1,0,0,2,"SpaceJourney",1,2,1,"N","N",93
"DOLPHB-230","F",17,"Overseas","MultiPass",19,0,1,0,0,0,1,1,0,0,2,NA,3,2,1,"N","N",119
"DOLPHB-232","F",26,"Local","MultiPass",20,25,0,0,0,0,0,1,0,0,2,NA,2,2,1,"N","N",145
"DOLPHB-234","M",22,"Overseas","SinglePass",17,0,1,0,1,1,1,1,0,0,2,"SpaceJourney",1,1,1,"N","N",142
"DOLPHB-236","M",15,"Local","SinglePass",25,0,1,0,1,0,1,1,0,0,2,NA,4,1,1,"N","N",125
"DOLPHB-238","F",19,"Overseas","SinglePass",23,0,1,0,0,0,1,1,0,0,2,NA,3,2,1,"N","N",98
"DOLPHB-24","M",17,"Local","SinglePass",12,7,0,0,0,0,0,1,1,0,1,NA,2,3,1,"N","N",69
"DOLPHB-240","M",10,"Local","MultiPass",10,0,1,0,1,1,1,1,0,0,3,"RollerCoaster",1,2,1,"N","Y",110
"DOLPHB-242","M",8,"Overseas","SinglePass",10,0,1,0,0,1,1,1,1,0,3,"SpaceJourney",1,1,1,"N","N",135
"DOLPHB-244","F",8,"Local","SinglePass",10,0,1,0,0,1,1,1,1,0,3,"RollerCoaster",1,2,1,"N","Y",135
"DOLPHB-246","M",6,"Overseas","SinglePass",10,0,1,0,1,1,1,1,1,0,3,"SpaceJourney",1,1,1,"N","N",160
"DOLPHB-248","M",10,"Local","MultiPass",10,0,1,0,0,0,1,1,0,0,1,NA,1,4,1,"N","N",110
"DOLPHB-250","F",16,"Overseas","MultiPass",16,0,1,0,0,0,1,1,0,0,2,NA,3,2,1,"N","N",116
"DOLPHB-252","M",21,"Local","MultiPass",14,0,1,0,0,0,1,1,0,0,2,NA,4,2,1,"N","N",114
"DOLPHB-254","M",17,"Overseas","MultiPass",13,0,1,0,1,0,1,1,0,0,2,NA,4,1,1,"N","N",113
"DOLPHB-256","F",22,"Local","MultiPass",25,0,1,0,1,1,1,1,0,0,3,NA,1,1,1,"N","N",125
"DOLPHB-258","M",15,"Overseas","MultiPass",25,0,1,0,1,1,1,1,0,0,3,NA,3,2,1,"N","N",125
"DOLPHB-26","F",11,"Overseas","SinglePass",10,8,0,0,1,1,1,1,1,0,3,NA,4,1,1,"N","N",143
"DOLPHB-260","M",7,"Local","MultiPass",10,0,1,0,0,1,1,1,1,0,2,"RollerCoaster",1,2,1,"N","N",110
"DOLPHB-262","F",22,"Overseas","MultiPass",23,10,1,0,1,0,1,1,0,0,3,NA,2,2,1,"Y","Y",133
"DOLPHB-264","M",11,"Local","MultiPass",10,0,1,0,1,0,1,1,0,0,3,NA,3,2,1,"N","N",110
"DOLPHB-266","M",11,"Overseas","MultiPass",10,0,1,0,1,1,1,1,0,0,3,NA,3,2,1,"N","N",110
"DOLPHB-268","F",11,"Local","MultiPass",10,0,1,0,0,1,1,1,0,0,3,NA,1,1,1,"N","Y",110
"DOLPHB-270","F",26,"Overseas","MultiPass",23,10,0,0,0,1,0,1,0,0,2,NA,1,2,1,"N","N",133
"DOLPHB-272","F",12,"Local","MultiPass",14,0,1,0,0,1,1,1,0,0,3,NA,2,2,1,"N","N",114
"DOLPHB-274","F",21,"Overseas","MultiPass",17,10,1,0,0,0,1,1,0,0,3,NA,3,2,1,"N","N",127
"DOLPHB-276","F",15,"Local","MultiPass",15,0,1,0,0,0,1,1,0,0,3,NA,4,1,1,"N","N",115
"DOLPHB-278","F",6,"Overseas","MultiPass",10,0,1,0,0,0,1,1,1,0,2,NA,2,1,1,"Y","Y",110
"DOLPHB-28","M",55,"Local","MultiPass",19,40,1,0,0,0,0,0,0,1,1,NA,2,4,1,"N","N",159
"DOLPHB-280","F",16,"Local","MultiPass",16,10,1,0,1,1,1,1,0,0,2,NA,4,1,1,"N","Y",126
"DOLPHB-282","F",20,"Overseas","MultiPass",22,10,1,0,0,0,1,1,0,0,2,NA,2,1,1,"Y","Y",132
"DOLPHB-284","F",12,"Local","MultiPass",12,0,1,0,0,0,1,1,0,0,3,NA,4,1,1,"N","N",112
"DOLPHB-286","F",12,"Overseas","MultiPass",13,0,1,0,0,1,1,1,0,0,2,"RollerCoaster",4,2,1,"Y","N",113
"DOLPHB-288","F",11,"Local","MultiPass",10,0,1,0,0,1,1,1,0,0,3,"RollerCoaster",3,1,1,"N","N",110
"DOLPHB-290","F",17,"Overseas","MultiPass",25,10,1,0,0,0,1,1,0,0,2,NA,2,2,1,"N","N",135
"DOLPHB-292","F",24,"Local","MultiPass",22,10,1,0,0,1,0,1,0,0,2,"RollerCoaster",3,1,1,"N","Y",132
"DOLPHB-294","F",23,"Overseas","MultiPass",24,10,1,0,1,1,1,1,0,0,3,"RollerCoaster",2,1,1,"N","N",134
"DOLPHB-296","F",11,"Local","SinglePass",10,0,1,0,1,1,1,1,0,0,3,"RollerCoaster",1,2,1,"N","N",135
"DOLPHB-298","F",24,"Overseas","SinglePass",19,10,1,0,0,1,0,1,0,0,3,"RollerCoaster",1,2,1,"N","N",104
"DOLPHB-30","F",56,"Overseas","SinglePass",22,40,0,0,0,0,0,0,0,1,1,NA,4,4,1,"Y","Y",62
"DOLPHB-300","F",6,"Local","SinglePass",10,0,1,0,0,0,1,0,1,1,3,NA,3,2,1,"N","N",85
"DOLPHB-302","F",20,"Overseas","SinglePass",14,10,1,0,1,0,1,0,0,1,3,NA,3,2,1,"N","N",99
"DOLPHB-304","F",14,"Local","SinglePass",16,0,1,0,1,0,1,1,0,0,3,NA,1,1,1,"Y","Y",116
"DOLPHB-306","F",6,"Overseas","SinglePass",10,0,1,0,1,0,1,1,1,0,2,NA,3,1,1,"N","N",135
"DOLPHB-308","F",15,"Local","SinglePass",19,0,1,0,1,0,1,1,0,0,3,NA,4,2,1,"N","N",119
"DOLPHB-310","F",20,"Overseas","SinglePass",19,10,1,0,1,0,1,1,0,0,2,NA,4,1,1,"N","N",129
"DOLPHB-312","F",16,"Local","SinglePass",20,10,1,0,0,1,1,1,0,0,3,NA,1,1,1,"N","N",130
"DOLPHB-314","F",7,"Overseas","SinglePass",10,0,1,0,0,1,1,1,1,0,2,NA,1,2,1,"N","Y",135
"DOLPHB-32","M",56,"Local","SinglePass",18,40,0,0,0,0,0,0,0,1,1,NA,4,4,1,"N","N",58
"DOLPHB-34","M",18,"Overseas","SinglePass",17,5,1,0,1,0,0,1,1,0,2,NA,1,1,1,"N","N",122
"DOLPHB-36","M",20,"Local","MultiPass",18,9,1,0,1,0,0,1,1,0,1,NA,2,4,1,"N","Y",127
"DOLPHB-38","F",15,"Overseas","MultiPass",12,8,1,0,1,1,0,1,1,0,1,"WaterRapidsAdventure",4,4,1,"Y","Y",120
"DOLPHB-4","M",20,"Overseas","SinglePass",15,0,1,1,0,1,1,1,1,1,1,"FantasyCarousel",1,4,1,"Y","Y",165
"DOLPHB-40","M",65,"Local","MultiPass",12,40,1,0,0,0,0,0,0,1,1,NA,2,4,1,"N","N",152
"DOLPHB-42","F",53,"Overseas","SinglePass",22,40,0,0,0,0,0,0,0,1,1,NA,2,3,1,"N","N",62
"DOLPHB-44","M",40,"Local","MultiPass",14,40,0,0,0,0,0,0,0,1,1,NA,3,3,1,"N","N",154
"DOLPHB-46","M",18,"Overseas","MultiPass",24,6,1,0,1,0,0,1,1,0,1,NA,3,3,1,"N","N",130
"DOLPHB-48","M",22,"Local","SinglePass",17,6,1,0,1,0,0,1,1,0,1,NA,4,4,1,"N","N",123
"DOLPHB-50","F",35,"Overseas","SinglePass",25,40,0,0,0,0,0,0,0,1,1,NA,1,4,1,"N","N",65
"DOLPHB-52","M",37,"Local","SinglePass",25,40,0,0,1,0,0,0,0,1,1,NA,1,3,1,"N","N",90
"DOLPHB-54","F",12,"Overseas","MultiPass",20,7,1,0,1,1,1,1,1,0,1,NA,4,3,1,"N","N",127
"DOLPHB-56","M",31,"Local","SinglePass",17,40,0,0,0,0,0,1,0,0,1,NA,4,4,1,"Y","Y",82
"DOLPHB-58","M",56,"Overseas","SinglePass",14,40,0,0,0,0,0,0,0,1,1,NA,2,4,1,"N","N",54
"DOLPHB-6","F",18,"Overseas","SinglePass",23,0,0,0,0,0,0,1,1,0,1,NA,3,4,1,"Y","Y",73
"DOLPHB-60","F",56,"Local","SinglePass",17,40,0,0,0,0,0,0,0,1,2,NA,1,1,1,"N","Y",57
"DOLPHB-62","M",23,"Overseas","MultiPass",10,8,0,0,0,1,1,1,1,0,1,NA,3,3,1,"Y","Y",118
"DOLPHB-64","F",46,"Local","MultiPass",16,40,0,0,0,0,0,0,0,1,1,NA,2,3,1,"N","N",156
"DOLPHB-66","M",61,"Overseas","MultiPass",20,40,0,0,0,0,0,0,0,1,1,NA,1,4,1,"N","N",160
"DOLPHB-68","M",41,"Local","SinglePass",22,40,0,0,0,0,0,0,0,1,2,NA,1,2,1,"N","N",62
"DOLPHB-70","F",24,"Overseas","MultiPass",16,5,0,0,0,1,0,1,1,0,1,"SpaceJourney",1,3,1,"N","Y",121
"DOLPHB-72","M",20,"Local","MultiPass",23,7,0,0,1,0,0,1,1,0,3,NA,1,1,1,"N","N",130
"DOLPHB-74","F",30,"Overseas","SinglePass",18,6,1,0,0,1,0,1,1,0,1,"WaterRapidsAdventure",4,3,1,"N","Y",124
"DOLPHB-76","M",28,"Local","MultiPass",18,40,0,0,0,1,0,1,0,0,3,"WaterRapidsAdventure",1,2,1,"N","N",158
"DOLPHB-78","M",32,"Overseas","SinglePass",19,40,0,0,0,0,0,1,0,0,3,NA,2,2,1,"N","N",84
"DOLPHB-8","M",35,"Local","SinglePass",17,0,0,0,0,0,0,0,0,0,1,NA,2,3,1,"N","N",17
"DOLPHB-80","F",44,"Local","MultiPass",24,40,0,0,0,0,0,0,0,1,3,NA,3,2,1,"N","N",164
"DOLPHB-82","F",10,"Overseas","MultiPass",10,9,1,0,1,1,1,1,1,0,2,"RollerCoaster",3,1,1,"N","N",119
"DOLPHB-84","M",45,"Local","SinglePass",12,40,0,0,0,0,0,0,0,1,2,NA,4,1,1,"Y","Y",52
"DOLPHB-86","F",44,"Overseas","SinglePass",22,40,0,0,0,0,0,0,0,1,1,NA,1,3,1,"N","N",62
"DOLPHB-88","M",34,"Local","SinglePass",25,40,0,0,1,0,0,1,0,0,1,NA,3,3,1,"N","N",115
"DOLPHB-90","M",13,"Overseas","MultiPass",15,5,1,0,1,0,1,1,1,0,1,NA,4,3,1,"N","N",120
"DOLPHB-92","M",21,"Local","SinglePass",25,6,1,0,1,0,0,1,1,0,2,NA,3,1,1,"N","N",131
"DOLPHB-94","F",27,"Overseas","SinglePass",23,40,0,0,1,1,0,1,0,0,1,"WaterRapidsAdventure",2,3,1,"N","N",138
"DOLPHB-96","M",45,"Local","SinglePass",15,40,0,0,0,0,0,0,0,1,3,NA,2,1,1,"N","N",55
"DOLPHB-98","F",6,"Overseas","MultiPass",10,9,1,0,0,1,1,1,1,0,1,NA,2,4,1,"N","N",119
"DOLPHC-408","M",25,"Local","SinglePass",13,10,1,0,1,0,0,1,0,0,2,NA,2,2,1,"N","Y",98
"DOLPHC-409","M",20,"Local","MultiPass",15,10,1,0,0,1,1,0,0,1,3,NA,4,1,1,"N","N",125
"DOLPHC-410","M",24,"Overseas","SinglePass",25,10,1,0,0,1,0,1,0,0,2,NA,4,1,1,"N","N",110
"DOLPHC-411","M",22,"Local","MultiPass",12,10,1,0,1,1,1,1,0,0,3,NA,4,1,1,"N","N",122
"DOLPHC-412","M",24,"Local","SinglePass",15,10,1,0,0,1,0,1,0,0,2,NA,2,2,1,"N","Y",100
"DOLPHC-413","M",24,"Local","MultiPass",23,10,1,0,1,1,0,1,0,0,3,NA,1,2,1,"N","N",133
"DOLPHC-414","M",20,"Overseas","SinglePass",17,10,1,0,1,0,1,1,0,0,2,NA,4,1,1,"N","N",127
"DOLPHC-415","M",24,"Local","MultiPass",22,10,1,0,0,0,0,1,0,0,1,NA,3,3,1,"Y","Y",132
"DOLPHC-416","M",26,"Local","SinglePass",20,10,0,0,0,1,0,1,0,0,3,NA,1,2,1,"N","N",80
"DOLPHC-417","M",23,"Local","MultiPass",25,10,1,0,1,0,1,1,0,0,1,NA,1,4,1,"N","N",135
"DOLPHC-418","M",30,"Overseas","SinglePass",16,10,0,0,1,0,1,1,0,0,1,NA,1,4,1,"N","N",101
"DOLPHC-419","M",26,"Local","MultiPass",12,10,0,0,0,1,0,0,0,1,2,NA,1,2,1,"N","Y",122
"DOLPHC-420","M",25,"Local","SinglePass",15,10,1,0,1,1,0,1,0,0,3,NA,3,2,1,"N","N",125
"DOLPHC-421","M",21,"Local","MultiPass",20,10,1,0,1,1,0,1,0,0,3,NA,3,1,1,"N","N",130
"DOLPHC-422","M",20,"Overseas","SinglePass",13,10,1,0,0,0,0,1,0,0,1,NA,4,4,1,"N","N",73
"DOLPHC-423","M",29,"Local","MultiPass",17,10,0,0,0,0,0,1,0,0,1,NA,1,3,1,"N","N",127
"DOLPHC-424","M",30,"Local","SinglePass",16,10,0,0,1,0,1,1,0,0,1,NA,1,3,1,"N","N",101
"DOLPHC-425","F",28,"Local","MultiPass",17,10,0,0,0,1,1,1,0,0,1,NA,4,4,1,"N","N",127
"DOLPHC-426","M",28,"Overseas","SinglePass",24,10,0,0,0,0,0,1,0,0,1,NA,4,4,1,"N","N",59
"DOLPHC-427","M",27,"Local","MultiPass",18,10,0,0,1,0,0,1,0,0,1,NA,2,3,1,"N","N",128
"DOLPHC-428","M",28,"Local","SinglePass",22,10,0,0,0,1,0,1,0,0,2,NA,3,1,1,"N","Y",82
"DOLPHC-429","M",21,"Local","MultiPass",12,10,1,0,0,1,0,0,0,0,3,NA,4,2,1,"N","N",122
"DOLPHC-430","M",20,"Overseas","SinglePass",25,10,1,0,1,1,1,1,0,0,3,NA,4,1,1,"N","N",160
"DOLPHC-431","M",24,"Local","MultiPass",19,10,1,0,1,1,0,1,0,0,2,NA,1,1,1,"Y","Y",129
"DOLPHC-432","M",24,"Local","SinglePass",20,10,1,0,1,0,0,1,0,0,3,NA,1,2,1,"Y","Y",105
"DOLPHC-433","M",23,"Local","MultiPass",20,10,1,0,0,0,1,1,0,0,2,NA,3,1,1,"N","N",130
"DOLPHC-434","M",22,"Overseas","SinglePass",20,10,1,0,1,0,0,1,0,0,2,NA,1,2,1,"N","N",105
"DOLPHC-435","M",25,"Local","MultiPass",19,10,1,0,0,1,1,1,0,0,3,NA,3,2,1,"N","N",129
"DOLPHC-436","M",21,"Local","SinglePass",23,10,1,0,0,1,0,1,0,0,1,NA,4,4,1,"N","N",108
"DOLPHC-437","M",29,"Local","MultiPass",24,10,0,0,1,0,1,1,0,0,1,NA,1,4,1,"N","N",134
"DOLPHC-438","M",30,"Overseas","SinglePass",13,10,0,0,1,0,0,1,0,0,1,NA,2,4,1,"N","Y",73
"DOLPHC-439","M",26,"Local","MultiPass",25,10,0,0,0,1,1,1,0,1,1,NA,4,3,1,"N","N",135
"DOLPHC-440","M",30,"Local","SinglePass",24,10,0,0,0,0,0,1,0,0,1,NA,3,4,1,"N","N",59
"DOLPHC-441","M",26,"Local","MultiPass",17,10,0,0,1,0,1,1,0,0,3,NA,3,1,1,"N","Y",127
"DOLPHC-442","M",25,"Overseas","SinglePass",12,10,1,0,0,1,0,1,0,0,1,NA,2,3,1,"Y","Y",97
"DOLPHC-443","M",26,"Local","MultiPass",19,10,0,0,1,0,1,1,0,0,1,NA,1,3,1,"N","N",129
"DOLPHC-444","M",30,"Local","SinglePass",22,10,0,0,0,0,0,1,0,0,1,NA,2,4,1,"N","Y",57
"DOLPHC-445","M",30,"Local","MultiPass",18,10,0,0,0,0,1,1,0,0,1,NA,3,3,1,"N","Y",128
"DOLPHC-446","M",26,"Overseas","SinglePass",25,10,0,0,1,0,1,1,0,0,1,NA,4,4,1,"Y","Y",110
"DOLPHC-447","M",27,"Local","MultiPass",25,10,0,0,1,0,0,1,0,0,1,NA,1,4,1,"N","N",135
"DOLPHC-448","M",27,"Local","SinglePass",22,10,0,0,1,0,0,1,0,0,2,NA,3,1,1,"N","Y",82
"DOLPHC-449","M",22,"Local","MultiPass",15,10,1,0,1,0,1,0,0,0,1,NA,1,3,1,"Y","Y",125
"DOLPHC-450","M",29,"Overseas","SinglePass",19,10,0,0,0,0,0,1,0,0,3,NA,4,2,1,"N","N",54
"DOLPHC-451","M",24,"Local","MultiPass",21,10,1,0,1,1,0,1,0,0,2,NA,3,1,1,"N","N",131
"DOLPHC-452","M",23,"Local","SinglePass",17,10,1,0,1,1,0,1,0,0,1,NA,3,4,1,"N","N",127
"DOLPHC-453","M",26,"Local","MultiPass",18,10,0,0,1,0,0,1,0,0,2,NA,4,2,1,"N","Y",128
"DOLPHC-454","M",20,"Overseas","SinglePass",13,10,1,0,0,0,1,1,0,0,1,NA,2,4,1,"N","Y",98
"DOLPHC-455","M",30,"Local","MultiPass",19,10,0,0,1,0,0,1,0,0,2,NA,3,1,1,"N","N",129
"DOLPHC-456","M",23,"Local","SinglePass",21,10,1,0,1,1,0,1,0,0,1,NA,1,4,1,"N","Y",131
"DOLPHC-457","M",26,"Local","MultiPass",22,10,0,0,0,1,1,1,0,0,1,NA,1,4,1,"N","N",132
"DOLPHC-458","M",26,"Overseas","SinglePass",17,10,0,0,1,0,1,1,0,0,3,NA,4,2,1,"N","N",102
"DOLPHC-459","M",22,"Local","SinglePass",17,10,1,0,0,0,0,0,0,0,2,NA,3,1,1,"N","N",52
"DOLPHC-460","M",22,"Local","MultiPass",15,10,1,0,1,1,1,1,0,0,1,NA,2,4,1,"N","N",125
"DOLPHC-461","M",27,"Local","MultiPass",18,10,0,0,1,1,1,1,0,0,1,NA,4,3,1,"N","Y",128
"DOLPHC-462","M",26,"Overseas","SinglePass",12,10,0,0,1,0,1,1,0,0,1,NA,1,4,1,"N","N",97
"DOLPHC-463","M",28,"Local","MultiPass",24,10,0,0,0,1,1,1,0,0,1,NA,1,3,1,"N","N",134
"DOLPHC-464","M",30,"Local","SinglePass",14,10,0,0,1,0,1,1,0,0,1,NA,1,4,1,"N","N",99
"DOLPHC-465","M",27,"Local","SinglePass",22,10,0,0,1,1,0,1,0,0,1,NA,1,4,1,"N","Y",107
"DOLPHC-466","M",28,"Overseas","MultiPass",18,10,0,0,1,0,0,1,0,0,3,NA,1,1,1,"N","N",128
"DOLPHC-467","M",22,"Local","MultiPass",23,10,1,0,0,1,1,1,0,0,2,NA,1,1,1,"N","Y",133
"DOLPHC-468","M",25,"Local","SinglePass",22,10,1,0,1,1,1,1,0,0,3,NA,1,2,1,"N","Y",157
"DOLPHC-469","M",22,"Local","MultiPass",25,10,1,0,0,0,1,1,0,0,1,NA,1,3,1,"N","N",135
"DOLPHC-470","M",29,"Overseas","SinglePass",17,10,0,0,1,0,1,1,0,0,2,NA,1,2,1,"N","N",102
"DOLPHC-471","M",21,"Local","SinglePass",20,10,1,0,0,1,1,1,0,0,1,NA,1,4,1,"N","N",130
"DOLPHC-472","M",28,"Local","MultiPass",22,10,0,0,0,0,1,1,0,0,1,NA,1,4,1,"N","N",132
"DOLPHC-473","M",27,"Local","MultiPass",22,10,0,0,0,0,1,1,0,0,1,NA,1,3,1,"N","N",132
"DOLPHC-474","M",28,"Overseas","SinglePass",19,10,0,0,0,0,0,1,0,0,3,NA,1,1,1,"Y","Y",54
"DOLPHC-475","M",22,"Local","MultiPass",25,10,1,0,0,1,0,1,0,0,3,NA,1,2,1,"N","N",135
"DOLPHC-476","M",20,"Local","SinglePass",16,10,1,0,1,1,1,1,0,0,3,NA,1,2,1,"N","Y",151
"DOLPHC-477","M",21,"Local","SinglePass",18,10,1,0,0,0,1,1,0,0,2,NA,1,2,1,"N","Y",103
"DOLPHC-478","M",24,"Overseas","MultiPass",16,10,1,0,0,1,0,1,0,0,1,NA,1,3,1,"N","N",126
"DOLPHC-479","M",30,"Local","MultiPass",15,10,0,0,1,0,0,0,0,0,3,NA,1,2,1,"N","N",125
"DOLPHC-480","M",22,"Local","SinglePass",21,10,1,0,0,1,0,1,0,0,2,NA,1,1,1,"N","Y",106
"DOLPHC-481","M",20,"Local","MultiPass",12,10,1,0,0,0,0,1,0,0,3,NA,1,1,1,"N","N",122
"DOLPHC-482","M",25,"Overseas","SinglePass",20,10,1,0,1,0,1,1,0,0,1,NA,1,4,1,"N","N",130
"DOLPHC-483","M",27,"Local","SinglePass",17,10,0,0,1,1,1,1,0,0,2,NA,1,1,1,"Y","Y",127
"DOLPHC-484","M",25,"Local","MultiPass",21,10,1,0,1,1,1,1,0,0,2,NA,1,2,1,"N","N",131
"DOLPHC-485","M",21,"Local","MultiPass",22,10,1,0,0,1,0,1,0,0,2,NA,1,2,1,"N","N",132
"DOLPHC-486","M",25,"Overseas","SinglePass",20,10,1,0,1,1,0,1,0,0,1,NA,1,3,1,"N","N",130
"DOLPHC-487","M",29,"Local","MultiPass",12,10,0,0,1,0,1,1,0,0,1,NA,1,4,1,"N","Y",122
"DOLPHC-488","M",29,"Local","SinglePass",17,10,0,0,1,1,0,1,0,0,1,NA,1,3,1,"N","N",102
"DOLPHC-489","M",29,"Local","SinglePass",15,10,0,0,0,0,0,1,0,0,3,NA,1,2,1,"N","N",50
"DOLPHC-490","M",22,"Overseas","MultiPass",24,10,1,0,1,0,1,1,0,0,1,NA,1,3,1,"N","N",134
"DOLPHC-491","M",26,"Local","MultiPass",15,10,0,0,1,1,1,1,0,0,2,NA,1,2,1,"N","N",125
"DOLPHC-492","M",22,"Local","SinglePass",20,10,1,0,0,1,0,1,0,0,3,NA,1,1,1,"N","N",105
"DOLPHC-493","M",22,"Local","MultiPass",16,10,1,0,1,1,1,1,0,0,2,NA,1,2,1,"Y","Y",126
"DOLPHC-494","M",20,"Overseas","SinglePass",23,10,1,0,1,0,1,1,0,0,3,NA,1,1,1,"N","N",133
"DOLPHC-495","M",23,"Local","SinglePass",23,10,1,0,0,0,0,1,0,0,1,NA,1,3,1,"N","N",83
"DOLPHC-496","M",27,"Local","MultiPass",18,10,0,0,1,0,1,1,0,0,2,NA,1,2,1,"N","N",128
"DOLPHC-497","M",22,"Local","MultiPass",25,10,1,0,1,1,1,1,0,0,2,NA,1,1,1,"Y","Y",135
"DOLPHC-498","M",20,"Overseas","SinglePass",23,10,1,0,0,1,0,1,0,0,2,NA,1,2,1,"N","Y",108
"DOLPHC-499","M",10,"Local","MultiPass",10,0,1,0,0,1,0,1,0,0,2,NA,3,1,1,"N","N",110
"DOLPHC-500","M",11,"Local","SinglePass",10,0,1,0,0,0,1,0,0,0,2,NA,3,2,1,"N","N",60
"DOLPHC-501","M",15,"Local","SinglePass",14,0,1,0,1,0,0,1,0,0,3,NA,2,2,1,"N","N",89
"DOLPHC-502","M",15,"Overseas","MultiPass",19,0,1,0,1,1,0,0,0,0,2,NA,4,2,1,"N","N",119
"DOLPHC-503","M",25,"Local","MultiPass",14,10,1,0,0,1,0,0,0,0,1,NA,1,3,1,"N","N",124
"DOLPHC-504","M",28,"Local","SinglePass",14,10,0,0,1,0,1,1,0,0,3,NA,1,1,1,"N","N",99
"DOLPHC-505","M",16,"Local","MultiPass",15,10,1,0,0,1,0,1,0,0,3,NA,4,1,1,"N","Y",125
"DOLPHC-506","M",20,"Overseas","SinglePass",19,10,1,0,1,1,1,1,0,0,3,NA,1,2,1,"N","N",154
"DOLPHC-507","F",16,"Local","SinglePass",18,10,1,0,0,1,1,1,0,0,2,NA,4,1,1,"Y","Y",128
"DOLPHC-508","F",15,"Local","MultiPass",15,0,1,0,0,1,0,0,0,0,1,NA,2,3,1,"N","N",115
"DOLPHC-509","F",27,"Local","MultiPass",16,10,0,0,1,0,0,0,0,0,2,NA,1,2,1,"N","Y",126
"DOLPHC-510","F",22,"Overseas","SinglePass",21,10,1,0,1,0,0,1,0,0,1,NA,1,3,1,"N","N",106
"DOLPHC-511","M",27,"Local","MultiPass",25,10,0,0,0,1,1,1,0,0,2,NA,1,1,1,"N","Y",135
"DOLPHC-512","M",22,"Local","SinglePass",13,10,1,0,1,1,0,1,0,0,1,NA,1,4,1,"N","Y",123
"DOLPHC-513","F",30,"Local","SinglePass",17,10,0,0,1,0,0,1,0,0,2,NA,1,2,1,"N","N",77
"DOLPHC-514","F",24,"Overseas","MultiPass",21,10,1,0,1,0,1,1,0,0,2,"DolphinDance",1,2,1,"N","N",131
"DOLPHC-515","F",8,"Local","MultiPass",10,0,1,0,1,0,1,1,1,1,2,"DolphinDance",4,2,1,"N","N",110
"DOLPHC-516","F",14,"Local","SinglePass",25,0,1,0,1,0,1,1,0,0,2,"DolphinDance",2,2,1,"N","N",125
"DOLPHC-517","M",9,"Local","MultiPass",10,0,1,0,1,0,0,1,1,1,3,"DolphinDance",2,2,1,"N","N",110
"DOLPHC-518","M",16,"Overseas","SinglePass",16,10,1,0,1,0,0,1,0,0,2,NA,3,2,1,"N","N",101
"DOLPHC-519","F",24,"Local","SinglePass",14,10,1,0,0,0,1,1,0,0,3,NA,1,2,1,"N","N",99
"DOLPHC-520","F",20,"Local","MultiPass",15,10,1,0,1,0,1,1,0,0,3,NA,1,1,1,"N","N",125
"DOLPHC-521","F",6,"Local","MultiPass",10,0,1,0,0,0,0,1,1,1,2,NA,4,1,1,"N","N",110
"DOLPHC-522","F",15,"Overseas","SinglePass",18,0,1,0,1,1,0,1,0,0,2,NA,4,1,1,"N","N",118
"DOLPHC-523","M",12,"Local","MultiPass",15,0,1,0,0,1,1,1,0,0,3,NA,3,1,1,"N","N",115
"DOLPHC-524","M",12,"Local","SinglePass",15,0,1,0,1,1,0,1,0,0,3,NA,2,1,1,"N","N",115
"DOLPHC-525","F",21,"Local","SinglePass",21,10,1,0,0,0,0,1,0,0,3,NA,1,1,1,"Y","Y",81
"DOLPHC-526","F",21,"Overseas","MultiPass",18,10,1,0,1,0,0,1,0,0,3,NA,1,2,1,"N","N",128
"DOLPHC-527","F",18,"Local","MultiPass",12,10,1,0,0,1,1,1,0,0,3,NA,3,1,1,"N","N",122
"DOLPHC-528","F",12,"Local","SinglePass",15,0,1,0,0,1,1,1,0,0,3,NA,4,2,1,"N","Y",115
"DOLPHC-529","M",9,"Local","MultiPass",10,0,1,0,1,1,0,0,1,0,3,NA,4,2,1,"Y","Y",110
"DOLPHC-530","M",13,"Overseas","SinglePass",15,0,1,0,1,0,0,1,0,0,3,NA,2,1,1,"N","N",90
"DOLPHC-531","M",7,"Local","SinglePass",10,0,1,0,1,1,0,1,1,1,3,NA,2,1,1,"N","Y",135
"DOLPHC-532","M",19,"Local","MultiPass",22,10,1,0,1,1,1,1,0,0,2,NA,2,2,1,"N","N",132
"DOLPHC-533","M",15,"Local","MultiPass",12,0,1,0,0,0,0,1,0,0,3,NA,4,1,1,"N","N",112
"DOLPHC-534","M",12,"Overseas","SinglePass",16,0,1,0,0,0,0,1,0,0,3,NA,2,2,1,"N","Y",66
"DOLPHC-535","M",16,"Local","MultiPass",12,10,1,0,0,1,0,1,0,0,3,NA,3,2,1,"N","N",122
"DOLPHC-536","M",25,"Local","SinglePass",24,10,1,0,0,0,0,1,0,0,2,NA,1,1,1,"Y","Y",84
"DOLPHC-537","M",21,"Local","SinglePass",24,10,1,0,1,0,1,1,0,0,2,NA,1,2,1,"N","N",134
"DOLPHC-538","M",17,"Overseas","MultiPass",21,10,1,0,0,1,0,1,0,0,1,NA,2,3,1,"Y","Y",131
"DOLPHC-539","M",27,"Local","MultiPass",23,10,0,0,1,0,0,0,0,0,2,NA,1,2,1,"N","N",133
"DOLPHC-540","M",16,"Local","SinglePass",24,10,1,0,1,0,0,1,0,0,1,NA,3,3,1,"N","Y",109
"DOLPHC-541","M",29,"Local","MultiPass",24,10,0,0,1,0,0,1,0,0,1,NA,1,3,1,"N","N",134
"DOLPHC-542","M",27,"Overseas","SinglePass",13,10,0,0,0,0,1,1,0,0,1,NA,1,4,1,"N","N",73
"DOLPHC-543","M",29,"Local","SinglePass",24,10,0,0,0,0,1,1,0,0,2,NA,1,2,1,"N","Y",84
"DOLPHC-544","M",15,"Local","MultiPass",20,0,1,0,0,1,1,1,0,0,2,NA,3,2,1,"N","N",120
"DOLPHC-545","M",16,"Local","MultiPass",16,10,1,0,1,0,1,1,0,0,1,NA,4,4,1,"N","Y",126
"DOLPHC-546","M",29,"Overseas","SinglePass",20,10,0,0,0,1,1,1,0,0,2,NA,1,2,1,"N","N",105
"DOLPHC-547","M",16,"Local","MultiPass",23,10,1,0,0,0,0,1,0,0,1,NA,2,4,1,"N","N",133
"DOLPHC-548","M",28,"Local","SinglePass",13,10,0,0,1,1,1,1,0,0,3,NA,1,1,1,"Y","Y",123
"DOLPHC-549","M",20,"Local","SinglePass",21,10,1,0,1,1,1,1,0,0,1,NA,1,3,1,"N","N",156
"DOLPHC-550","M",27,"Overseas","MultiPass",25,10,0,0,1,1,0,1,0,0,3,NA,1,2,1,"N","N",135
"DOLPHC-551","M",16,"Local","MultiPass",16,10,1,0,0,0,0,1,0,0,3,NA,2,2,1,"N","N",126
"DOLPHC-552","M",13,"Local","SinglePass",13,0,1,0,1,1,0,1,0,0,3,NA,2,2,1,"N","N",113
"DOLPHC-553","M",21,"Local","MultiPass",19,10,1,0,1,1,1,1,0,0,2,NA,1,1,1,"N","N",129
"DOLPHC-554","M",17,"Overseas","SinglePass",22,10,1,0,1,0,0,1,0,0,1,NA,3,4,1,"N","N",107
"DOLPHC-555","M",26,"Local","SinglePass",25,10,0,0,1,0,1,1,0,0,2,NA,1,1,1,"N","N",110
"DOLPHC-556","M",14,"Local","MultiPass",14,0,1,0,0,1,1,1,0,0,2,NA,3,1,1,"N","N",114
"DOLPHC-557","M",7,"Local","MultiPass",10,0,1,0,1,0,0,1,1,1,2,NA,2,2,1,"Y","Y",110
"DOLPHC-558","M",11,"Overseas","SinglePass",10,0,1,0,0,1,1,1,0,1,2,NA,2,2,1,"Y","Y",110
"DOLPHC-559","M",21,"Local","MultiPass",21,10,1,0,0,0,1,1,0,0,3,NA,1,1,1,"N","N",131
"DOLPHC-560","M",21,"Local","SinglePass",20,10,1,0,1,1,0,1,0,0,3,NA,1,2,1,"N","N",130
"DOLPHC-561","M",19,"Local","SinglePass",18,10,1,0,1,0,0,1,0,0,2,NA,2,2,1,"N","N",103
"DOLPHC-562","M",15,"Overseas","MultiPass",23,0,1,0,0,1,1,1,0,0,2,NA,4,1,1,"N","Y",123
"DOLPHC-563","M",21,"Local","MultiPass",18,10,1,0,0,1,1,1,0,0,3,NA,1,2,1,"N","N",128
"DOLPHC-564","M",13,"Local","SinglePass",23,0,1,0,0,0,1,1,0,0,2,NA,3,2,1,"N","N",98
"DOLPHC-565","M",6,"Local","MultiPass",10,0,1,0,1,1,1,1,1,1,2,NA,3,2,1,"N","N",110
"DOLPHC-566","M",10,"Overseas","SinglePass",10,0,1,0,0,0,0,1,0,1,3,NA,4,1,1,"N","N",60
"DOLPHC-567","M",6,"Local","SinglePass",10,8,1,0,1,1,0,1,1,1,3,NA,2,1,1,"N","N",143
"DOLPHC-568","M",20,"Local","MultiPass",17,10,1,0,1,1,0,1,0,0,2,NA,1,2,1,"N","N",127
"DOLPHC-569","M",24,"Local","MultiPass",19,10,1,0,0,1,1,1,0,0,3,NA,1,1,1,"N","N",129
"DOLPHC-570","M",8,"Overseas","SinglePass",10,5,1,0,0,0,0,1,1,1,3,NA,3,1,1,"N","N",90
"DOLPHC-571","M",12,"Local","MultiPass",14,5,1,0,0,0,1,1,0,0,3,NA,3,2,1,"N","Y",119
"DOLPHC-572","M",22,"Local","SinglePass",22,10,1,0,1,0,0,1,0,0,3,NA,1,1,1,"N","N",107
"DOLPHC-573","M",24,"Local","SinglePass",17,10,1,0,1,0,1,1,0,0,3,NA,1,2,1,"N","N",127
"DOLPHC-574","M",15,"Overseas","MultiPass",16,0,1,0,1,0,1,1,0,0,2,NA,4,2,1,"N","N",116
"DOLPHC-575","M",23,"Local","MultiPass",13,10,1,0,0,0,1,1,0,0,2,NA,1,2,1,"N","N",123
"DOLPHC-576","M",24,"Local","SinglePass",22,10,1,0,0,1,0,1,0,0,2,NA,1,1,1,"N","N",107
"DOLPHC-577","M",23,"Local","MultiPass",25,10,1,0,1,0,1,1,0,0,3,NA,1,1,1,"N","N",135
"DOLPHC-578","M",9,"Overseas","SinglePass",10,8,1,0,0,0,1,1,1,1,3,NA,4,1,1,"N","Y",118
"DOLPHC-579","M",9,"Local","SinglePass",10,10,1,0,1,1,1,1,1,0,2,NA,4,1,1,"N","N",170
"DOLPHC-580","M",21,"Local","MultiPass",14,10,1,0,1,0,1,1,0,0,3,NA,1,2,1,"N","N",124
"DOLPHC-581","M",17,"Local","MultiPass",13,10,1,0,0,1,0,1,0,0,1,NA,2,3,1,"N","Y",123
"DOLPHC-582","M",29,"Overseas","SinglePass",13,10,0,0,1,1,1,1,0,0,1,NA,1,3,1,"N","Y",123
"DOLPHC-583","M",29,"Local","MultiPass",13,10,0,0,1,1,1,1,0,0,3,NA,1,2,1,"Y","Y",123
"DOLPHC-584","M",24,"Local","SinglePass",23,10,1,0,0,1,0,1,0,0,3,NA,1,1,1,"N","N",108
"DOLPHC-585","M",16,"Local","SinglePass",21,10,1,0,1,0,0,1,0,0,3,NA,3,1,1,"N","N",106
"DOLPHC-586","M",16,"Overseas","MultiPass",20,10,1,0,0,1,1,1,0,0,2,NA,3,1,1,"N","N",130
"DOLPHC-587","M",19,"Local","MultiPass",23,10,1,0,1,1,0,1,0,0,3,NA,3,2,1,"N","N",133
"DOLPHC-588","M",16,"Local","SinglePass",21,10,1,0,0,0,0,1,0,0,3,NA,3,2,1,"N","N",81
"DOLPHC-589","M",9,"Local","MultiPass",10,5,1,0,0,1,0,0,1,0,2,NA,4,2,1,"N","Y",115
"DOLPHC-590","M",8,"Overseas","SinglePass",10,6,1,0,0,1,1,1,1,1,2,NA,3,1,1,"N","Y",141
"DOLPHC-591","M",10,"Local","SinglePass",10,5,1,0,1,0,0,1,0,1,2,NA,2,1,1,"N","N",90
"DOLPHC-592","M",18,"Local","MultiPass",16,10,1,0,0,0,1,1,0,0,1,NA,3,4,1,"N","N",126
"DOLPHC-593","M",30,"Local","MultiPass",21,10,0,0,1,0,1,1,0,0,3,NA,1,2,1,"Y","Y",131
"DOLPHC-594","F",9,"Overseas","SinglePass",10,6,1,0,1,1,0,1,1,1,2,NA,3,1,1,"N","N",141
"DOLPHC-595","F",18,"Local","MultiPass",15,10,1,0,1,1,0,1,0,0,2,NA,2,2,1,"N","N",125
"DOLPHC-596","M",10,"Local","SinglePass",10,10,1,0,1,1,1,1,0,1,3,NA,4,2,1,"N","Y",145
"DOLPHC-597","F",24,"Local","SinglePass",17,10,1,0,0,0,0,1,0,0,1,NA,1,4,1,"N","N",77
"DOLPHC-598","F",28,"Overseas","MultiPass",23,10,0,0,1,1,0,1,0,0,3,NA,1,1,1,"N","N",133
"DOLPHC-599","M",23,"Local","MultiPass",16,10,1,0,1,0,0,1,0,0,2,NA,1,1,1,"Y","Y",126
"DOLPHC-600","F",9,"Local","SinglePass",10,10,1,0,0,1,1,0,1,0,1,NA,4,4,1,"N","N",120
"DOLPHC-601","F",26,"Local","MultiPass",25,10,0,0,0,1,0,1,0,1,2,NA,1,1,1,"Y","Y",135
"DOLPHC-602","M",10,"Overseas","SinglePass",10,6,1,0,0,1,1,1,0,1,3,NA,3,2,1,"N","N",116
"DOLPHC-603","F",10,"Local","SinglePass",10,6,1,0,0,0,1,1,0,0,3,NA,2,2,1,"Y","Y",91
"DOLPHC-604","F",11,"Local","MultiPass",10,9,1,0,1,1,1,0,0,0,1,"DolphinDance",4,4,1,"N","N",119
"DOLPHC-605","M",29,"Local","MultiPass",13,10,0,0,0,0,1,0,0,0,3,"DolphinDance",1,1,1,"N","N",123
"DOLPHC-606","F",11,"Overseas","SinglePass",10,9,1,0,1,0,0,0,0,0,3,"DolphinDance",4,2,1,"Y","N",69
"DOLPHC-607","F",8,"Local","MultiPass",10,7,1,0,1,0,1,0,1,0,3,"DolphinDance",3,1,1,"N","N",117
"DOLPHC-608","M",12,"Local","SinglePass",22,5,1,0,1,1,0,0,0,0,3,"DolphinDance",3,1,1,"N","N",102
"DOLPHC-609","F",19,"Local","SinglePass",17,10,1,0,1,1,0,0,0,0,3,"DolphinDance",4,1,1,"N","N",102
"DOLPHC-610","F",23,"Overseas","MultiPass",17,10,1,0,1,1,1,1,0,0,1,"DolphinDance",1,4,1,"N","N",127
"DOLPHC-611","M",30,"Local","MultiPass",21,10,0,0,1,0,1,1,0,0,1,NA,1,4,1,"N","N",131
"DOLPHC-612","F",29,"Local","SinglePass",13,10,0,0,0,0,1,1,0,0,2,NA,1,1,1,"N","N",73
"DOLPHC-613","F",6,"Local","MultiPass",10,9,1,0,1,1,1,1,1,1,1,NA,3,4,1,"N","N",119
"DOLPHC-614","M",30,"Overseas","SinglePass",21,10,0,0,1,0,1,1,0,0,2,NA,1,1,1,"N","N",106
"DOLPHC-615","F",8,"Local","SinglePass",10,5,1,0,1,0,0,1,1,1,3,NA,3,1,1,"N","N",115
"DOLPHC-616","F",21,"Local","MultiPass",25,10,1,0,0,1,0,1,0,0,3,NA,1,2,1,"Y","Y",135
"DOLPHC-617","M",22,"Local","MultiPass",16,10,1,0,1,1,0,1,0,0,3,NA,1,1,1,"N","N",126
"DOLPHC-618","F",20,"Overseas","SinglePass",13,10,1,0,0,0,0,1,0,0,2,NA,1,2,1,"N","N",73
"DOLPHC-619","F",6,"Local","MultiPass",10,6,1,0,1,1,1,1,1,1,3,NA,3,2,1,"Y","Y",116
"DOLPHC-620","M",24,"Local","SinglePass",19,10,1,0,1,0,1,1,0,0,3,NA,1,1,1,"N","N",129
"DOLPHC-621","F",15,"Local","SinglePass",18,0,1,0,0,0,0,1,0,0,2,NA,4,2,1,"N","N",68
"DOLPHC-622","F",11,"Overseas","MultiPass",10,9,1,0,1,1,1,1,0,1,1,NA,3,3,1,"N","N",119
"DOLPHC-623","M",29,"Local","MultiPass",13,10,0,0,1,1,1,1,0,0,2,NA,1,2,1,"N","N",123
"DOLPHC-624","F",15,"Local","SinglePass",16,0,1,0,0,1,1,1,0,0,2,NA,4,1,1,"N","N",116
"DOLPHC-625","F",16,"Local","MultiPass",21,10,1,0,0,1,0,1,0,0,2,NA,3,1,1,"N","Y",131
"DOLPHC-626","M",21,"Overseas","SinglePass",13,10,1,0,1,0,0,1,0,0,3,NA,1,1,1,"N","Y",98
"DOLPHC-627","F",13,"Local","SinglePass",25,10,1,0,1,0,0,1,0,0,3,NA,2,2,1,"N","Y",110
"DOLPHC-628","F",22,"Local","MultiPass",13,10,1,0,0,1,1,1,0,0,1,NA,1,4,1,"N","N",123
"DOLPHC-629","M",28,"Local","MultiPass",17,10,0,0,1,0,1,1,0,1,3,NA,1,2,1,"N","N",127
"DOLPHC-630","F",6,"Overseas","SinglePass",10,8,1,0,0,0,1,1,1,1,3,NA,2,2,1,"N","N",118
"DOLPHC-631","F",8,"Local","MultiPass",10,6,1,0,1,0,1,1,1,1,3,NA,4,2,1,"N","N",116
"DOLPHC-632","M",21,"Local","SinglePass",15,10,1,0,0,0,0,1,0,0,3,NA,1,1,1,"Y","Y",75
"DOLPHC-633","F",18,"Local","SinglePass",13,10,1,0,0,1,1,1,0,0,1,NA,3,4,1,"N","N",123
"DOLPHC-634","F",29,"Overseas","MultiPass",21,10,0,0,0,1,0,1,0,0,3,NA,1,1,1,"N","Y",131
"DOLPHC-635","M",19,"Local","MultiPass",16,10,1,0,1,0,1,1,0,0,3,NA,2,1,1,"N","Y",126
"DOLPHC-636","F",8,"Local","SinglePass",10,6,1,0,1,1,0,1,1,1,2,NA,2,2,1,"N","N",141
"DOLPHC-637","F",16,"Local","MultiPass",11,10,1,0,0,0,0,1,0,0,3,NA,4,1,1,"N","N",121
"DOLPHC-638","M",18,"Overseas","SinglePass",12,10,1,0,0,1,0,1,0,0,1,NA,2,4,1,"N","Y",97
"DOLPHC-639","F",27,"Local","SinglePass",13,10,0,0,0,1,0,1,0,0,2,NA,1,2,1,"N","N",73
"DOLPHC-640","F",12,"Local","MultiPass",19,7,1,0,0,0,0,1,0,0,2,NA,2,2,1,"N","N",126
"DOLPHC-641","M",13,"Local","MultiPass",10,6,1,0,0,0,1,1,0,0,3,NA,3,1,1,"N","N",116
"DOLPHC-642","F",20,"Overseas","SinglePass",11,10,1,0,0,0,0,1,0,0,3,NA,1,1,1,"N","N",71
"DOLPHC-643","F",20,"Local","MultiPass",20,10,1,0,0,1,1,1,0,0,1,NA,1,4,1,"N","N",130
"DOLPHC-644","M",29,"Local","SinglePass",12,10,0,0,0,0,1,1,0,0,1,NA,1,4,1,"N","Y",72
"DOLPHC-645","F",29,"Local","SinglePass",10,10,0,0,1,0,1,1,0,0,3,NA,1,2,1,"N","N",95
"DOLPHC-646","F",24,"Overseas","MultiPass",19,10,1,0,0,0,1,1,0,0,2,NA,1,2,1,"Y","Y",129
"DOLPHC-647","M",15,"Local","MultiPass",20,0,1,0,0,1,1,1,0,0,3,NA,2,2,1,"N","N",120
"DOLPHC-648","F",22,"Local","SinglePass",18,5,1,0,0,1,1,1,0,0,2,NA,1,1,1,"N","N",123
"DOLPHC-649","F",11,"Local","MultiPass",11,5,1,0,0,0,1,0,0,0,2,NA,4,1,1,"N","N",116
"DOLPHC-650","M",12,"Overseas","SinglePass",14,5,1,0,0,1,0,1,0,0,2,NA,4,2,1,"N","N",94
"DOLPHC-651","F",6,"Local","SinglePass",19,5,1,0,1,0,1,1,1,1,3,NA,4,2,1,"N","N",149
"DOLPHC-652","F",11,"Local","MultiPass",19,5,1,0,1,1,1,1,0,1,2,NA,2,1,1,"N","N",124
"DOLPHC-653","M",15,"Local","MultiPass",14,5,1,0,0,1,0,1,0,0,2,NA,2,2,1,"N","N",119
"DOLPHC-654","F",18,"Overseas","SinglePass",13,5,1,0,1,0,0,0,0,0,3,NA,2,2,1,"N","N",68
"DOLPHC-655","F",13,"Local","MultiPass",13,5,1,0,1,0,1,0,0,0,2,NA,3,2,1,"N","N",118
"DOLPHC-656","M",21,"Local","SinglePass",17,5,1,0,0,0,0,1,0,0,2,NA,1,1,1,"N","N",72
"DOLPHC-657","F",25,"Local","SinglePass",18,5,1,0,0,0,1,0,0,0,2,NA,1,2,1,"N","N",73
"DOLPHC-658","F",12,"Overseas","MultiPass",19,5,1,0,1,0,0,1,0,0,2,NA,2,1,1,"N","N",124
"DOLPHC-659","M",14,"Local","MultiPass",17,5,1,0,0,0,0,1,0,0,2,NA,2,2,1,"N","N",122
"DOLPHC-660","F",10,"Local","SinglePass",13,5,1,0,1,0,0,0,0,1,3,NA,2,2,1,"N","Y",68
"DOLPHC-661","F",10,"Local","MultiPass",14,5,1,0,1,1,1,1,0,1,2,NA,4,1,1,"N","Y",119
"DOLPHC-662","M",14,"Overseas","SinglePass",19,5,1,0,0,1,0,1,0,0,2,NA,4,1,1,"N","Y",99
"DOLPHC-663","F",9,"Local","SinglePass",10,5,1,0,1,0,0,0,1,1,2,NA,2,1,1,"N","N",90
"DOLPHC-664","F",12,"Local","MultiPass",10,5,1,0,1,0,0,1,0,0,2,NA,3,2,1,"N","N",115
"DOLPHC-665","M",13,"Local","MultiPass",11,5,1,0,0,1,1,1,0,0,2,NA,4,1,1,"N","Y",116
"DOLPHC-666","F",10,"Overseas","SinglePass",13,5,1,0,0,1,0,1,0,1,3,NA,3,1,1,"N","N",93
"DOLPHC-667","F",8,"Local","MultiPass",20,5,1,0,1,0,0,0,1,1,3,NA,2,2,1,"N","N",125
"DOLPHC-668","M",11,"Local","SinglePass",18,5,1,0,0,1,0,1,0,1,3,NA,4,2,1,"Y","Y",98
"DOLPHC-669","F",6,"Local","SinglePass",16,5,1,0,1,0,0,0,1,0,2,NA,2,1,1,"N","N",96
"DOLPHC-670","F",11,"Overseas","SinglePass",18,5,1,0,1,1,0,1,0,1,3,NA,3,2,1,"Y","Y",123
"DOLPHC-671","M",7,"Local","SinglePass",12,5,1,0,1,0,1,0,1,1,2,NA,3,2,1,"N","N",117
"DOLPHC-672","F",11,"Local","SinglePass",12,5,1,0,1,1,1,0,0,1,2,NA,2,1,1,"N","N",117
"DOLPHC-673","F",14,"Local","SinglePass",16,5,1,0,1,0,1,0,0,0,3,NA,4,2,1,"N","N",96
"DOLPHC-674","M",6,"Overseas","SinglePass",19,5,1,0,1,1,0,0,1,1,2,NA,4,1,1,"N","N",124
"DOLPHC-675","F",13,"Local","SinglePass",20,5,1,0,1,1,0,1,0,0,2,NA,3,1,1,"N","N",125
"DOLPHC-676","F",12,"Local","SinglePass",12,5,1,0,1,1,0,1,0,0,3,NA,2,1,1,"N","N",117
"DOLPHC-677","M",11,"Local","SinglePass",19,5,1,0,0,0,0,1,0,1,2,NA,4,2,1,"N","N",74
"DOLPHC-678","F",9,"Overseas","SinglePass",10,5,1,0,1,1,0,1,1,1,2,NA,2,1,1,"N","N",140
"DOLPHC-679","M",9,"Local","SinglePass",19,5,1,0,0,1,1,1,1,0,3,NA,3,2,1,"N","Y",149
"DOLPHC-680","F",13,"Local","SinglePass",19,5,1,0,1,0,1,1,0,0,3,NA,3,1,1,"N","N",124
"DOLPHC-681","F",6,"Local","SinglePass",15,5,1,0,0,0,1,1,1,1,2,NA,4,2,1,"N","Y",120
"DOLPHC-682","M",8,"Overseas","SinglePass",13,5,1,0,0,0,1,0,1,1,3,NA,3,1,1,"N","Y",93
"DOLPHC-683","F",7,"Local","SinglePass",11,5,1,0,0,0,1,1,1,1,2,NA,4,2,1,"N","N",116
"DOLPHC-684","F",14,"Local","SinglePass",10,5,1,0,1,0,1,0,0,0,2,NA,2,1,1,"N","N",90
"DOLPHC-685","M",9,"Local","SinglePass",12,5,1,0,1,0,0,1,1,1,3,NA,2,1,1,"N","N",117
"DOLPHC-686","F",10,"Overseas","SinglePass",0,5,1,0,0,0,1,0,0,1,3,NA,4,1,1,"N","N",55
"DOLPHC-687","F",13,"Local","SinglePass",0,5,1,0,0,0,0,0,0,0,3,NA,3,2,1,"N","N",30
"DOLPHC-688","M",9,"Local","SinglePass",0,5,1,0,0,0,0,1,1,1,2,NA,4,2,1,"N","N",80
"DOLPHC-689","F",14,"Local","SinglePass",0,5,1,0,1,1,0,1,0,0,3,NA,2,1,1,"N","N",105
"DOLPHC-690","F",8,"Overseas","SinglePass",0,5,1,0,1,1,0,1,1,1,2,NA,3,1,1,"N","N",130
"DOLPHC-691","M",9,"Local","SinglePass",0,5,1,0,1,1,0,0,1,1,3,NA,3,1,1,"N","N",105
"DOLPHC-692","F",11,"Local","SinglePass",0,5,1,0,0,1,0,1,0,1,3,NA,2,1,1,"N","N",80
"DOLPHC-693","F",8,"Local","SinglePass",0,5,1,0,0,0,0,1,1,1,2,NA,2,2,1,"N","N",80
"DOLPHC-694","M",10,"Overseas","SinglePass",0,5,1,0,0,0,1,0,0,1,3,NA,4,2,1,"N","N",55
"DOLPHC-695","F",8,"Local","SinglePass",0,5,1,0,1,1,0,0,1,1,2,NA,2,1,1,"N","N",105
"DOLPHC-696","F",12,"Local","SinglePass",0,5,1,0,0,0,0,1,0,0,3,NA,3,1,1,"N","N",55
"DOLPHC-697","M",6,"Local","SinglePass",0,5,1,0,0,0,0,1,1,1,2,NA,3,2,1,"N","N",80
"DOLPHC-698","F",7,"Overseas","SinglePass",0,5,1,0,1,0,0,0,1,1,2,NA,3,1,1,"N","Y",80
"DOLPHC-699","F",10,"Local","SinglePass",0,5,1,0,0,1,0,1,0,0,3,NA,3,1,1,"N","N",80
"DOLPHC-700","M",12,"Local","SinglePass",0,5,1,0,1,1,0,0,0,0,2,NA,4,1,1,"N","N",80
"DOLPHC-701","F",12,"Local","SinglePass",0,5,1,0,1,1,0,0,0,0,3,NA,4,1,1,"N","N",80
"DOLPHC-702","F",6,"Overseas","SinglePass",0,5,1,0,1,1,1,0,1,0,2,NA,3,1,1,"N","N",130
"DOLPHC-703","M",6,"Local","SinglePass",0,5,1,0,1,0,1,1,1,1,2,NA,4,2,1,"N","Y",130
"DOLPHC-704","F",8,"Local","SinglePass",0,5,1,0,1,1,0,1,1,0,2,NA,2,1,1,"N","Y",130
"DOLPHC-705","F",14,"Local","SinglePass",0,5,1,0,0,1,0,0,0,0,3,NA,2,1,1,"N","Y",55
"DOLPHC-706","M",10,"Overseas","SinglePass",0,5,1,0,0,0,0,0,0,0,2,NA,4,2,1,"N","Y",30
"DOLPHC-707","M",13,"Local","SinglePass",0,5,1,0,0,1,1,1,0,0,2,NA,2,1,1,"N","N",105
"DOLPHC-708","F",11,"Local","SinglePass",0,5,1,0,0,0,1,1,0,0,3,NA,2,2,1,"N","N",80
"DOLPHC-709","M",7,"Local","SinglePass",0,5,1,0,1,1,0,1,1,0,3,NA,2,1,1,"N","Y",130
"DOLPHC-710","M",7,"Overseas","SinglePass",0,5,1,0,1,0,0,0,1,1,2,NA,2,2,1,"N","N",80
"DOLPHC-711","F",12,"Local","SinglePass",0,5,1,0,0,1,1,0,0,0,3,NA,2,2,1,"N","N",80
"DOLPHC-712","M",10,"Local","SinglePass",0,5,1,0,0,0,0,0,0,1,2,NA,3,2,1,"N","N",30
"DOLPHC-713","M",6,"Local","SinglePass",0,5,1,0,1,0,0,1,1,1,2,NA,4,1,1,"N","N",105
"DOLPHC-714","F",6,"Overseas","SinglePass",0,5,1,0,1,1,1,0,1,1,2,NA,3,2,1,"N","N",130
"DOLPHC-715","M",11,"Local","SinglePass",0,5,1,0,0,0,0,0,0,1,2,NA,3,1,1,"N","Y",30
"DOLPHC-716","M",11,"Local","SinglePass",0,5,1,0,0,1,1,1,0,1,3,NA,2,2,1,"N","N",105
"DOLPHC-717","F",6,"Local","SinglePass",0,5,1,0,1,0,0,0,1,1,2,NA,3,2,1,"N","N",80
"DOLPHC-718","M",13,"Overseas","SinglePass",0,5,1,0,0,0,1,0,0,0,3,NA,4,2,1,"N","N",55
"DOLPHC-719","M",6,"Local","SinglePass",0,5,1,0,1,0,1,1,1,0,2,NA,2,2,1,"N","N",130
"DOLPHC-720","F",12,"Local","SinglePass",0,5,1,0,0,0,0,0,0,0,3,NA,3,2,1,"Y","Y",30
"DOLPHC-721","M",12,"Local","SinglePass",0,5,1,0,0,1,1,1,0,0,2,NA,4,1,1,"N","N",105
"DOLPHC-722","M",6,"Overseas","SinglePass",0,5,1,0,1,0,0,1,1,1,3,NA,2,1,1,"N","Y",105
"DOLPHC-723","F",13,"Local","SinglePass",0,5,1,0,0,1,0,0,0,0,2,NA,3,1,1,"N","N",55
"DOLPHC-724","M",13,"Local","SinglePass",0,5,1,0,0,1,0,1,0,0,2,NA,4,1,1,"Y","Y",80
"DOLPHC-725","M",9,"Local","SinglePass",10,5,1,0,1,1,0,0,1,1,3,NA,4,1,1,"N","N",115
"DOLPHC-726","F",7,"Overseas","SinglePass",10,5,1,0,1,0,0,1,1,1,3,NA,4,1,1,"Y","Y",115
"DOLPHC-727","M",11,"Local","SinglePass",10,5,1,0,0,0,0,1,0,1,3,NA,4,2,1,"N","N",65
"DOLPHC-728","M",7,"Local","SinglePass",10,5,1,0,1,1,0,0,1,1,3,NA,2,2,1,"N","N",115
"DOLPHC-729","F",13,"Local","SinglePass",30,5,1,0,0,0,1,0,0,0,2,NA,2,2,1,"N","Y",85
"DOLPHC-730","M",8,"Overseas","SinglePass",10,5,1,0,1,1,0,1,1,1,3,NA,3,1,1,"N","N",140
"DOLPHC-731","M",13,"Local","SinglePass",26,5,1,0,0,1,1,0,0,0,2,NA,3,2,1,"N","N",106
"DOLPHC-732","F",9,"Local","SinglePass",10,5,1,0,1,0,0,0,1,1,2,NA,3,2,1,"Y","Y",90
"DOLPHC-733","M",12,"Local","SinglePass",32,5,1,0,0,0,0,1,0,0,3,NA,2,2,1,"N","N",87
"DOLPHC-734","M",8,"Overseas","SinglePass",10,5,1,0,1,0,1,0,1,1,3,NA,4,1,1,"N","N",115
"DOLPHC-735","F",10,"Local","SinglePass",10,5,1,0,0,1,1,0,0,1,2,NA,3,2,1,"N","N",90
"DOLPHC-736","M",10,"Local","SinglePass",10,5,1,0,0,1,0,0,0,1,2,NA,4,2,1,"N","N",65
"DOLPHC-737","M",10,"Local","SinglePass",10,5,1,0,0,1,1,1,0,1,2,NA,4,2,1,"N","Y",115
"DOLPHC-738","F",10,"Overseas","SinglePass",10,5,1,0,0,0,1,0,0,1,3,NA,4,2,1,"N","N",65
"DOLPHC-739","M",10,"Local","SinglePass",10,5,1,0,0,0,0,1,0,1,3,NA,4,1,1,"N","N",65
"DOLPHC-740","M",10,"Local","SinglePass",10,5,1,0,0,1,0,1,0,1,2,NA,3,2,1,"N","N",90
"DOLPHC-741","F",12,"Local","SinglePass",23,0,1,0,0,1,0,1,0,0,2,NA,3,1,1,"N","N",98
"DOLPHC-742","M",14,"Overseas","SinglePass",25,0,1,0,0,0,1,0,0,0,2,NA,4,2,1,"N","N",75
"DOLPHC-743","M",13,"Local","SinglePass",30,0,1,0,0,0,1,0,0,0,2,NA,4,1,1,"N","N",80
"DOLPHC-744","F",14,"Local","SinglePass",20,5,1,0,0,0,0,0,0,0,2,NA,2,1,1,"N","Y",50
"DOLPHC-745","M",11,"Local","SinglePass",10,5,1,0,0,0,1,0,0,1,2,NA,3,1,1,"Y","Y",65
"DOLPHC-746","M",7,"Overseas","SinglePass",10,5,1,0,1,1,1,0,1,1,3,NA,2,1,1,"N","N",140
"DOLPHC-747","F",12,"Local","SinglePass",24,0,1,0,0,1,0,1,0,0,3,NA,3,2,1,"N","N",99
"DOLPHC-748","M",10,"Local","SinglePass",10,0,1,0,0,0,0,0,0,1,2,NA,4,2,1,"N","N",35
"DOLPHC-749","M",12,"Local","SinglePass",35,0,1,0,0,1,1,1,0,0,3,NA,2,1,1,"N","Y",135
"DOLPHC-750","F",6,"Overseas","SinglePass",10,7,1,0,1,0,1,0,1,1,3,NA,3,2,1,"N","N",117
"DOLPHC-751","M",12,"Local","SinglePass",24,10,1,0,0,1,0,0,0,0,2,NA,2,2,1,"N","Y",84
"DOLPHC-752","M",11,"Local","SinglePass",10,10,1,0,0,0,0,1,0,1,2,NA,3,1,1,"Y","Y",70
"DOLPHC-753","F",8,"Overseas","SinglePass",10,10,1,0,1,1,0,0,1,1,2,NA,4,1,1,"N","N",120
"DOLPHC-754","M",13,"Overseas","MultiPass",32,8,1,0,0,0,0,1,0,0,3,NA,4,1,1,"N","N",140
"DOLPHC-755","M",10,"Overseas","MultiPass",10,10,1,0,0,0,1,0,0,1,2,NA,3,2,1,"N","Y",120
"DOLPHC-756","F",6,"Overseas","MultiPass",10,13,1,0,1,1,0,1,1,1,3,NA,2,1,1,"N","N",123
"DOLPHD-1000","F",10,"Local","MultiPass",0,0,0,1,0,1,1,1,0,0,2,NA,4,1,1,"N","N",100
"DOLPHD-1001","M",8,"Local","MultiPass",0,0,0,1,1,0,1,1,1,0,3,NA,3,1,1,"Y","N",100
"DOLPHD-1002","M",6,"Local","SinglePass",0,0,0,1,1,0,1,1,1,0,1,NA,1,4,1,"N","N",125
"DOLPHD-1003","M",12,"Local","SinglePass",3,NA,0,0,0,0,0,0,1,0,3,NA,3,1,0,"N","N",28
"DOLPHD-1006","M",5,"Local","MultiPass",3,6,0,0,0,0,0,1,0,0,1,NA,2,3,0,"N","N",109
"DOLPHD-1008","M",10,"Overseas","SinglePass",3,6,1,0,1,1,1,1,0,1,1,NA,4,3,0,"N","N",159
"DOLPHD-1009","M",11,"Local","SinglePass",3,6,1,0,0,1,0,1,0,0,1,NA,2,3,0,"N","N",84
"DOLPHD-1010","M",8,"Local","MultiPass",3,6,1,1,1,0,0,1,0,1,1,NA,4,3,0,"N","N",109
"DOLPHD-1018","M",9,"Overseas","SinglePass",3,6,1,0,1,0,1,0,0,1,2,NA,3,2,0,"N","Y",109
"DOLPHD-1019","M",6,"Local","SinglePass",3,6,1,1,1,0,0,1,1,1,3,NA,2,2,0,"N","N",184
"DOLPHD-1020","M",6,"Local","MultiPass",3,6,1,1,0,0,1,0,0,1,2,NA,2,1,0,"N","Y",109
"DOLPHD-1021","M",10,"Overseas","MultiPass",3,6,0,0,1,1,0,0,0,1,1,NA,4,3,0,"N","N",109
"DOLPHD-1025","M",9,"Overseas","MultiPass",3,6,1,1,0,0,1,0,0,1,2,NA,3,2,0,"N","N",109
"DOLPHD-1026","M",6,"Local","MultiPass",3,6,0,0,1,1,0,1,0,1,1,NA,2,4,0,"N","N",109
"DOLPHD-1029","M",7,"Overseas","SinglePass",3,6,1,0,1,0,0,0,0,1,1,NA,3,3,0,"N","N",109
"DOLPHD-1030","M",5,"Local","MultiPass",3,6,1,0,0,0,0,1,1,1,2,NA,2,2,0,"Y","Y",109
"DOLPHD-1032","M",11,"Overseas","SinglePass",3,6,1,0,1,0,0,1,0,0,2,NA,3,2,0,"N","N",84
"DOLPHD-1034","M",10,"Local","SinglePass",3,6,0,0,0,0,0,1,0,0,1,NA,4,3,0,"Y","N",59
"DOLPHD-1038","M",9,"Local","SinglePass",3,6,1,0,0,0,1,1,0,1,1,NA,2,4,0,"N","N",134
"DOLPHD-1040","M",12,"Local","MultiPass",3,NA,0,1,1,1,0,0,1,0,1,NA,2,4,0,"N","N",103
"DOLPHD-1043","M",9,"Overseas","SinglePass",3,6,1,0,1,0,0,0,0,1,1,NA,2,3,0,"N","Y",109
"DOLPHD-1044","M",8,"Local","SinglePass",3,6,1,0,0,0,0,1,1,0,3,NA,4,1,0,"N","N",109
"DOLPHD-1052","M",9,"Local","SinglePass",3,6,0,0,1,0,0,1,0,1,2,NA,4,1,0,"Y","Y",109
"DOLPHD-1053","M",6,"Overseas","SinglePass",3,6,1,0,1,0,0,1,0,1,3,NA,4,2,0,"N","N",109
"DOLPHD-1065","M",6,"Local","SinglePass",3,6,0,0,1,0,0,1,0,1,1,NA,4,4,0,"N","N",84
"DOLPHD-1067","M",5,"Overseas","MultiPass",3,6,1,1,1,1,1,1,0,1,1,NA,3,4,0,"N","N",109
"DOLPHD-1069","M",5,"Local","SinglePass",3,6,0,0,0,0,1,0,0,0,1,NA,4,4,0,"N","N",59
"DOLPHD-1073","M",9,"Local","SinglePass",3,6,0,0,0,0,1,0,0,0,2,NA,4,1,0,"Y","Y",59
"DOLPHD-1074","M",8,"Overseas","SinglePass",3,6,0,0,1,0,0,0,0,0,1,NA,4,3,0,"N","N",59
"DOLPHD-1075","M",8,"Local","SinglePass",3,6,0,1,0,0,1,1,1,1,1,NA,4,3,0,"N","Y",159
"DOLPHD-1077","M",10,"Overseas","MultiPass",3,6,1,0,1,0,1,1,1,1,1,NA,4,4,0,"N","Y",109
"DOLPHD-1081","M",5,"Overseas","MultiPass",3,6,1,0,1,0,0,1,1,1,2,NA,4,1,0,"N","N",109
"DOLPHD-1083","M",9,"Local","SinglePass",3,6,1,1,1,0,1,1,1,1,2,NA,3,2,0,"N","Y",209
"DOLPHD-1084","M",11,"Overseas","SinglePass",3,6,0,1,1,0,0,1,0,0,1,NA,4,4,0,"Y","Y",109
"DOLPHD-1085","M",11,"Overseas","SinglePass",3,6,1,0,1,0,0,0,0,1,2,NA,2,2,0,"Y","N",84
"DOLPHD-1086","M",9,"Local","MultiPass",3,6,1,0,0,1,1,0,0,0,2,NA,3,1,0,"N","N",109
"DOLPHD-1089","M",5,"Local","SinglePass",3,6,1,1,0,0,0,1,1,0,3,NA,4,1,0,"N","Y",134
"DOLPHD-1090","M",11,"Local","SinglePass",3,6,0,0,0,0,0,0,1,1,3,NA,4,1,0,"N","N",84
"DOLPHD-1092","M",11,"Overseas","MultiPass",3,6,1,0,0,1,0,0,0,0,2,NA,2,2,0,"N","Y",109
"DOLPHD-1095","M",8,"Overseas","SinglePass",3,6,0,0,0,0,0,0,1,1,3,NA,2,2,0,"N","Y",84
"DOLPHD-1097","M",10,"Local","MultiPass",3,6,0,0,0,1,0,1,0,0,1,NA,4,3,0,"N","N",109
"DOLPHD-1100","M",8,"Local","SinglePass",3,6,0,0,0,0,1,1,0,1,1,NA,4,4,0,"N","N",109
"DOLPHD-1104","M",5,"Local","SinglePass",3,6,0,0,0,0,0,0,0,0,1,NA,4,3,0,"N","Y",34
"DOLPHD-1106","M",7,"Overseas","MultiPass",3,6,0,0,1,0,0,1,0,1,3,NA,4,1,0,"N","N",109
"DOLPHD-1108","M",9,"Local","SinglePass",3,6,0,0,1,0,0,1,0,0,1,NA,3,4,0,"N","N",84
"DOLPHD-1109","M",11,"Overseas","SinglePass",3,6,0,0,0,0,0,1,1,1,1,NA,4,4,0,"N","N",109
"DOLPHD-1111","M",8,"Local","SinglePass",3,6,0,0,1,0,0,1,0,1,1,NA,4,3,0,"N","N",109
"DOLPHD-1120","M",12,"Overseas","SinglePass",3,NA,1,0,0,0,1,0,0,1,3,NA,3,2,0,"N","N",78
"DOLPHD-1122","M",9,"Local","MultiPass",3,6,0,0,0,0,0,1,1,1,1,NA,4,3,0,"N","N",109
"DOLPHD-1126","M",6,"Overseas","SinglePass",3,6,0,0,0,0,1,1,0,1,3,NA,2,2,0,"N","Y",109
"DOLPHD-1127","M",12,"Overseas","MultiPass",3,NA,0,1,1,0,0,0,0,1,1,NA,4,4,0,"N","Y",103
"DOLPHD-1129","M",7,"Local","SinglePass",3,6,0,0,0,0,1,1,0,1,3,NA,3,2,0,"N","N",84
"DOLPHD-1132","M",5,"Local","MultiPass",3,6,0,0,1,1,0,0,0,0,3,NA,2,2,0,"N","N",109
"DOLPHD-1133","M",8,"Overseas","MultiPass",3,6,0,0,0,0,0,1,0,0,2,NA,2,1,0,"N","N",109
"DOLPHD-1136","M",12,"Local","SinglePass",3,NA,1,0,0,0,0,0,0,0,1,NA,2,3,0,"Y","Y",28
"DOLPHD-1138","M",9,"Local","MultiPass",3,6,1,1,0,1,0,1,1,1,1,NA,3,4,0,"N","N",109
"DOLPHD-1139","M",10,"Local","SinglePass",3,6,1,0,0,0,0,1,0,0,1,NA,4,3,0,"N","Y",84
"DOLPHD-1140","M",7,"Overseas","SinglePass",3,6,0,0,1,0,0,0,0,1,1,NA,2,3,0,"N","N",84
"DOLPHD-1141","M",10,"Overseas","SinglePass",3,6,1,0,0,0,1,1,0,1,1,NA,2,3,0,"N","N",109
"DOLPHD-1143","M",12,"Local","MultiPass",3,NA,0,0,0,1,0,1,1,1,1,NA,2,4,0,"N","Y",103
"DOLPHD-1145","M",11,"Local","SinglePass",3,6,1,0,1,0,0,1,1,1,3,NA,3,2,0,"N","N",134
"DOLPHD-1146","M",6,"Local","SinglePass",3,6,0,0,1,0,0,0,0,1,1,NA,3,4,0,"N","N",84
"DOLPHD-1147","M",10,"Overseas","MultiPass",3,6,0,0,1,1,0,0,0,1,3,NA,3,1,0,"N","N",109
"DOLPHD-1148","M",6,"Overseas","MultiPass",3,6,1,0,1,0,0,1,0,1,2,NA,3,1,0,"N","N",109
"DOLPHD-1149","M",12,"Local","SinglePass",3,NA,1,0,0,0,0,1,1,0,3,NA,4,2,0,"N","N",103
"DOLPHD-1151","M",8,"Overseas","SinglePass",3,6,0,1,1,0,0,0,1,1,2,NA,2,1,0,"Y","Y",134
"DOLPHD-1152","M",6,"Local","MultiPass",3,6,0,1,1,1,0,0,0,1,2,NA,3,1,0,"N","Y",109
"DOLPHD-1156","M",10,"Local","SinglePass",3,6,1,1,1,0,0,0,1,0,1,NA,2,4,0,"N","N",109
"DOLPHD-1157","M",9,"Local","MultiPass",3,6,0,0,0,1,1,1,1,1,2,NA,4,2,0,"N","N",109
"DOLPHD-1159","M",10,"Local","SinglePass",3,6,1,1,0,0,0,1,1,0,3,NA,3,1,0,"N","N",134
"DOLPHD-1162","M",12,"Overseas","MultiPass",3,NA,1,0,1,1,0,0,0,0,2,NA,4,2,0,"N","N",103
"DOLPHD-1165","M",8,"Overseas","SinglePass",3,6,1,0,1,0,0,0,0,0,2,NA,3,2,0,"N","N",59
"DOLPHD-1169","M",11,"Overseas","MultiPass",3,6,0,1,1,1,1,1,0,1,2,NA,4,1,0,"N","N",109
"DOLPHD-1170","M",6,"Local","SinglePass",3,6,1,1,1,0,0,0,1,1,3,NA,4,1,0,"N","N",159
"DOLPHD-1176","M",7,"Overseas","SinglePass",3,6,0,0,1,0,0,1,1,1,3,NA,2,2,0,"N","N",134
"DOLPHD-1177","M",10,"Local","SinglePass",3,6,1,0,1,0,0,0,1,1,1,NA,4,4,0,"N","Y",109
"DOLPHD-1179","M",7,"Overseas","MultiPass",3,6,0,0,1,1,0,1,0,0,1,NA,2,3,0,"N","N",109
"DOLPHD-1180","M",10,"Local","SinglePass",3,6,1,1,1,0,1,1,0,0,3,NA,2,2,0,"N","N",159
"DOLPHD-1181","M",7,"Local","SinglePass",3,6,1,0,0,0,0,0,0,1,2,NA,3,1,0,"N","N",59
"DOLPHD-1186","M",8,"Overseas","SinglePass",3,6,1,0,0,0,0,1,0,0,1,NA,3,3,0,"N","N",84
"DOLPHD-1188","M",9,"Local","MultiPass",3,6,0,0,0,0,1,1,1,0,1,NA,3,3,0,"Y","Y",109
"DOLPHD-1190","M",9,"Overseas","SinglePass",3,6,1,0,1,0,1,1,0,0,1,NA,4,3,0,"N","Y",109
"DOLPHD-1191","M",8,"Local","SinglePass",3,6,1,0,0,0,0,1,1,1,2,NA,3,1,0,"N","Y",109
"DOLPHD-1192","M",5,"Local","SinglePass",3,6,1,0,1,0,0,1,0,1,1,NA,2,4,0,"N","N",109
"DOLPHD-1193","M",9,"Overseas","MultiPass",3,6,0,1,0,0,0,0,1,0,1,NA,3,4,0,"N","N",109
"DOLPHD-1197","M",7,"Overseas","SinglePass",3,6,1,1,0,0,0,0,0,1,1,NA,3,4,0,"N","N",109
"DOLPHD-1205","M",7,"Local","SinglePass",3,6,0,1,0,0,0,1,0,1,1,NA,2,4,0,"Y","Y",109
"DOLPHD-1207","M",7,"Overseas","SinglePass",3,6,1,0,0,0,0,1,0,1,1,NA,3,3,0,"N","Y",109
"DOLPHD-1209","M",11,"Local","MultiPass",3,6,1,0,0,1,0,1,1,0,1,NA,2,4,0,"N","N",109
"DOLPHD-1211","M",9,"Overseas","SinglePass",3,6,0,0,0,0,0,0,0,1,1,NA,2,3,0,"N","Y",59
"DOLPHD-1213","M",12,"Local","MultiPass",3,NA,1,0,1,1,0,1,0,0,1,NA,3,4,0,"N","N",103
"DOLPHD-1214","M",7,"Overseas","MultiPass",3,6,1,1,0,0,0,1,0,0,2,NA,2,2,0,"N","N",109
"DOLPHD-1216","M",12,"Local","SinglePass",3,NA,1,0,0,0,0,1,0,0,1,NA,3,3,0,"N","N",78
"DOLPHD-1218","M",9,"Overseas","MultiPass",3,6,1,0,0,1,1,1,0,1,1,NA,2,3,0,"N","N",109
"DOLPHD-1220","M",10,"Local","SinglePass",3,6,1,1,1,0,0,1,0,1,2,NA,4,1,0,"Y","Y",134
"DOLPHD-1223","M",10,"Local","SinglePass",3,6,0,0,0,0,0,1,0,1,1,NA,4,4,0,"N","N",59
"DOLPHD-1224","M",12,"Overseas","MultiPass",3,NA,0,0,0,1,0,1,0,0,2,NA,3,2,0,"N","N",103
"DOLPHD-1227","M",5,"Local","SinglePass",3,6,1,0,0,0,1,0,1,0,2,NA,2,2,0,"N","N",109
"DOLPHD-1230","M",7,"Local","MultiPass",3,6,1,1,1,0,0,0,0,0,2,NA,3,1,0,"N","N",109
"DOLPHD-1231","M",6,"Overseas","SinglePass",3,6,1,1,0,0,0,0,0,1,3,NA,2,2,0,"Y","Y",84
"DOLPHD-1233","M",6,"Local","SinglePass",3,6,0,0,0,0,0,1,1,1,1,NA,2,4,0,"N","N",109
"DOLPHD-1235","M",6,"Overseas","MultiPass",3,6,1,0,0,0,1,0,0,0,1,NA,4,4,0,"N","N",109
"DOLPHD-1237","M",5,"Local","SinglePass",3,6,0,0,0,0,0,1,1,0,2,NA,3,1,0,"N","N",84
"DOLPHD-1240","M",8,"Local","MultiPass",3,6,1,0,0,1,1,1,1,0,2,NA,3,1,0,"N","N",109
"DOLPHD-1241","M",9,"Local","SinglePass",3,6,1,0,0,0,0,0,0,1,3,NA,2,2,0,"N","N",84
"DOLPHD-1242","M",9,"Overseas","SinglePass",3,6,0,0,0,0,0,1,0,1,2,NA,2,2,0,"N","Y",84
"DOLPHD-1245","M",5,"Overseas","MultiPass",3,6,1,0,0,1,0,0,0,0,3,NA,3,2,0,"N","N",109
"DOLPHD-1247","M",12,"Local","SinglePass",3,NA,1,0,0,0,1,1,0,1,2,NA,2,2,0,"N","N",128
"DOLPHD-1248","M",6,"Local","SinglePass",3,6,1,0,0,0,0,1,1,0,1,NA,3,3,0,"N","N",109
"DOLPHD-1249","M",6,"Overseas","MultiPass",3,6,0,0,0,0,1,1,1,1,3,NA,2,1,0,"N","N",109
"DOLPHD-1250","M",12,"Local","MultiPass",3,NA,0,1,1,0,0,1,0,0,2,NA,2,1,0,"N","Y",103
"DOLPHD-1252","M",8,"Overseas","SinglePass",3,6,0,0,0,0,0,1,0,0,2,NA,2,2,0,"N","N",59
"DOLPHD-1254","M",5,"Local","MultiPass",3,6,1,0,1,1,0,0,1,1,1,NA,2,3,0,"N","N",109
"DOLPHD-1255","M",7,"Local","MultiPass",3,6,0,0,0,1,0,0,1,1,1,NA,3,3,0,"N","Y",109
"DOLPHD-1256","M",7,"Overseas","SinglePass",3,6,1,1,0,0,0,1,0,1,1,NA,3,4,0,"Y","N",109
"DOLPHD-1264","M",11,"Local","MultiPass",3,6,0,0,1,1,1,1,0,1,3,NA,2,1,0,"N","Y",109
"DOLPHD-1265","M",10,"Local","MultiPass",3,6,1,0,0,0,0,1,1,0,1,NA,3,3,0,"N","N",109
"DOLPHD-1266","M",12,"Overseas","SinglePass",3,NA,0,1,1,0,0,0,0,0,1,NA,4,3,0,"N","N",78
"DOLPHD-1272","M",6,"Local","SinglePass",3,6,1,0,0,0,0,1,0,1,2,NA,2,2,0,"N","N",84
"DOLPHD-1273","M",6,"Overseas","SinglePass",3,6,0,0,0,0,0,0,0,0,2,NA,2,1,0,"N","Y",34
"DOLPHD-1275","M",6,"Local","MultiPass",3,6,1,0,0,1,1,1,0,0,3,NA,2,2,0,"N","N",109
"DOLPHD-1277","M",6,"Overseas","SinglePass",3,6,0,0,1,0,0,0,1,0,2,NA,3,2,0,"N","N",59
"DOLPHD-1280","M",8,"Overseas","MultiPass",3,6,1,0,0,1,0,1,0,1,2,NA,3,1,0,"N","N",109
"DOLPHD-1285","M",11,"Local","MultiPass",3,6,1,0,0,1,0,1,0,0,1,NA,3,4,0,"N","N",109
"DOLPHD-1287","M",7,"Overseas","SinglePass",3,6,1,0,0,0,0,0,0,1,3,NA,2,1,0,"N","Y",84
"DOLPHD-1289","M",9,"Local","SinglePass",3,6,1,1,1,0,0,1,0,1,3,NA,4,2,0,"N","N",159
"DOLPHD-1293","M",10,"Local","SinglePass",3,6,0,1,0,0,1,0,0,1,1,NA,2,3,0,"N","N",109
"DOLPHD-1297","M",9,"Local","SinglePass",3,6,0,0,1,0,0,1,0,0,2,NA,2,1,0,"Y","Y",84
"DOLPHD-1301","M",9,"Overseas","MultiPass",3,6,1,0,0,1,0,1,1,0,1,NA,2,3,0,"N","N",109
"DOLPHD-1303","M",6,"Local","SinglePass",3,6,0,0,1,0,0,1,0,1,1,NA,2,3,0,"N","N",109
"DOLPHD-1304","M",12,"Local","SinglePass",3,NA,0,0,0,0,0,1,0,0,1,NA,3,3,0,"N","N",53
"DOLPHD-1305","M",8,"Overseas","MultiPass",3,6,1,0,1,0,1,1,1,1,3,NA,3,2,0,"N","N",109
"DOLPHD-1308","M",12,"Overseas","SinglePass",3,NA,0,1,0,0,1,1,0,1,2,NA,4,2,0,"N","N",103
"DOLPHD-1314","M",5,"Local","SinglePass",3,6,0,0,1,0,0,1,0,1,3,NA,4,1,0,"N","N",109
"DOLPHD-1315","M",11,"Overseas","MultiPass",3,6,1,0,1,1,0,1,0,1,1,NA,4,4,0,"N","Y",109
"DOLPHD-1316","M",12,"Overseas","MultiPass",3,NA,0,0,1,1,0,0,1,1,1,NA,4,3,0,"N","N",103
"DOLPHD-1321","M",9,"Local","MultiPass",3,6,1,0,1,0,0,1,1,0,1,NA,2,4,0,"N","Y",109
"DOLPHD-1322","M",10,"Overseas","SinglePass",3,6,0,0,0,0,0,0,0,1,1,NA,4,4,0,"N","N",34
"DOLPHD-1324","M",6,"Local","SinglePass",3,6,0,1,0,0,1,1,0,0,1,NA,2,3,0,"N","N",109
"DOLPHD-1325","M",8,"Local","MultiPass",3,6,1,0,0,0,1,1,1,0,3,NA,4,1,0,"Y","N",109
"DOLPHD-1327","M",7,"Local","SinglePass",3,6,1,0,1,0,1,0,0,0,3,NA,2,2,0,"N","N",109
"DOLPHD-1329","M",7,"Overseas","SinglePass",3,6,0,0,0,0,0,1,0,0,1,NA,3,3,0,"N","N",59
"DOLPHD-1330","M",10,"Overseas","MultiPass",3,6,1,0,0,1,1,1,0,1,1,NA,3,4,0,"N","N",109
"DOLPHD-1337","M",8,"Overseas","MultiPass",3,6,0,0,1,0,0,1,1,0,1,NA,2,3,0,"N","N",109
"DOLPHD-1342","M",5,"Local","MultiPass",3,6,1,1,1,0,1,0,0,0,3,NA,4,1,0,"N","N",109
"DOLPHD-1343","M",6,"Overseas","SinglePass",3,6,1,0,0,0,0,1,0,1,3,NA,3,1,0,"N","N",84
"DOLPHD-1345","M",7,"Local","SinglePass",3,6,0,1,0,0,0,0,0,0,1,NA,3,3,0,"N","N",59
"DOLPHD-1346","M",12,"Local","MultiPass",3,NA,1,0,0,1,0,0,0,1,1,NA,2,3,0,"Y","Y",103
"DOLPHD-1347","M",6,"Overseas","MultiPass",3,6,0,1,0,1,0,1,0,0,1,NA,3,3,0,"N","N",109
"DOLPHD-1349","M",9,"Local","SinglePass",3,6,0,0,1,0,0,0,0,0,2,NA,3,1,0,"N","N",59
"DOLPHD-1351","M",7,"Overseas","MultiPass",3,6,1,1,1,1,0,1,0,0,2,NA,4,1,0,"N","N",109
"DOLPHD-1352","M",8,"Local","MultiPass",3,6,1,0,0,1,0,1,1,1,1,NA,3,3,0,"N","N",109
"DOLPHD-1357","M",8,"Overseas","MultiPass",3,6,0,1,1,0,0,1,1,0,1,NA,2,4,0,"N","N",109
"DOLPHD-1362","M",8,"Local","MultiPass",3,6,0,1,0,1,0,1,0,1,1,NA,4,3,0,"N","N",109
"DOLPHD-1366","M",8,"Local","MultiPass",3,6,1,0,0,0,0,1,0,1,2,NA,3,2,0,"N","Y",109
"DOLPHD-1368","M",12,"Overseas","SinglePass",3,NA,1,0,1,0,1,0,1,0,3,NA,4,2,0,"N","N",128
"DOLPHD-1370","M",5,"Local","SinglePass",3,6,1,0,0,0,0,1,1,0,3,NA,3,2,0,"N","N",84
"DOLPHD-1372","M",6,"Overseas","MultiPass",3,6,1,0,1,1,0,0,0,1,1,NA,2,4,0,"N","N",109
"DOLPHD-1374","M",7,"Local","SinglePass",3,6,0,1,0,0,0,0,0,0,1,NA,2,4,0,"N","N",34
"DOLPHD-1376","M",12,"Local","MultiPass",3,NA,1,0,1,1,0,1,0,0,1,NA,2,4,0,"N","N",103
"DOLPHD-1380","M",10,"Local","SinglePass",3,6,1,0,1,0,1,0,0,0,2,NA,2,2,0,"N","N",109
"DOLPHD-1387","M",8,"Local","MultiPass",3,6,0,0,0,1,0,0,0,0,2,NA,2,2,0,"Y","N",109
"DOLPHD-1389","M",5,"Overseas","SinglePass",3,6,1,0,1,0,0,0,0,1,1,NA,2,4,0,"N","N",109
"DOLPHD-1392","M",12,"Overseas","MultiPass",3,NA,1,0,0,0,0,0,0,1,1,NA,3,4,0,"N","N",103
"DOLPHD-1397","M",8,"Local","MultiPass",3,6,1,0,1,1,0,1,0,0,1,NA,3,4,0,"N","N",109
"DOLPHD-1405","M",6,"Local","SinglePass",3,6,0,0,0,0,1,0,0,1,1,NA,2,3,0,"Y","Y",59
"DOLPHD-1407","M",8,"Overseas","MultiPass",3,6,0,0,0,1,1,1,1,1,1,NA,3,3,0,"N","N",109
"DOLPHD-1410","M",9,"Overseas","SinglePass",3,6,0,0,0,0,0,1,1,1,1,NA,2,3,0,"N","N",84
"DOLPHD-1412","M",9,"Local","MultiPass",3,6,0,0,1,1,0,1,0,0,3,NA,4,2,0,"N","Y",109
"DOLPHD-1413","M",7,"Overseas","MultiPass",3,6,1,0,0,1,0,0,1,1,2,NA,2,2,0,"N","N",109
"DOLPHD-1415","M",9,"Local","SinglePass",3,6,0,1,0,0,1,1,1,0,1,NA,4,4,0,"N","N",134
"DOLPHD-1416","M",8,"Local","SinglePass",3,6,0,1,0,0,0,1,0,0,3,NA,4,1,0,"N","N",84
"DOLPHD-1417","M",10,"Overseas","MultiPass",3,6,1,0,1,1,1,1,0,1,3,NA,4,2,0,"N","N",109
"DOLPHD-1418","M",8,"Local","MultiPass",3,6,0,0,0,0,1,1,0,0,2,NA,2,1,0,"N","N",109
"DOLPHD-1419","M",12,"Local","SinglePass",3,NA,1,0,0,0,0,1,1,0,3,NA,2,2,0,"N","N",78
"DOLPHD-1421","M",6,"Overseas","SinglePass",3,6,0,0,1,0,0,0,0,1,1,NA,4,4,0,"N","N",84
"DOLPHD-1425","M",10,"Local","SinglePass",3,6,1,0,0,0,0,0,0,1,1,NA,2,4,0,"N","N",84
"DOLPHD-1427","M",8,"Overseas","MultiPass",3,6,0,0,0,1,0,1,0,1,1,NA,4,3,0,"N","N",109
"DOLPHD-1428","M",6,"Overseas","MultiPass",3,6,0,1,0,1,0,0,0,0,3,NA,2,2,0,"N","N",109
"DOLPHD-1429","M",12,"Local","SinglePass",3,NA,1,1,0,0,0,1,0,0,1,NA,3,3,0,"N","Y",103
"DOLPHD-1430","M",11,"Local","SinglePass",3,6,0,0,0,0,0,0,1,1,2,NA,3,1,0,"Y","Y",59
"DOLPHD-1431","M",5,"Overseas","SinglePass",3,6,1,0,0,0,0,1,0,0,1,NA,2,3,0,"N","Y",84
"DOLPHD-1433","M",5,"Local","MultiPass",3,6,0,1,0,0,0,0,0,0,3,NA,4,1,0,"N","N",109
"DOLPHD-1439","M",11,"Local","SinglePass",3,6,1,0,1,0,0,0,0,1,1,NA,3,4,0,"N","N",84
"DOLPHD-1444","M",7,"Local","SinglePass",3,6,0,0,0,0,0,0,0,1,2,NA,4,2,0,"N","Y",59
"DOLPHD-1445","M",5,"Overseas","SinglePass",3,6,0,0,1,0,0,1,0,1,2,NA,3,1,0,"N","N",109
"DOLPHD-1447","M",8,"Local","SinglePass",3,6,1,1,0,0,0,0,0,1,1,NA,2,3,0,"N","N",109
"DOLPHD-1448","M",12,"Overseas","MultiPass",3,NA,1,0,1,0,1,1,0,0,2,NA,3,2,0,"N","N",103
"DOLPHD-1450","M",10,"Local","SinglePass",3,6,0,0,1,0,0,0,0,1,2,NA,4,1,0,"Y","Y",84
"DOLPHD-1454","M",10,"Local","MultiPass",3,6,0,0,1,1,0,0,0,0,3,NA,2,2,0,"N","Y",109
"DOLPHD-1456","M",12,"Overseas","SinglePass",3,NA,1,0,0,0,0,1,0,1,2,NA,4,1,0,"N","N",78
"DOLPHD-1457","M",10,"Local","SinglePass",3,6,0,0,1,0,0,1,0,0,2,NA,2,1,0,"Y","Y",59
"DOLPHD-1461","M",12,"Local","SinglePass",3,NA,0,0,0,0,1,0,1,1,1,NA,2,4,0,"N","N",78
"DOLPHD-1462","M",8,"Overseas","SinglePass",3,6,0,0,0,0,0,1,1,0,2,NA,4,1,0,"N","N",84
"DOLPHD-1463","M",7,"Overseas","MultiPass",3,6,1,1,1,1,0,0,1,0,1,NA,2,4,0,"N","N",109
"DOLPHD-1464","M",10,"Local","MultiPass",3,6,1,0,0,1,1,1,0,1,3,NA,4,1,0,"Y","Y",109
"DOLPHD-1467","M",9,"Local","SinglePass",3,6,1,1,0,0,0,0,0,0,1,NA,2,4,0,"N","N",84
"DOLPHD-1469","M",7,"Overseas","MultiPass",3,6,1,1,0,0,0,1,1,0,1,NA,3,4,0,"N","N",109
"DOLPHD-1471","M",10,"Local","SinglePass",3,6,1,0,0,0,0,1,1,1,2,NA,3,2,0,"Y","Y",134
"DOLPHD-1472","M",6,"Local","SinglePass",3,6,0,0,1,0,1,1,1,0,3,NA,2,1,0,"N","N",134
"DOLPHD-1474","M",7,"Local","MultiPass",3,6,1,0,0,0,0,1,0,0,3,NA,3,1,0,"N","Y",109
"DOLPHD-1477","M",11,"Overseas","SinglePass",3,6,0,0,0,0,0,1,1,1,1,NA,3,3,0,"N","N",109
"DOLPHD-1478","M",11,"Local","MultiPass",3,6,0,1,0,1,0,0,1,1,3,NA,3,1,0,"N","N",109
"DOLPHD-1482","M",12,"Local","SinglePass",3,NA,0,0,0,0,1,1,0,1,2,NA,2,2,0,"N","Y",103
"DOLPHD-1484","M",10,"Overseas","MultiPass",3,6,0,0,0,1,0,1,0,1,1,NA,2,3,0,"N","N",109
"DOLPHD-1485","M",6,"Local","SinglePass",3,6,1,1,0,0,0,1,0,0,2,NA,2,2,0,"N","N",109
"DOLPHD-1486","M",8,"Local","SinglePass",3,6,0,0,1,0,1,0,0,1,1,NA,2,3,0,"N","N",109
"DOLPHD-1487","M",8,"Overseas","SinglePass",3,6,1,0,1,0,0,1,0,1,1,NA,2,4,0,"Y","Y",109
"DOLPHD-1490","M",8,"Overseas","SinglePass",3,6,1,0,1,0,0,1,0,0,1,NA,2,3,0,"N","N",84
"DOLPHD-1491","M",12,"Overseas","SinglePass",3,NA,1,0,0,0,1,0,1,0,1,NA,2,3,0,"N","N",103
"DOLPHD-1494","M",7,"Overseas","MultiPass",3,6,1,0,0,1,0,1,0,0,2,NA,4,2,0,"N","N",109
"DOLPHD-1495","M",9,"Local","SinglePass",3,6,0,0,0,0,0,0,0,1,2,NA,2,2,0,"N","N",59
"DOLPHD-1496","M",12,"Local","SinglePass",3,NA,0,1,1,0,1,0,1,0,2,NA,4,2,0,"N","N",128
"DOLPHD-1498","M",10,"Overseas","MultiPass",3,6,0,1,0,0,0,0,0,0,2,NA,3,2,0,"N","N",109
"DOLPHD-1499","M",5,"Local","MultiPass",3,6,1,0,1,1,0,0,0,1,1,NA,2,3,0,"N","N",109
"DOLPHD-1500","M",12,"Local","SinglePass",3,NA,0,0,1,0,1,1,1,1,1,NA,3,4,0,"N","N",128
"DOLPHD-1502","M",5,"Local","SinglePass",3,6,1,0,0,0,0,0,1,0,1,NA,2,4,0,"N","N",84
"DOLPHD-1504","M",11,"Overseas","MultiPass",3,6,0,0,1,1,0,1,1,1,2,NA,2,1,0,"N","Y",109
"DOLPHD-1506","M",11,"Local","SinglePass",3,6,0,0,1,0,0,0,0,1,2,NA,4,2,0,"N","N",84
"DOLPHD-1510","M",5,"Local","MultiPass",3,6,1,0,0,1,0,0,1,1,1,NA,3,4,0,"N","N",109
"DOLPHD-1515","M",5,"Overseas","MultiPass",3,6,1,0,0,0,1,1,1,0,3,NA,4,1,0,"N","N",109
"DOLPHD-1516","M",6,"Local","SinglePass",3,6,1,1,0,0,0,0,1,1,1,NA,4,4,0,"N","N",134
"DOLPHD-1517","M",9,"Local","SinglePass",3,6,1,0,1,0,0,1,0,0,3,NA,3,2,0,"N","N",109
"DOLPHD-1518","M",6,"Overseas","SinglePass",3,6,1,0,0,0,0,1,0,1,1,NA,4,3,0,"N","N",109
"DOLPHD-1521","M",12,"Local","SinglePass",3,NA,1,1,0,0,0,0,0,1,3,NA,2,1,0,"N","N",103
"DOLPHD-1522","M",8,"Overseas","SinglePass",3,6,0,0,0,0,0,0,0,1,1,NA,2,3,0,"N","N",59
"DOLPHD-1523","M",7,"Local","SinglePass",3,6,1,0,0,0,0,0,0,1,2,NA,3,1,0,"N","Y",84
"DOLPHD-1526","M",5,"Overseas","SinglePass",3,6,1,0,0,0,1,0,1,0,3,NA,4,2,0,"N","N",109
"DOLPHD-1527","M",12,"Local","SinglePass",3,NA,1,0,0,0,0,0,0,0,2,NA,3,2,0,"N","N",28
"DOLPHD-1528","M",11,"Local","SinglePass",3,6,0,0,0,0,0,1,0,0,1,NA,2,4,0,"N","Y",59
"DOLPHD-1535","M",10,"Local","MultiPass",3,6,1,0,0,1,0,1,0,1,2,NA,4,1,0,"N","N",109
"DOLPHD-1540","M",10,"Overseas","MultiPass",3,6,1,0,1,1,0,0,0,1,1,NA,2,3,0,"N","N",109
"DOLPHD-1542","M",9,"Local","SinglePass",3,6,1,0,1,0,0,0,0,0,3,NA,2,1,0,"N","Y",84
"DOLPHD-1546","M",8,"Overseas","SinglePass",3,6,1,1,0,0,0,0,0,0,2,NA,2,1,0,"N","N",84
"DOLPHD-1547","M",5,"Overseas","SinglePass",3,6,1,0,0,0,0,1,0,1,3,NA,4,2,0,"N","N",84
"DOLPHD-1549","M",8,"Local","MultiPass",3,6,0,1,0,0,0,0,0,1,2,NA,2,1,0,"N","N",109
"DOLPHD-1550","M",12,"Overseas","MultiPass",3,NA,0,0,0,1,1,0,0,0,3,NA,3,2,0,"N","N",103
"DOLPHD-1554","M",5,"Overseas","MultiPass",3,6,1,0,0,0,0,1,1,1,2,NA,3,1,0,"N","N",109
"DOLPHD-1555","M",6,"Local","MultiPass",3,6,1,1,1,0,1,0,0,1,2,NA,3,2,0,"N","Y",109
"DOLPHD-1557","M",8,"Overseas","SinglePass",3,6,1,0,0,0,1,1,0,0,3,NA,3,1,0,"N","N",84
"DOLPHD-1558","M",5,"Local","SinglePass",3,6,1,0,0,0,0,0,0,1,3,NA,3,1,0,"N","N",84
"DOLPHD-1559","M",6,"Local","SinglePass",3,6,0,0,1,0,0,0,0,0,1,NA,2,3,0,"N","N",34
"DOLPHD-1560","M",9,"Overseas","MultiPass",3,6,0,0,1,0,0,0,0,1,3,NA,3,2,0,"N","N",109
"DOLPHD-1563","M",10,"Local","SinglePass",3,6,1,0,1,0,0,1,0,0,2,NA,3,1,0,"N","N",109
"DOLPHD-1567","M",10,"Overseas","SinglePass",3,6,0,1,0,0,0,1,0,0,1,NA,2,3,0,"Y","Y",84
"DOLPHD-1571","M",12,"Overseas","MultiPass",3,NA,1,1,0,0,0,1,0,1,3,NA,4,1,0,"N","N",103
"DOLPHD-1574","M",5,"Overseas","SinglePass",3,6,1,1,0,0,1,1,0,1,2,NA,2,2,0,"N","Y",159
"DOLPHD-1579","M",9,"Local","SinglePass",3,6,1,0,0,0,0,1,0,0,3,NA,2,2,0,"N","N",59
"DOLPHD-1580","M",11,"Local","MultiPass",3,6,0,0,1,0,0,0,0,1,3,NA,4,1,0,"N","N",109
"DOLPHD-1581","M",11,"Overseas","MultiPass",3,6,1,0,0,1,0,1,0,1,1,NA,2,4,0,"N","N",109
"DOLPHD-1582","M",5,"Overseas","SinglePass",3,6,1,1,1,0,0,0,0,1,3,NA,3,1,0,"N","N",109
"DOLPHD-1583","M",8,"Local","SinglePass",3,6,1,1,0,0,0,0,0,1,1,NA,3,4,0,"N","N",109
"DOLPHD-1584","M",12,"Local","SinglePass",3,NA,0,0,0,0,0,0,0,0,3,NA,2,2,0,"N","N",28
"DOLPHD-1586","M",12,"Local","MultiPass",3,NA,0,0,0,0,0,0,0,0,3,NA,4,2,0,"N","N",103
"DOLPHD-1588","M",9,"Overseas","SinglePass",3,6,1,0,0,0,0,0,0,0,3,NA,4,2,0,"N","N",34
"DOLPHD-1589","M",11,"Overseas","SinglePass",3,6,1,1,1,0,0,1,0,0,3,NA,3,1,0,"N","N",134
"DOLPHD-1590","M",9,"Local","MultiPass",3,6,0,1,1,1,1,1,0,1,2,NA,4,2,0,"N","N",109
"DOLPHD-1591","M",6,"Local","MultiPass",3,6,0,0,1,1,0,0,0,1,1,NA,3,3,0,"N","N",109
"DOLPHD-1593","M",8,"Local","SinglePass",3,6,0,0,1,0,0,1,0,1,2,NA,2,2,0,"Y","N",109
"DOLPHD-1595","M",9,"Overseas","MultiPass",3,6,1,0,1,1,0,1,0,1,2,NA,3,2,0,"Y","Y",109
"DOLPHD-1597","M",11,"Local","SinglePass",3,6,1,0,0,0,0,0,0,1,3,NA,4,1,0,"N","Y",59
"DOLPHD-1598","M",6,"Local","SinglePass",3,6,0,0,0,0,0,1,0,1,1,NA,3,4,0,"Y","Y",84
"DOLPHD-1600","M",8,"Local","MultiPass",3,6,0,0,1,0,1,1,0,0,3,NA,2,2,0,"N","N",109
"DOLPHD-1604","M",11,"Local","SinglePass",3,6,0,0,0,0,0,1,0,0,3,NA,4,1,0,"N","N",34
"DOLPHD-1605","M",9,"Local","MultiPass",3,6,1,0,0,1,0,0,0,0,2,NA,2,1,0,"N","N",109
"DOLPHD-1607","M",12,"Local","SinglePass",3,NA,1,1,0,0,0,0,0,0,2,NA,3,2,0,"N","Y",78
"DOLPHD-1609","M",11,"Overseas","SinglePass",3,6,1,0,0,0,0,0,0,1,2,NA,3,2,0,"N","N",59
"DOLPHD-1612","M",6,"Local","SinglePass",3,6,1,0,0,0,0,0,0,0,2,NA,4,1,0,"N","Y",59
"DOLPHD-1615","M",8,"Local","SinglePass",3,6,1,0,0,0,1,1,1,1,2,NA,2,1,0,"N","N",159
"DOLPHD-1617","M",5,"Overseas","MultiPass",3,6,1,1,1,1,0,0,0,0,2,NA,3,1,0,"N","N",109
"DOLPHD-1627","M",10,"Overseas","MultiPass",3,6,1,1,0,0,0,0,1,1,3,NA,2,1,0,"N","Y",109
"DOLPHD-1630","M",12,"Overseas","SinglePass",3,NA,0,0,0,0,1,0,0,1,3,NA,4,1,0,"N","Y",53
"DOLPHD-1634","M",12,"Overseas","SinglePass",3,NA,0,1,1,0,0,0,0,0,1,NA,0,3,0,"N","N",78
"DOLPHD-1638","M",5,"Overseas","SinglePass",3,6,1,0,1,0,1,1,1,1,3,NA,4,1,0,"N","N",159
"DOLPHD-1641","M",10,"Overseas","MultiPass",3,6,0,0,0,0,0,0,0,0,1,NA,3,3,0,"N","N",109
"DOLPHD-1645","M",6,"Overseas","SinglePass",3,6,0,0,1,0,0,1,0,0,3,NA,0,1,0,"N","Y",59
"DOLPHD-1646","M",6,"Local","MultiPass",3,6,0,1,1,1,0,1,0,0,1,NA,4,4,0,"N","Y",109
"DOLPHD-1648","M",11,"Overseas","SinglePass",3,6,1,0,0,0,1,1,1,0,1,NA,2,3,0,"N","N",109
"DOLPHD-1650","M",12,"Local","SinglePass",3,NA,1,0,1,0,0,1,0,1,3,NA,2,1,0,"N","N",103
"DOLPHD-1651","M",11,"Overseas","MultiPass",3,6,0,1,0,0,0,0,0,0,2,NA,2,2,0,"Y","Y",109
"DOLPHD-1654","M",8,"Local","SinglePass",3,6,1,0,1,0,0,1,0,0,1,NA,2,4,0,"Y","N",109
"DOLPHD-1658","M",6,"Overseas","SinglePass",3,6,1,0,1,0,0,0,0,0,2,NA,0,1,0,"N","N",84
"DOLPHD-1662","M",9,"Overseas","MultiPass",3,6,1,0,1,0,0,1,0,1,1,NA,2,4,0,"N","N",109
"DOLPHD-1667","M",12,"Local","MultiPass",3,NA,1,0,1,1,0,0,1,0,1,NA,2,3,0,"N","N",103
"DOLPHD-1668","M",9,"Local","SinglePass",3,6,1,0,0,0,1,1,0,1,1,NA,0,4,0,"N","N",109
"DOLPHD-1670","M",9,"Local","SinglePass",3,6,0,0,1,0,0,0,0,1,1,NA,0,3,0,"N","N",84
"DOLPHD-1671","M",9,"Local","SinglePass",3,6,0,0,0,0,1,0,0,0,3,NA,0,1,0,"N","N",34
"DOLPHD-1674","M",8,"Local","SinglePass",3,6,1,1,0,0,0,0,1,1,3,NA,2,1,0,"N","N",134
"DOLPHD-1675","M",12,"Local","SinglePass",3,NA,0,0,1,0,0,0,0,1,2,NA,0,1,0,"N","Y",78
"DOLPHD-1678","M",7,"Local","MultiPass",3,6,0,0,0,1,0,0,0,1,3,NA,0,1,0,"N","N",109
"DOLPHD-1679","M",9,"Overseas","SinglePass",3,6,1,0,1,0,0,1,0,1,3,NA,2,1,0,"N","N",109
"DOLPHD-1680","M",9,"Overseas","SinglePass",3,6,1,0,0,0,0,0,0,1,3,NA,2,1,0,"N","N",59
"DOLPHD-1681","M",11,"Local","SinglePass",3,6,1,1,1,0,0,1,0,0,2,NA,3,2,0,"N","N",109
"DOLPHD-1682","M",9,"Local","MultiPass",3,6,0,0,0,1,0,0,1,1,3,NA,2,2,0,"N","Y",109
"DOLPHD-1684","M",8,"Local","SinglePass",3,6,1,0,0,0,0,0,0,0,3,NA,0,2,0,"N","N",34
"DOLPHD-1685","M",12,"Local","SinglePass",3,NA,1,0,0,0,0,0,0,0,2,NA,0,2,0,"N","N",53
"DOLPHD-1693","M",6,"Overseas","MultiPass",3,6,0,0,1,1,0,1,1,1,2,NA,4,1,0,"N","N",109
"DOLPHD-1701","M",9,"Overseas","SinglePass",3,6,1,0,0,0,0,0,1,0,3,NA,0,1,0,"N","N",59
"DOLPHD-1703","M",9,"Local","MultiPass",3,6,0,0,1,1,0,0,0,0,1,NA,3,3,0,"N","Y",109
"DOLPHD-1708","M",9,"Overseas","MultiPass",3,6,0,0,0,0,1,1,0,0,1,NA,4,4,0,"N","Y",109
"DOLPHD-1709","M",12,"Local","SinglePass",3,NA,0,0,0,0,0,0,1,1,1,NA,0,3,0,"N","N",78
"DOLPHD-1710","M",12,"Local","SinglePass",3,NA,1,0,1,0,0,0,1,1,2,NA,4,2,0,"Y","Y",128
"DOLPHD-1713","M",6,"Local","MultiPass",3,6,0,1,0,0,0,1,1,1,1,NA,0,4,0,"N","N",109
"DOLPHD-1717","M",12,"Local","SinglePass",3,NA,1,0,0,0,0,1,0,1,1,NA,0,3,0,"Y","Y",78
"DOLPHD-1718","M",10,"Overseas","SinglePass",3,6,0,0,0,0,0,0,1,0,1,NA,4,4,0,"N","N",34
"DOLPHD-1719","M",7,"Local","SinglePass",3,6,1,0,1,0,1,0,1,1,1,NA,3,3,0,"N","N",134
"DOLPHD-1721","M",12,"Overseas","SinglePass",3,NA,1,0,0,0,0,1,0,0,3,NA,0,1,0,"Y","Y",53
"DOLPHD-1722","M",11,"Overseas","SinglePass",3,6,1,1,1,0,0,1,1,1,3,NA,4,2,0,"N","N",159
"DOLPHD-1724","M",9,"Local","SinglePass",3,6,1,0,0,0,0,0,0,0,3,NA,0,1,0,"Y","Y",34
"DOLPHD-1725","M",7,"Overseas","SinglePass",3,6,0,0,0,0,0,0,1,1,2,NA,0,1,0,"Y","Y",84
"DOLPHD-1727","M",10,"Local","SinglePass",3,6,0,1,0,0,0,1,1,0,1,NA,2,4,0,"N","N",109
"DOLPHD-1730","M",7,"Local","SinglePass",3,6,0,0,1,0,1,1,0,1,2,NA,0,2,0,"N","N",109
"DOLPHD-1731","M",12,"Local","SinglePass",3,NA,1,1,0,0,0,1,0,0,1,NA,3,3,0,"N","N",103
"DOLPHD-1732","M",6,"Overseas","SinglePass",3,6,1,0,0,0,0,1,0,0,3,NA,4,2,0,"N","N",59
"DOLPHD-1733","M",10,"Local","SinglePass",3,6,0,0,1,0,0,1,0,0,1,NA,3,3,0,"Y","Y",84
"DOLPHD-1735","M",5,"Overseas","SinglePass",3,6,0,0,0,0,0,0,0,1,1,NA,4,4,0,"N","N",59
"DOLPHD-1738","M",8,"Local","SinglePass",3,6,0,0,0,0,0,1,0,0,2,NA,4,1,0,"N","N",59
"DOLPHD-1739","M",12,"Overseas","SinglePass",3,NA,0,0,0,0,0,0,1,0,3,NA,0,2,0,"N","N",28
"DOLPHD-1743","M",6,"Overseas","SinglePass",3,6,1,1,0,0,1,0,0,1,2,NA,2,1,0,"N","Y",134
"DOLPHD-1744","M",8,"Local","SinglePass",3,6,1,0,0,0,0,1,1,0,1,NA,4,3,0,"N","N",109
"DOLPHD-1746","M",8,"Overseas","SinglePass",3,6,0,0,0,0,1,0,1,1,3,NA,4,1,0,"N","N",109
"DOLPHD-1747","M",8,"Local","SinglePass",3,6,0,0,0,0,0,1,1,1,1,NA,0,3,0,"N","N",109
"DOLPHD-1751","M",6,"Local","SinglePass",3,6,0,0,0,0,0,1,1,0,2,NA,3,1,0,"N","N",59
"DOLPHD-1753","M",8,"Overseas","SinglePass",3,6,0,0,0,0,0,1,0,0,1,NA,3,4,0,"N","Y",59
"DOLPHD-1754","M",6,"Local","SinglePass",3,6,0,0,0,0,0,0,0,1,1,NA,0,3,0,"N","N",59
"DOLPHD-1755","M",5,"Overseas","SinglePass",3,6,1,0,1,0,1,0,0,1,2,NA,4,2,0,"N","N",134
"DOLPHD-1756","M",5,"Local","SinglePass",3,6,0,0,1,0,0,1,1,0,2,NA,3,2,0,"N","N",109
"DOLPHD-1758","M",12,"Overseas","SinglePass",3,NA,1,0,0,0,0,1,0,1,1,NA,0,4,0,"N","N",103
"DOLPHD-1759","M",6,"Local","SinglePass",3,6,0,0,1,0,0,1,0,0,3,NA,0,2,0,"N","N",59
"DOLPHD-1760","M",12,"Local","SinglePass",3,NA,0,1,0,0,0,0,1,0,1,NA,3,4,0,"Y","Y",53
"DOLPHD-1763","M",12,"Local","SinglePass",3,NA,1,0,0,0,0,1,0,0,2,NA,4,1,0,"N","N",53
"DOLPHD-1764","M",5,"Local","SinglePass",3,6,1,0,1,0,0,0,0,0,1,NA,3,3,0,"N","N",84
"DOLPHD-1766","M",6,"Local","SinglePass",3,6,0,1,0,0,0,1,0,0,1,NA,3,4,0,"N","N",59
"DOLPHD-1767","M",11,"Overseas","SinglePass",3,6,1,1,0,0,1,1,0,1,3,NA,3,2,0,"Y","Y",159
"DOLPHD-1768","M",10,"Local","SinglePass",3,6,0,0,1,0,0,0,0,1,3,NA,2,1,0,"N","N",84
"DOLPHD-1771","M",8,"Local","SinglePass",3,6,0,0,0,0,0,1,0,1,1,NA,4,3,0,"N","N",84
"DOLPHD-1773","M",12,"Local","SinglePass",3,NA,0,0,1,0,0,0,0,0,1,NA,0,3,0,"N","N",28
"DOLPHD-1781","M",8,"Local","SinglePass",3,6,1,1,1,0,0,1,0,0,1,NA,4,3,0,"N","N",109
"DOLPHD-1782","M",6,"Overseas","SinglePass",3,6,0,0,1,0,1,1,0,0,3,NA,3,2,0,"N","N",109
"DOLPHD-1784","M",7,"Local","SinglePass",3,6,1,0,0,0,0,1,0,1,3,NA,2,2,0,"N","N",84
"DOLPHD-1785","M",8,"Local","SinglePass",3,6,1,0,1,0,0,1,1,0,3,NA,2,1,0,"N","N",109
"DOLPHD-1786","M",6,"Overseas","SinglePass",3,6,0,1,1,0,0,1,1,0,2,NA,4,2,0,"N","N",109
"DOLPHD-1787","M",11,"Local","SinglePass",3,6,1,0,0,0,1,0,1,0,1,NA,4,3,0,"N","N",84
"DOLPHD-1788","M",8,"Local","SinglePass",3,6,0,0,0,0,0,1,0,1,3,NA,0,1,0,"N","Y",84
"DOLPHD-1793","M",10,"Local","SinglePass",3,6,0,0,1,0,0,1,1,0,1,NA,3,4,0,"N","N",109
"DOLPHD-1798","M",11,"Overseas","SinglePass",3,6,0,1,0,0,0,1,0,0,1,NA,3,4,0,"N","N",59
"DOLPHD-1800","M",8,"Local","SinglePass",3,6,1,1,0,0,0,1,0,1,3,NA,4,1,0,"N","N",109
"DOLPHD-1803","M",11,"Overseas","SinglePass",3,6,0,0,0,0,1,0,0,0,3,NA,0,2,0,"N","N",59
"DOLPHD-1804","M",7,"Local","SinglePass",3,6,0,0,1,0,0,0,0,0,1,NA,0,4,0,"N","N",34
"DOLPHD-1805","M",11,"Local","SinglePass",3,6,1,0,1,0,0,0,1,1,1,NA,4,3,0,"Y","Y",109
"DOLPHD-1807","M",7,"Local","SinglePass",3,6,0,0,0,0,0,1,1,1,2,NA,2,2,0,"N","N",109
"DOLPHD-1808","M",11,"Local","SinglePass",3,6,0,0,0,0,1,1,0,0,2,NA,0,1,0,"N","N",84
"DOLPHD-1813","M",10,"Overseas","SinglePass",3,6,0,1,0,0,0,1,0,1,3,NA,3,1,0,"N","N",84
"DOLPHD-1814","M",12,"Local","SinglePass",3,NA,1,0,0,0,0,1,1,0,2,NA,2,1,0,"N","Y",103
"DOLPHD-1816","M",8,"Local","SinglePass",3,6,0,1,0,0,0,1,0,0,1,NA,3,4,0,"N","N",84
"DOLPHD-1817","M",10,"Local","SinglePass",3,6,1,0,0,0,0,0,1,1,3,NA,0,2,0,"N","N",109
"DOLPHD-1819","M",9,"Local","SinglePass",3,6,1,0,0,0,1,1,0,1,1,NA,2,3,0,"N","N",109
"DOLPHD-1821","M",10,"Local","SinglePass",3,6,1,0,0,0,1,1,0,0,1,NA,4,4,0,"N","Y",109
"DOLPHD-1823","M",9,"Local","SinglePass",3,6,0,0,0,0,0,0,0,1,1,NA,0,4,0,"N","N",59
"DOLPHD-1828","M",12,"Local","SinglePass",3,NA,0,0,0,0,0,0,0,1,3,NA,3,1,0,"N","N",53
"DOLPHD-1829","M",8,"Local","SinglePass",3,6,0,1,1,0,0,1,0,1,3,NA,4,2,0,"N","N",134
"DOLPHD-1830","M",5,"Overseas","SinglePass",3,6,0,0,1,0,0,1,1,1,1,NA,0,3,0,"N","Y",109
"DOLPHD-1831","M",11,"Local","SinglePass",3,6,1,0,0,0,0,1,0,0,1,NA,0,3,0,"N","N",59
"DOLPHD-1832","M",5,"Local","SinglePass",3,6,0,0,0,0,0,1,1,0,1,NA,4,3,0,"N","Y",84
"DOLPHD-1837","M",12,"Overseas","SinglePass",3,NA,1,0,0,0,1,1,1,1,2,NA,3,2,0,"N","N",128
"DOLPHD-1841","M",7,"Local","SinglePass",3,6,1,0,1,0,0,1,1,1,1,NA,3,4,0,"N","N",134
"DOLPHD-1845","M",8,"Local","SinglePass",3,6,1,1,0,0,1,0,0,0,1,NA,0,3,0,"Y","Y",84
"DOLPHD-1847","M",10,"Local","SinglePass",3,6,1,0,1,0,0,1,0,0,1,NA,3,3,0,"N","N",109
"DOLPHD-1848","M",5,"Local","SinglePass",3,6,0,0,0,0,0,0,0,1,2,NA,2,1,0,"N","N",34
"DOLPHD-1854","M",10,"Overseas","SinglePass",3,6,0,0,0,0,0,0,0,0,3,NA,3,2,0,"Y","Y",9
"DOLPHD-1855","M",9,"Local","SinglePass",3,6,0,0,0,0,0,1,1,0,1,NA,0,3,0,"N","N",59
"DOLPHD-1856","M",7,"Local","SinglePass",3,6,0,1,1,0,0,1,0,1,1,NA,2,4,0,"Y","Y",134
"DOLPHD-1860","M",8,"Local","SinglePass",3,6,0,0,0,0,1,1,0,0,3,"KiddieTrainRide",0,1,0,"N","Y",59
"DOLPHD-1861","M",7,"Overseas","SinglePass",3,6,0,0,1,0,0,0,0,0,2,NA,0,2,0,"N","N",59
"DOLPHD-1862","M",8,"Local","SinglePass",3,6,1,0,0,0,1,0,0,1,1,NA,3,4,0,"N","N",109
"DOLPHD-1864","M",11,"Local","SinglePass",3,6,1,0,1,0,1,0,0,0,3,NA,2,2,0,"N","N",109
"DOLPHD-1865","M",11,"Local","SinglePass",3,6,1,0,0,0,0,0,0,1,1,NA,0,3,0,"N","N",84
"DOLPHD-1866","M",12,"Overseas","SinglePass",3,NA,1,1,0,0,0,0,0,0,2,NA,0,2,0,"N","N",53
"DOLPHD-1868","M",9,"Local","SinglePass",3,6,1,0,0,0,0,1,0,0,3,NA,0,1,0,"N","N",59
"DOLPHD-1871","M",8,"Local","SinglePass",3,6,0,1,1,0,0,1,1,1,2,NA,2,1,0,"N","N",134
"DOLPHD-1875","M",11,"Overseas","SinglePass",3,6,0,0,1,0,1,1,0,0,1,"KiddieTrainRide",2,3,0,"N","N",109
"DOLPHD-1878","M",7,"Overseas","SinglePass",3,6,0,1,1,0,1,1,1,1,2,NA,4,2,0,"N","N",159
"DOLPHD-1880","M",7,"Local","SinglePass",3,6,0,0,1,0,0,1,0,1,1,NA,4,4,0,"N","Y",109
"DOLPHD-1882","M",9,"Overseas","SinglePass",3,6,1,0,0,0,0,0,0,0,2,NA,4,1,0,"N","N",34
"DOLPHD-1883","M",11,"Local","SinglePass",3,6,1,0,1,0,0,0,0,0,3,NA,3,1,0,"N","N",84
"DOLPHD-1888","M",6,"Local","SinglePass",3,6,1,0,1,0,0,1,0,1,2,NA,4,2,0,"N","Y",134
"DOLPHD-1890","M",5,"Overseas","SinglePass",3,6,1,0,0,0,0,1,1,1,1,NA,4,999,0,"Y","Y",134
"DOLPHD-1895","M",12,"Local","SinglePass",3,NA,0,1,0,0,0,1,0,1,2,NA,3,2,0,"Y","Y",103
"DOLPHD-1903","M",10,"Local","SinglePass",3,6,0,0,1,0,1,1,0,0,1,NA,3,4,0,"Y","Y",109
"DOLPHD-1904","M",10,"Local","SinglePass",3,6,0,1,0,0,0,1,0,1,3,NA,2,1,0,"N","N",109
"DOLPHD-1906","M",5,"Overseas","SinglePass",3,6,0,0,1,0,0,0,1,0,1,NA,0,4,0,"N","N",59
"DOLPHD-1909","M",12,"Overseas","SinglePass",3,NA,0,0,0,0,1,1,0,0,3,NA,2,1,0,"N","N",78
"DOLPHD-1912","M",7,"Local","SinglePass",3,6,0,0,1,0,0,0,0,0,3,NA,0,1,0,"N","N",59
"DOLPHD-1915","M",12,"Local","SinglePass",3,NA,1,0,0,0,0,0,1,0,1,NA,2,4,0,"N","N",53
"DOLPHD-1923","M",6,"Overseas","MultiPass",3,6,1,1,0,0,0,0,1,1,1,NA,2,4,0,"N","N",109
"DOLPHD-1925","M",10,"Local","MultiPass",3,6,1,0,1,0,0,1,1,0,1,"KiddieTrainRide",4,3,0,"N","N",109
"DOLPHD-1926","M",11,"Overseas","SinglePass",3,6,1,1,0,0,0,1,1,1,3,NA,2,2,0,"N","N",134
"DOLPHD-1927","M",5,"Local","SinglePass",3,6,1,0,0,0,0,1,0,1,3,"KiddieTrainRide",0,2,0,"N","N",109
"DOLPHD-1929","M",8,"Local","SinglePass",3,6,0,0,1,0,0,1,0,0,1,NA,3,3,0,"N","N",84
"DOLPHD-1935","M",11,"Overseas","SinglePass",3,6,1,1,0,0,1,0,1,0,1,NA,4,3,0,"N","Y",134
"DOLPHD-1936","M",10,"Local","MultiPass",3,6,1,0,0,0,0,1,1,1,3,NA,3,2,0,"N","N",109
"DOLPHD-1937","M",11,"Local","SinglePass",3,6,0,0,0,0,0,1,1,1,2,NA,4,2,0,"N","N",109
"DOLPHD-1944","M",7,"Local","SinglePass",3,6,1,0,1,0,0,0,0,0,2,NA,0,2,0,"N","N",59
"DOLPHD-1945","M",15,"Overseas","MultiPass",10,11,0,0,0,0,1,1,0,0,2,NA,2,1,0,"Y","Y",121
"DOLPHD-1946","M",18,"Local","SinglePass",10,11,1,0,1,0,0,0,0,0,3,NA,0,1,0,"N","N",96
"DOLPHD-1947","M",19,"Overseas","MultiPass",10,11,0,0,1,1,0,1,0,0,3,NA,0,1,0,"N","N",121
"DOLPHD-1948","M",19,"Local","SinglePass",10,11,0,1,1,0,0,0,1,0,3,NA,0,1,0,"N","N",96
"DOLPHD-1949","M",14,"Local","SinglePass",10,11,1,1,1,0,0,1,0,0,2,NA,2,2,0,"N","Y",146
"DOLPHD-1954","M",14,"Overseas","MultiPass",10,11,1,0,0,0,1,0,0,0,2,NA,0,2,0,"N","N",121
"DOLPHD-1956","M",16,"Local","MultiPass",10,11,1,0,1,0,0,1,0,0,1,NA,2,999,0,"N","N",121
"DOLPHD-1957","M",13,"Overseas","SinglePass",10,11,0,1,1,0,0,1,0,0,3,NA,3,1,0,"N","Y",121
"DOLPHD-1959","M",15,"Overseas","SinglePass",10,11,1,0,1,0,1,0,1,0,3,NA,2,2,0,"Y","Y",121
"DOLPHD-1961","M",19,"Local","SinglePass",10,11,1,0,0,0,1,1,0,0,1,NA,4,3,0,"N","N",121
"DOLPHD-1963","M",17,"Local","SinglePass",10,11,1,1,0,0,0,0,0,0,1,NA,0,4,0,"N","N",96
"DOLPHD-1965","M",13,"Local","MultiPass",10,11,1,0,0,0,0,1,0,0,3,NA,0,1,0,"N","N",121
"DOLPHD-1968","M",19,"Local","SinglePass",10,11,0,0,0,0,0,1,0,0,1,NA,2,3,0,"N","N",46
"DOLPHD-1971","M",14,"Overseas","SinglePass",10,11,0,0,0,0,0,1,1,0,2,NA,4,1,0,"N","Y",96
"DOLPHD-1974","M",19,"Overseas","SinglePass",10,11,0,0,1,0,1,1,0,0,1,"KiddieTrainRide",0,4,0,"N","N",96
"DOLPHD-1975","M",13,"Local","MultiPass",10,11,0,0,1,1,0,0,1,0,1,NA,4,4,0,"Y","Y",121
"DOLPHD-1978","M",17,"Overseas","MultiPass",10,11,0,0,0,1,0,1,0,0,3,NA,0,1,0,"N","N",121
"DOLPHD-1983","M",17,"Overseas","SinglePass",10,11,1,0,0,0,0,0,0,0,1,NA,3,4,0,"N","N",71
"DOLPHD-1985","M",17,"Local","SinglePass",10,11,1,0,0,0,0,1,1,0,3,NA,2,1,0,"N","N",121
"DOLPHD-1986","M",17,"Overseas","MultiPass",10,11,1,0,1,0,0,0,0,0,2,NA,3,2,0,"N","N",121
"DOLPHD-1990","M",19,"Overseas","SinglePass",10,11,1,0,0,0,0,0,0,0,1,NA,4,4,0,"Y","Y",46
"DOLPHD-1992","M",15,"Local","SinglePass",10,11,0,0,0,0,0,0,0,0,1,NA,3,4,0,"N","N",46
"DOLPHD-1993","M",13,"Overseas","SinglePass",10,11,1,0,0,0,0,0,0,0,3,NA,2,2,0,"N","Y",71
"DOLPHD-1994","M",13,"Local","SinglePass",10,11,1,1,1,0,0,0,0,0,1,NA,0,3,0,"N","N",96
"DOLPHD-1995","M",18,"Overseas","SinglePass",10,11,0,1,0,0,0,0,0,0,3,NA,4,999,0,"N","N",71
"DOLPHD-1997","M",14,"Local","MultiPass",10,11,0,1,1,0,0,0,0,0,3,NA,2,1,0,"N","N",121
"DOLPHD-1998","M",13,"Overseas","MultiPass",10,11,1,1,1,1,0,1,0,0,3,NA,2,1,0,"N","Y",121
"DOLPHD-2002","M",13,"Overseas","MultiPass",10,11,1,0,0,1,0,1,0,0,1,NA,0,4,0,"N","N",121
"DOLPHD-2004","M",19,"Local","SinglePass",10,11,1,0,0,0,0,0,1,0,1,NA,2,3,0,"N","N",96
"DOLPHD-2011","M",19,"Local","MultiPass",10,11,1,0,1,1,0,0,0,0,3,NA,2,1,0,"N","Y",121
"DOLPHD-2012","M",18,"Local","SinglePass",10,11,0,0,0,0,1,1,1,0,3,NA,2,1,0,"N","N",96
"DOLPHD-2018","M",18,"Local","SinglePass",10,11,1,0,0,0,1,0,1,0,1,NA,3,4,0,"N","N",121
"DOLPHD-2020","M",14,"Local","MultiPass",10,11,0,0,0,0,1,0,0,0,3,NA,4,2,0,"N","Y",121
"DOLPHD-2021","M",17,"Local","SinglePass",10,11,1,1,1,0,0,0,0,0,3,NA,3,1,0,"N","N",121
"DOLPHD-2023","M",13,"Local","SinglePass",10,11,1,0,1,0,1,1,0,0,3,NA,4,2,0,"Y","Y",146
"DOLPHD-2025","M",14,"Local","SinglePass",10,11,1,0,1,0,1,1,0,0,3,NA,2,1,0,"N","N",121
"DOLPHD-2031","M",17,"Overseas","MultiPass",10,11,0,0,1,0,0,0,1,0,1,NA,0,3,0,"N","N",121
"DOLPHD-2043","M",15,"Overseas","SinglePass",10,11,0,0,0,0,1,1,0,0,3,NA,0,1,0,"N","N",71
"DOLPHD-2053","M",17,"Overseas","MultiPass",10,11,1,0,1,1,0,1,1,0,2,NA,2,2,0,"N","N",121
"DOLPHD-2055","M",14,"Overseas","MultiPass",10,11,1,0,1,1,0,1,0,0,2,NA,4,999,0,"N","Y",121
"DOLPHD-2060","M",13,"Local","SinglePass",10,11,1,0,0,0,0,1,0,0,3,NA,0,2,0,"N","N",96
"DOLPHD-2061","M",13,"Local","SinglePass",10,11,0,0,0,0,1,1,1,0,3,NA,4,1,0,"N","N",96
"DOLPHD-2062","M",13,"Overseas","SinglePass",10,11,0,1,1,0,0,0,1,0,3,NA,4,1,0,"N","N",121
"DOLPHD-2063","M",16,"Local","MultiPass",10,11,0,0,1,1,0,0,0,0,1,NA,2,3,0,"N","N",121
"DOLPHD-2066","M",19,"Local","MultiPass",10,11,1,1,0,0,1,1,0,0,2,NA,3,2,0,"N","N",121
"DOLPHD-2068","M",19,"Local","MultiPass",10,11,0,0,0,1,0,0,1,0,3,NA,0,1,0,"Y","N",121
"DOLPHD-2077","M",13,"Overseas","MultiPass",10,11,1,0,0,0,1,1,0,0,3,NA,0,1,0,"N","Y",121
"DOLPHD-2080","M",17,"Local","SinglePass",10,11,1,0,0,0,1,0,1,0,3,NA,3,2,0,"N","N",121
"DOLPHD-2086","M",13,"Overseas","MultiPass",10,11,1,0,0,1,0,1,1,0,2,NA,4,1,0,"N","N",121
"DOLPHD-2088","M",16,"Local","MultiPass",10,11,0,0,1,1,0,0,0,0,3,NA,0,1,0,"N","N",121
"DOLPHD-2090","M",17,"Local","MultiPass",10,11,1,0,0,1,0,0,0,0,3,NA,4,1,0,"N","N",121
"DOLPHD-2096","M",18,"Local","SinglePass",10,11,0,0,1,0,0,0,0,0,2,NA,4,2,0,"N","N",71
"DOLPHD-2099","M",16,"Local","MultiPass",10,11,1,0,0,1,0,1,0,0,2,NA,0,1,0,"N","N",121
"DOLPHD-2100","M",19,"Local","SinglePass",10,11,0,1,0,0,0,1,1,0,3,NA,3,1,0,"N","Y",121
"DOLPHD-2102","M",13,"Local","SinglePass",10,11,1,1,0,0,0,0,0,0,1,NA,4,3,0,"N","N",71
"DOLPHD-2106","M",16,"Overseas","MultiPass",10,11,1,0,0,1,1,0,0,0,1,NA,2,3,0,"N","N",121
"DOLPHD-2107","M",15,"Local","SinglePass",10,11,1,0,1,0,0,1,1,0,1,NA,3,4,0,"N","N",146
"DOLPHD-2109","M",17,"Local","SinglePass",10,11,0,0,0,0,0,1,0,0,3,NA,0,1,0,"N","N",71
"DOLPHD-2115","M",15,"Overseas","SinglePass",10,11,1,0,0,0,0,1,1,0,2,NA,2,1,0,"Y","N",96
"DOLPHD-2117","M",14,"Local","MultiPass",10,11,1,0,1,0,1,1,0,0,1,NA,4,3,0,"N","N",121
"DOLPHD-2121","M",17,"Local","MultiPass",10,11,0,0,0,1,0,0,0,0,1,NA,3,3,0,"N","N",121
"DOLPHD-2123","M",19,"Local","SinglePass",10,11,1,1,0,0,0,1,1,0,2,NA,2,1,0,"N","N",146
"DOLPHD-2125","M",18,"Overseas","SinglePass",10,11,1,0,1,0,0,1,1,0,1,NA,2,4,0,"N","N",121
"DOLPHD-2126","M",16,"Local","SinglePass",10,11,0,0,0,0,1,0,1,0,3,NA,3,2,0,"N","N",96
"DOLPHD-2127","M",18,"Overseas","MultiPass",10,11,1,0,0,1,0,1,1,0,2,NA,2,1,0,"N","N",121
"DOLPHD-2130","M",17,"Overseas","MultiPass",10,11,1,0,0,0,0,1,1,0,3,NA,3,2,0,"N","N",121
"DOLPHD-2132","M",14,"Local","MultiPass",10,11,1,1,0,1,0,0,0,0,1,NA,0,3,0,"Y","Y",121
"DOLPHD-2133","M",18,"Local","SinglePass",10,11,1,1,1,0,1,1,1,0,2,NA,4,2,0,"N","Y",196
"DOLPHD-2134","M",13,"Overseas","SinglePass",10,11,0,0,0,0,0,0,0,0,3,NA,0,1,0,"N","N",46
"DOLPHD-2135","M",19,"Local","SinglePass",10,11,0,0,1,0,0,0,1,0,2,NA,0,1,0,"N","N",96
"DOLPHD-2139","M",14,"Overseas","MultiPass",10,11,1,0,0,1,0,0,0,0,1,NA,2,3,0,"N","N",121
"DOLPHD-2142","M",13,"Overseas","SinglePass",10,11,1,1,0,0,0,1,1,0,1,NA,2,3,0,"N","N",121
"DOLPHD-2145","M",14,"Local","SinglePass",10,11,1,0,0,0,0,0,0,0,2,NA,0,2,0,"Y","Y",46
"DOLPHD-2146","M",18,"Overseas","SinglePass",10,11,1,0,1,0,1,0,0,0,2,NA,3,1,0,"N","N",121
"DOLPHD-2147","M",19,"Local","SinglePass",10,11,1,0,0,0,0,1,1,0,1,NA,3,3,0,"N","N",96
"DOLPHD-2152","M",16,"Local","MultiPass",10,11,0,0,0,0,0,1,1,0,3,NA,0,2,0,"N","N",121
"DOLPHD-2154","M",19,"Overseas","MultiPass",10,11,1,0,0,0,1,0,0,0,2,NA,0,1,0,"Y","Y",121
"DOLPHD-2156","M",18,"Local","SinglePass",10,11,1,0,1,0,0,0,0,0,2,NA,4,1,0,"N","Y",71
"DOLPHD-2159","M",16,"Local","SinglePass",10,11,1,0,0,0,1,1,0,0,2,NA,4,2,0,"N","N",96
"DOLPHD-2161","M",14,"Overseas","MultiPass",10,11,1,0,0,1,0,1,1,0,2,NA,4,1,0,"N","Y",121
"DOLPHD-2163","M",13,"Overseas","MultiPass",10,11,0,1,0,0,0,1,0,0,2,NA,0,2,0,"N","N",121
"DOLPHD-2165","M",19,"Local","MultiPass",10,11,0,0,0,0,1,0,0,0,3,NA,3,999,0,"N","Y",121
"DOLPHD-2166","M",15,"Overseas","SinglePass",10,11,1,0,0,0,0,0,1,0,2,NA,0,1,0,"Y","N",96
"DOLPHD-2167","M",19,"Local","SinglePass",10,11,0,0,0,0,0,0,0,0,2,NA,4,1,0,"N","N",46
"DOLPHD-2169","M",14,"Local","SinglePass",10,11,1,1,0,0,1,0,0,0,3,NA,3,2,0,"N","N",96
"DOLPHD-2171","M",17,"Local","MultiPass",10,11,1,0,0,0,0,1,0,0,1,NA,3,4,0,"N","N",121
"DOLPHD-2172","M",17,"Local","MultiPass",10,11,1,0,0,0,0,0,1,0,3,NA,0,2,0,"N","Y",121
"DOLPHD-2175","M",15,"Overseas","SinglePass",10,11,1,0,1,0,0,0,0,0,1,NA,4,4,0,"N","Y",96
"DOLPHD-2176","M",15,"Local","MultiPass",10,11,1,0,0,0,0,1,0,0,1,NA,3,3,0,"N","N",121
"DOLPHD-2178","M",19,"Overseas","SinglePass",10,11,1,0,0,0,0,0,0,0,3,NA,4,1,0,"N","N",71
"DOLPHD-2181","M",14,"Local","SinglePass",10,11,0,1,0,0,0,1,0,0,1,NA,0,4,0,"N","N",96
"DOLPHD-2183","M",14,"Local","MultiPass",10,11,1,1,1,0,0,0,1,0,1,NA,4,3,0,"N","N",121
"DOLPHD-2184","M",17,"Local","SinglePass",10,11,0,1,0,0,0,0,0,0,1,NA,0,4,0,"N","N",71
"DOLPHD-2186","M",13,"Local","SinglePass",10,11,0,1,1,0,1,1,0,0,1,NA,2,4,0,"N","N",121
"DOLPHD-2187","M",13,"Overseas","MultiPass",10,11,0,0,1,0,1,1,0,0,3,NA,0,999,0,"N","Y",121
"DOLPHD-2193","M",16,"Local","MultiPass",10,11,0,0,0,0,0,1,1,0,1,NA,4,3,0,"Y","Y",121
"DOLPHD-2194","M",16,"Overseas","MultiPass",10,11,0,0,0,1,0,0,1,0,1,NA,4,4,0,"N","Y",121
"DOLPHD-2198","M",18,"Local","MultiPass",10,11,1,0,0,0,0,0,1,0,2,NA,3,2,0,"N","Y",121
"DOLPHD-2202","M",15,"Overseas","SinglePass",10,11,0,0,0,0,1,1,1,0,1,NA,4,3,0,"N","Y",121
"DOLPHD-2204","M",17,"Local","MultiPass",10,11,1,0,0,1,1,0,1,0,1,NA,2,4,0,"N","N",121
"DOLPHD-2205","M",13,"Local","MultiPass",10,11,0,1,1,0,0,0,0,0,3,NA,0,2,0,"N","Y",121
"DOLPHD-2206","M",19,"Overseas","SinglePass",10,11,1,0,1,0,0,1,0,0,3,NA,3,1,0,"N","Y",121
"DOLPHD-2209","M",13,"Overseas","MultiPass",10,11,1,0,1,1,0,1,0,0,3,NA,3,2,0,"Y","Y",121
"DOLPHD-2214","M",14,"Overseas","SinglePass",10,11,1,0,0,0,0,0,0,0,3,NA,3,1,0,"N","N",71
"DOLPHD-2216","M",16,"Local","MultiPass",10,11,1,0,0,1,0,1,1,0,1,NA,2,3,0,"N","Y",121
"DOLPHD-2219","M",14,"Local","SinglePass",10,11,1,0,0,0,0,0,0,0,2,NA,0,2,0,"N","N",46
"DOLPHD-2221","M",13,"Overseas","SinglePass",10,11,0,1,1,0,1,0,0,0,3,NA,3,2,0,"N","N",121
"DOLPHD-2224","M",16,"Local","SinglePass",10,11,0,0,1,0,0,1,0,0,2,NA,2,1,0,"N","N",71
"DOLPHD-2225","M",19,"Local","SinglePass",10,11,1,0,0,0,0,1,0,0,1,NA,0,4,0,"N","N",96
"DOLPHD-2226","M",16,"Overseas","MultiPass",10,11,1,1,1,1,0,0,0,0,1,NA,3,4,0,"Y","Y",121
"DOLPHD-2229","M",16,"Local","MultiPass",10,11,1,0,0,0,0,1,0,0,3,NA,4,2,0,"Y","Y",121
"DOLPHD-2230","M",14,"Overseas","SinglePass",10,11,0,0,1,0,0,0,0,0,3,NA,0,1,0,"N","Y",71
"DOLPHD-2232","M",19,"Local","SinglePass",10,11,1,1,0,0,0,1,0,0,3,NA,0,1,0,"N","N",96
"DOLPHD-2233","M",15,"Overseas","SinglePass",10,11,0,0,1,0,0,1,0,0,1,NA,0,3,0,"N","N",96
"DOLPHD-2238","M",15,"Overseas","MultiPass",10,11,1,0,0,1,0,0,0,0,1,NA,4,3,0,"N","N",121
"DOLPHD-2240","M",18,"Local","MultiPass",10,11,1,0,0,1,0,0,0,0,1,NA,0,3,0,"N","N",121
"DOLPHD-2241","M",17,"Local","SinglePass",10,11,0,0,0,0,0,0,0,0,1,NA,0,3,0,"N","N",21
"DOLPHD-2248","M",14,"Local","MultiPass",10,11,1,0,1,1,0,1,1,0,1,NA,3,4,0,"Y","Y",121
"DOLPHD-2251","M",16,"Local","MultiPass",10,11,0,0,0,0,0,0,1,0,1,NA,0,4,0,"Y","Y",121
"DOLPHD-2253","M",17,"Local","MultiPass",10,11,0,0,0,1,1,0,1,0,3,NA,3,2,0,"N","Y",121
"DOLPHD-2257","M",16,"Overseas","SinglePass",10,11,1,0,0,0,1,1,1,0,1,NA,4,4,0,"N","N",121
"DOLPHD-2259","M",18,"Overseas","MultiPass",10,11,0,0,1,1,0,0,0,0,3,NA,4,2,0,"N","N",121
"DOLPHD-2260","M",17,"Local","MultiPass",10,11,0,0,1,1,0,0,0,0,3,NA,2,2,0,"N","N",121
"DOLPHD-2263","M",16,"Local","SinglePass",10,11,1,0,0,0,1,1,0,0,2,NA,3,2,0,"N","N",96
"DOLPHD-2264","M",19,"Local","MultiPass",10,11,0,0,0,0,0,0,0,0,1,NA,0,999,0,"Y","Y",121
"DOLPHD-2266","M",13,"Overseas","SinglePass",10,11,1,0,0,0,0,0,0,0,1,NA,4,3,0,"N","N",46
"DOLPHD-2267","M",18,"Local","SinglePass",10,11,0,1,0,0,0,1,0,0,2,NA,3,1,0,"N","N",71
"DOLPHD-2270","M",17,"Local","SinglePass",10,11,1,1,0,0,0,1,0,0,1,NA,4,4,0,"N","N",96
"DOLPHD-2271","M",17,"Overseas","MultiPass",10,11,1,0,0,1,0,0,0,0,1,NA,3,4,0,"N","N",121
"DOLPHD-2273","M",18,"Local","MultiPass",10,11,1,0,0,0,0,1,1,0,3,NA,3,2,0,"N","Y",121
"DOLPHD-2276","M",14,"Local","SinglePass",10,11,0,0,1,0,1,0,0,0,2,NA,3,2,0,"N","N",71
"DOLPHD-2280","M",13,"Local","MultiPass",10,11,1,1,0,0,0,0,0,0,3,NA,4,1,0,"N","N",121
"DOLPHD-2281","M",17,"Overseas","SinglePass",10,11,0,0,0,0,0,1,1,0,2,NA,4,2,0,"N","Y",71
"DOLPHD-2282","M",19,"Local","MultiPass",10,11,1,1,1,0,0,0,0,0,1,NA,4,3,0,"N","N",121
"DOLPHD-2283","M",18,"Overseas","SinglePass",10,11,1,1,1,0,0,1,0,0,3,NA,2,1,0,"N","Y",146
"DOLPHD-2284","M",13,"Local","MultiPass",10,11,1,0,1,0,0,1,0,0,3,NA,2,2,0,"N","Y",121
"DOLPHD-2285","M",16,"Local","SinglePass",10,11,1,0,1,0,0,1,1,0,1,NA,4,4,0,"Y","Y",146
"DOLPHD-2289","M",15,"Local","SinglePass",10,11,1,0,1,0,1,1,0,0,1,NA,4,999,0,"N","N",146
"DOLPHD-2292","M",16,"Local","SinglePass",10,11,1,0,0,0,1,0,1,0,1,NA,0,3,0,"Y","N",96
"DOLPHD-2295","M",18,"Overseas","MultiPass",10,11,1,0,1,1,0,0,0,0,1,NA,4,4,0,"N","N",121
"DOLPHD-2296","M",15,"Local","SinglePass",10,11,1,0,1,0,1,0,1,0,1,NA,2,3,0,"N","Y",146
"DOLPHD-2298","M",13,"Overseas","SinglePass",10,11,0,1,0,0,0,1,0,0,3,NA,3,1,0,"N","N",71
"DOLPHD-2300","M",17,"Local","SinglePass",10,11,1,1,1,0,0,1,0,0,2,NA,4,2,0,"N","Y",146
"DOLPHD-2302","M",18,"Overseas","MultiPass",10,11,1,1,0,0,0,1,0,0,2,NA,0,2,0,"N","N",121
"DOLPHD-2306","M",17,"Local","MultiPass",10,11,0,0,0,1,0,1,1,0,1,NA,3,3,0,"Y","Y",121
"DOLPHD-2307","M",16,"Overseas","SinglePass",10,11,0,0,0,0,0,1,0,0,3,NA,0,2,0,"N","N",71
"DOLPHD-2309","M",19,"Local","SinglePass",10,11,1,0,1,0,0,0,1,0,2,NA,2,2,0,"N","Y",121
"DOLPHD-2310","M",14,"Overseas","SinglePass",10,11,1,0,0,0,0,0,1,0,1,NA,2,4,0,"N","N",96
"DOLPHD-2311","M",17,"Local","SinglePass",10,11,1,0,0,0,0,0,1,0,2,NA,3,2,0,"N","Y",96
"DOLPHD-2312","M",13,"Local","MultiPass",10,11,1,0,1,1,0,0,0,0,3,NA,3,1,0,"N","N",121
"DOLPHD-2317","M",18,"Overseas","MultiPass",10,11,0,0,0,1,0,1,1,0,3,NA,3,2,0,"N","N",121
"DOLPHD-2319","M",19,"Overseas","SinglePass",10,11,0,0,0,0,0,1,0,0,1,NA,0,3,0,"N","Y",71
"DOLPHD-2323","M",14,"Local","MultiPass",10,11,0,1,0,0,1,0,1,0,1,NA,2,3,0,"N","Y",121
"DOLPHD-2326","M",18,"Overseas","MultiPass",10,11,1,0,0,0,1,1,1,0,3,NA,3,999,0,"N","N",121
"DOLPHD-2331","M",14,"Overseas","SinglePass",10,11,1,0,1,0,0,0,0,0,3,NA,4,1,0,"N","N",96
"DOLPHD-2333","M",17,"Local","SinglePass",10,11,0,0,0,0,0,0,1,0,3,NA,0,2,0,"N","N",46
"DOLPHD-2334","M",13,"Overseas","MultiPass",10,11,0,1,1,1,0,0,0,0,1,NA,2,3,0,"Y","Y",121
"DOLPHD-2336","M",15,"Local","SinglePass",10,11,1,0,1,0,0,0,0,0,1,NA,4,3,0,"N","N",71
"DOLPHD-2337","M",17,"Local","MultiPass",10,11,0,0,0,1,0,1,0,0,3,NA,2,2,0,"N","Y",121
"DOLPHD-2340","M",18,"Local","SinglePass",10,11,0,1,0,0,0,0,1,0,2,NA,3,2,0,"N","N",96
"DOLPHD-2341","M",16,"Overseas","SinglePass",10,11,1,0,0,0,0,0,1,0,1,NA,3,3,0,"N","Y",96
"DOLPHD-2351","M",17,"Local","SinglePass",10,11,0,0,1,0,0,1,1,0,1,NA,3,3,0,"N","Y",121
"DOLPHD-2352","M",16,"Local","SinglePass",10,11,1,0,0,0,0,0,0,0,2,NA,0,1,0,"N","Y",46
"DOLPHD-2354","M",14,"Local","SinglePass",10,11,1,0,1,0,1,1,0,0,1,NA,4,3,0,"Y","Y",146
"DOLPHD-2355","M",14,"Overseas","SinglePass",10,11,1,0,1,0,0,1,0,0,3,NA,2,1,0,"N","N",96
"DOLPHD-2367","M",17,"Overseas","MultiPass",10,11,0,0,0,1,0,0,1,0,3,NA,2,2,0,"N","N",121
"DOLPHD-2369","M",14,"Local","SinglePass",10,11,0,0,0,0,0,1,0,0,3,NA,4,2,0,"N","Y",46
"DOLPHD-2370","M",16,"Overseas","MultiPass",10,11,0,0,0,0,0,1,1,0,2,NA,3,2,0,"N","N",121
"DOLPHD-2371","M",17,"Local","SinglePass",10,11,1,0,1,0,0,1,0,0,1,NA,3,4,0,"Y","Y",96
"DOLPHD-2374","M",19,"Overseas","SinglePass",10,11,1,1,1,0,0,0,0,0,1,NA,4,4,0,"N","N",96
"DOLPHD-2375","M",13,"Local","SinglePass",10,11,1,1,1,0,0,0,0,0,3,NA,4,1,0,"N","N",96
"DOLPHD-2377","M",16,"Overseas","SinglePass",10,11,1,0,1,0,0,1,0,0,2,NA,2,1,0,"N","N",96
"DOLPHD-2378","M",14,"Local","MultiPass",10,11,1,0,1,0,0,1,1,0,2,NA,4,1,0,"N","N",121
"DOLPHD-2386","M",19,"Overseas","SinglePass",10,11,0,0,0,0,0,0,1,0,1,NA,3,3,0,"N","N",71
"DOLPHD-2387","M",19,"Local","SinglePass",10,11,0,1,1,0,0,1,0,0,1,NA,3,4,0,"N","N",96
"DOLPHD-2388","M",14,"Local","SinglePass",10,11,1,0,1,0,1,1,1,0,2,NA,4,1,0,"N","Y",171
"DOLPHD-2391","M",19,"Overseas","SinglePass",10,11,1,0,0,0,0,0,1,0,2,NA,2,1,0,"N","N",71
"DOLPHD-2392","M",17,"Local","MultiPass",10,11,1,1,1,1,0,1,0,0,1,NA,3,3,0,"N","N",121
"DOLPHD-2394","M",16,"Overseas","MultiPass",10,11,0,0,0,0,1,1,1,0,1,NA,2,3,0,"N","N",121
"DOLPHD-2395","M",18,"Local","SinglePass",10,11,0,0,0,0,0,1,0,0,2,NA,0,2,0,"N","N",71
"DOLPHD-2396","M",19,"Local","SinglePass",10,11,1,0,0,0,0,1,0,0,1,NA,3,4,0,"N","N",71
"DOLPHD-2398","M",16,"Overseas","SinglePass",10,11,0,0,0,0,1,0,1,0,1,NA,0,3,0,"N","Y",96
"DOLPHD-2400","M",18,"Local","MultiPass",10,11,0,1,1,0,0,0,0,0,2,NA,3,2,0,"N","N",121
"DOLPHD-2404","M",17,"Local","SinglePass",10,11,0,0,0,0,0,0,0,0,1,NA,2,4,0,"N","N",21
"DOLPHD-2407","M",16,"Local","SinglePass",10,11,0,1,0,0,0,1,1,0,2,NA,3,1,0,"Y","Y",96
"DOLPHD-2409","M",16,"Local","SinglePass",10,11,1,0,0,0,1,1,1,0,1,NA,2,4,0,"N","N",121
"DOLPHD-2410","M",13,"Overseas","SinglePass",10,11,0,0,1,0,0,0,0,0,2,NA,3,1,0,"N","Y",46
"DOLPHD-2411","M",16,"Local","MultiPass",10,11,0,0,1,1,0,0,0,0,3,NA,0,2,0,"N","N",121
"DOLPHD-2412","M",19,"Local","MultiPass",10,11,1,0,0,0,0,1,0,0,2,NA,2,1,0,"N","N",121
"DOLPHD-2413","M",19,"Overseas","SinglePass",10,11,1,0,0,0,0,1,0,0,1,NA,3,4,0,"N","Y",71
"DOLPHD-2415","M",15,"Overseas","SinglePass",10,11,1,0,0,0,0,1,1,0,2,NA,3,2,0,"N","N",96
"DOLPHD-2417","M",16,"Local","SinglePass",10,11,1,0,1,0,0,1,1,0,3,NA,4,1,0,"N","N",146
"DOLPHD-2418","M",14,"Overseas","SinglePass",10,11,0,1,0,0,0,1,0,0,1,NA,3,3,0,"N","N",96
"DOLPHD-2426","M",16,"Local","SinglePass",10,11,1,1,0,0,0,0,1,0,1,NA,2,3,0,"N","N",121
"DOLPHD-2427","M",13,"Overseas","MultiPass",10,11,0,0,0,0,0,1,0,0,2,NA,0,1,0,"N","N",121
"DOLPHD-2428","M",18,"Local","SinglePass",10,11,1,0,1,0,0,0,1,0,2,NA,4,1,0,"N","N",96
"DOLPHD-2429","M",17,"Local","SinglePass",10,11,0,1,1,0,0,1,0,0,3,NA,3,1,0,"N","Y",121
"DOLPHD-2433","M",16,"Local","MultiPass",10,11,0,0,0,1,0,0,1,0,2,NA,2,1,0,"N","N",121
"DOLPHD-2439","M",14,"Overseas","SinglePass",10,11,0,1,1,0,0,1,0,0,2,NA,2,1,0,"N","Y",96
"DOLPHD-2440","M",18,"Local","SinglePass",10,11,0,1,1,0,0,1,1,0,2,NA,4,1,0,"N","N",121
"DOLPHD-2446","M",19,"Overseas","SinglePass",10,11,1,0,1,0,0,0,0,0,2,NA,0,1,0,"N","N",96
"DOLPHD-2447","M",16,"Local","MultiPass",10,11,1,1,0,0,0,0,1,0,1,NA,2,4,0,"N","N",121
"DOLPHD-2448","M",15,"Local","SinglePass",10,11,1,0,0,0,1,0,1,0,1,NA,3,3,0,"N","N",96
"DOLPHD-2453","M",17,"Local","MultiPass",10,11,0,0,0,0,0,1,0,0,2,NA,0,1,0,"N","N",121
"DOLPHD-2458","M",19,"Overseas","MultiPass",10,11,0,0,0,0,0,1,0,0,1,NA,4,3,0,"N","N",121
"DOLPHD-2459","M",16,"Local","SinglePass",10,11,1,0,0,0,1,1,1,0,3,NA,3,2,0,"N","N",121
"DOLPHD-2460","M",13,"Local","SinglePass",10,11,1,0,0,0,0,1,0,0,2,NA,0,1,0,"N","N",96
"DOLPHD-2461","M",16,"Overseas","SinglePass",10,11,0,1,1,0,1,1,1,0,2,NA,4,2,0,"N","N",146
"DOLPHD-2466","M",18,"Local","SinglePass",10,11,1,1,0,0,0,1,1,0,2,NA,4,1,0,"N","N",121
"DOLPHD-2467","M",17,"Local","MultiPass",10,11,1,1,0,0,1,0,0,0,3,NA,0,1,0,"N","Y",121
"DOLPHD-2468","M",18,"Overseas","SinglePass",10,11,1,0,1,0,0,0,1,0,3,NA,4,2,0,"Y","Y",96
"DOLPHD-2471","M",16,"Overseas","SinglePass",10,11,1,0,1,0,1,0,0,0,3,NA,3,1,0,"N","N",96
"DOLPHD-2476","M",16,"Local","MultiPass",10,11,0,0,0,0,0,0,1,0,3,NA,3,1,0,"N","N",121
"DOLPHD-2478","M",15,"Overseas","MultiPass",10,11,0,0,0,0,1,1,0,0,2,NA,0,1,0,"N","N",121
"DOLPHD-2479","M",14,"Overseas","SinglePass",10,11,1,0,0,0,0,0,0,0,1,NA,0,3,0,"N","N",71
"DOLPHD-2481","M",17,"Local","SinglePass",10,11,1,0,1,0,0,1,0,0,2,NA,2,2,0,"N","N",121
"DOLPHD-2483","M",15,"Local","SinglePass",10,11,1,1,0,0,1,1,0,0,1,NA,4,3,0,"N","N",146
"DOLPHD-2485","M",16,"Overseas","SinglePass",10,11,1,0,0,0,0,1,0,0,1,NA,3,4,0,"Y","Y",96
"DOLPHD-2488","M",16,"Local","SinglePass",10,11,1,0,0,0,0,1,1,0,2,NA,3,999,0,"N","N",121
"DOLPHD-2492","M",17,"Overseas","SinglePass",10,11,0,0,1,0,0,0,1,0,2,NA,0,1,0,"N","N",71
"DOLPHD-2495","M",19,"Local","SinglePass",10,11,0,1,0,0,1,0,0,0,1,NA,0,3,0,"N","N",71
"DOLPHD-2496","M",18,"Overseas","SinglePass",10,11,0,0,0,0,0,0,0,0,1,NA,2,4,0,"N","N",21
"DOLPHD-2497","M",14,"Local","MultiPass",10,11,1,0,1,1,0,1,0,0,1,NA,2,4,0,"N","Y",121
"DOLPHD-2498","M",19,"Local","MultiPass",10,11,0,0,0,1,0,0,0,0,1,NA,4,3,0,"Y","Y",121
"DOLPHD-2499","M",17,"Overseas","SinglePass",10,11,1,0,1,0,0,1,0,0,1,NA,4,3,0,"Y","Y",96
"DOLPHD-2501","M",16,"Local","SinglePass",10,11,0,1,1,0,0,1,1,0,1,NA,2,4,0,"N","Y",146
"DOLPHD-2503","M",19,"Overseas","SinglePass",10,11,1,1,0,0,0,0,0,0,2,NA,4,2,0,"N","Y",96
"DOLPHD-2504","M",13,"Local","SinglePass",10,11,0,0,0,0,0,0,0,0,2,NA,0,2,0,"N","Y",46
"DOLPHD-2505","M",14,"Local","SinglePass",10,11,1,0,1,0,0,1,0,0,2,NA,3,2,0,"N","N",96
"DOLPHD-2507","M",17,"Overseas","SinglePass",10,11,0,0,1,0,0,1,0,0,2,NA,4,2,0,"N","N",71
"DOLPHD-2508","M",19,"Local","MultiPass",10,11,0,0,0,1,0,0,0,0,1,NA,0,4,0,"N","N",121
"DOLPHD-2511","M",13,"Local","MultiPass",10,11,1,0,1,1,1,0,0,0,1,NA,4,4,0,"N","N",121
"DOLPHD-2516","M",15,"Local","SinglePass",10,11,1,0,0,0,0,1,0,0,1,NA,0,3,0,"N","N",71
"DOLPHD-2519","M",19,"Local","MultiPass",10,11,1,0,0,1,0,0,0,0,3,NA,0,1,0,"N","N",121
"DOLPHD-2520","M",17,"Overseas","MultiPass",10,11,0,0,1,1,0,1,0,0,2,NA,0,1,0,"N","N",121
"DOLPHD-2522","M",17,"Local","MultiPass",10,11,0,0,0,1,0,1,0,0,1,NA,0,4,0,"N","N",121
"DOLPHD-2524","M",17,"Overseas","MultiPass",10,11,1,0,0,1,1,0,1,0,3,NA,2,2,0,"N","Y",121
"DOLPHD-2526","M",15,"Local","SinglePass",10,11,1,0,1,0,1,0,0,0,2,NA,2,2,0,"Y","Y",121
"DOLPHD-2529","M",14,"Local","SinglePass",10,11,0,1,0,0,0,1,0,0,1,NA,0,3,0,"N","N",96
"DOLPHD-2530","M",15,"Local","MultiPass",10,11,0,0,1,0,0,1,1,0,3,NA,0,1,0,"N","N",121
"DOLPHD-2534","M",18,"Overseas","SinglePass",10,11,0,0,1,0,0,0,0,0,3,NA,0,2,0,"N","N",46
"DOLPHD-2538","M",18,"Overseas","SinglePass",10,11,0,0,1,0,0,1,0,0,3,NA,2,1,0,"Y","Y",96
"DOLPHD-2541","M",16,"Overseas","MultiPass",10,11,1,0,1,0,1,1,0,0,2,NA,3,1,0,"N","N",121
"DOLPHD-2546","M",13,"Local","MultiPass",10,11,1,0,0,0,0,1,0,0,2,NA,3,1,0,"N","N",121
"DOLPHD-2547","M",15,"Local","SinglePass",10,11,0,0,0,0,1,0,0,0,1,NA,0,3,0,"N","N",71
"DOLPHD-2548","M",18,"Overseas","SinglePass",10,11,1,1,0,0,0,1,1,0,1,NA,3,3,0,"N","N",121
"DOLPHD-2549","M",17,"Overseas","SinglePass",10,11,1,0,1,0,1,1,1,0,2,NA,4,2,0,"N","N",171
"DOLPHD-2551","M",13,"Local","SinglePass",10,11,1,0,0,0,0,1,0,0,3,NA,4,1,0,"N","N",71
"DOLPHD-2556","M",16,"Overseas","SinglePass",10,11,1,0,0,0,0,0,0,0,1,NA,0,4,0,"N","Y",71
"DOLPHD-2557","M",17,"Local","MultiPass",10,11,1,1,0,1,1,1,0,0,1,NA,4,3,0,"N","N",121
"DOLPHD-2561","M",16,"Local","SinglePass",10,11,0,1,0,0,0,0,1,0,1,NA,0,3,0,"N","Y",96
"DOLPHD-2565","M",15,"Local","SinglePass",10,11,0,1,1,0,1,0,0,0,3,NA,2,1,0,"N","N",121
"DOLPHD-2567","M",14,"Local","SinglePass",10,11,1,1,1,0,0,1,1,0,1,NA,2,4,0,"N","N",146
"DOLPHD-2568","M",15,"Local","MultiPass",10,11,1,0,0,1,1,0,0,0,1,NA,2,4,0,"N","Y",121
"DOLPHD-2570","M",18,"Overseas","SinglePass",10,11,1,1,0,0,0,0,0,0,1,NA,0,3,0,"N","N",71
"DOLPHD-2571","M",15,"Local","SinglePass",10,11,1,0,0,0,1,0,1,0,1,NA,0,4,0,"N","N",96
"DOLPHD-2573","M",18,"Overseas","SinglePass",10,11,1,0,1,0,1,0,1,0,3,NA,4,1,0,"N","N",146
"DOLPHD-2575","M",19,"Local","MultiPass",10,11,1,0,1,0,0,1,0,0,2,NA,0,2,0,"Y","Y",121
"DOLPHD-2577","M",13,"Overseas","MultiPass",10,11,1,0,1,1,0,0,0,0,1,NA,4,3,0,"N","N",121
"DOLPHD-2578","M",15,"Local","SinglePass",10,11,1,0,1,0,0,0,0,0,1,NA,2,3,0,"N","N",96
"DOLPHD-2580","M",19,"Overseas","SinglePass",10,11,0,0,0,0,0,1,1,0,3,NA,0,1,0,"N","N",71
"DOLPHD-2582","M",15,"Local","SinglePass",10,11,0,0,0,0,0,0,0,0,3,NA,4,2,0,"N","N",46
"DOLPHD-2583","M",18,"Overseas","SinglePass",10,11,1,0,1,0,0,1,0,0,2,NA,3,1,0,"Y","Y",121
"DOLPHD-2588","M",16,"Local","MultiPass",10,11,1,0,0,0,0,1,0,0,1,NA,0,4,0,"N","N",121
"DOLPHD-2591","M",17,"Overseas","SinglePass",10,11,0,1,0,0,0,1,0,0,2,NA,0,1,0,"N","N",96
"DOLPHD-2593","M",19,"Local","SinglePass",10,11,1,1,1,0,0,0,0,0,3,NA,0,1,0,"N","N",96
"DOLPHD-2595","M",13,"Local","SinglePass",10,11,0,0,1,0,0,0,1,0,1,NA,0,3,0,"N","N",96
"DOLPHD-2600","M",18,"Local","SinglePass",10,11,1,0,0,0,0,1,0,0,3,NA,0,2,0,"N","N",96
"DOLPHD-2603","M",15,"Local","SinglePass",10,11,0,1,1,0,0,0,0,0,3,NA,0,2,0,"N","N",96
"DOLPHD-2604","M",19,"Overseas","SinglePass",10,11,1,0,0,0,0,1,1,0,3,NA,3,1,0,"N","N",121
"DOLPHD-2606","M",19,"Local","SinglePass",10,11,0,0,0,0,0,1,0,0,3,NA,0,1,0,"Y","Y",71
"DOLPHD-2607","M",13,"Local","MultiPass",10,11,1,0,1,1,0,1,0,0,2,NA,4,1,0,"Y","Y",121
"DOLPHD-2610","M",19,"Local","MultiPass",10,11,0,0,1,1,0,1,0,0,3,NA,0,2,0,"N","Y",121
"DOLPHD-2612","M",14,"Overseas","MultiPass",10,11,1,0,1,0,0,0,0,0,3,NA,0,1,0,"N","N",121
"DOLPHD-2613","M",14,"Local","SinglePass",10,11,1,0,0,0,1,1,0,0,3,NA,3,1,0,"N","N",121
"DOLPHD-2616","M",15,"Local","MultiPass",10,11,1,0,0,0,0,1,0,0,2,NA,2,2,0,"N","N",121
"DOLPHD-2619","M",13,"Overseas","MultiPass",10,11,0,0,0,1,1,1,1,0,1,NA,3,4,0,"N","N",121
"DOLPHD-2620","M",18,"Local","SinglePass",10,11,0,0,0,0,0,0,0,0,3,NA,0,1,0,"N","N",46
"DOLPHD-2621","M",16,"Local","MultiPass",10,11,1,1,0,1,1,1,1,0,2,NA,2,1,0,"N","N",121
"DOLPHD-2623","M",17,"Local","SinglePass",10,11,0,0,0,0,0,0,0,0,3,NA,4,2,0,"N","Y",46
"DOLPHD-2624","M",15,"Local","SinglePass",10,11,0,0,0,0,0,0,0,0,1,NA,3,4,0,"N","N",46
"DOLPHD-2626","M",19,"Overseas","SinglePass",10,11,1,0,0,0,0,0,0,0,2,NA,0,2,0,"N","N",71
"DOLPHD-2629","M",17,"Overseas","SinglePass",10,11,1,0,1,0,1,0,0,0,3,NA,0,1,0,"N","N",96
"DOLPHD-2635","M",17,"Local","SinglePass",10,11,1,0,1,0,1,0,1,0,1,NA,2,4,0,"N","N",121
"DOLPHD-2637","M",17,"Local","SinglePass",10,11,0,0,0,0,1,0,0,0,3,NA,0,2,0,"N","Y",71
"DOLPHD-2639","M",18,"Overseas","MultiPass",10,11,1,0,1,1,1,1,1,0,3,NA,4,1,0,"N","N",121
"DOLPHD-2642","M",14,"Local","SinglePass",10,11,1,0,0,0,1,0,1,0,3,NA,3,1,0,"Y","Y",96
"DOLPHD-2643","M",14,"Overseas","MultiPass",10,11,1,0,0,0,0,1,0,0,3,NA,2,2,0,"N","N",121
"DOLPHD-2645","M",18,"Local","SinglePass",10,11,0,0,0,0,1,0,1,0,2,NA,2,2,0,"N","N",96
"DOLPHD-2648","M",17,"Local","SinglePass",10,11,0,0,1,0,0,1,1,0,2,NA,3,1,0,"Y","Y",121
"DOLPHD-2653","M",17,"Overseas","SinglePass",10,11,1,1,0,0,0,0,1,0,1,NA,4,3,0,"N","N",121
"DOLPHD-2655","M",19,"Local","SinglePass",10,11,0,0,0,0,0,0,0,0,1,NA,3,3,0,"N","N",46
"DOLPHD-2657","M",16,"Overseas","SinglePass",10,11,0,0,1,0,0,1,0,0,2,NA,3,2,0,"N","Y",96
"DOLPHD-2658","M",19,"Local","SinglePass",10,11,1,0,0,0,1,0,1,0,1,NA,2,4,0,"N","Y",96
"DOLPHD-2661","M",18,"Overseas","MultiPass",10,11,1,0,0,1,0,0,1,0,1,NA,0,4,0,"N","N",121
"DOLPHD-2662","M",19,"Local","SinglePass",10,11,0,0,1,0,0,0,0,0,1,NA,4,4,0,"N","Y",71
"DOLPHD-2666","M",15,"Local","SinglePass",10,11,1,1,1,0,1,1,0,0,1,NA,2,4,0,"N","N",146
"DOLPHD-2667","M",14,"Overseas","SinglePass",10,11,1,0,1,0,0,1,1,0,3,NA,3,1,0,"Y","Y",121
"DOLPHD-2669","M",15,"Local","SinglePass",10,11,1,0,1,0,0,1,0,0,3,NA,4,1,0,"N","N",121
"DOLPHD-2673","M",17,"Local","SinglePass",10,11,1,1,0,0,1,0,0,0,2,NA,2,2,0,"N","Y",121
"DOLPHD-2675","M",19,"Overseas","SinglePass",10,11,1,1,1,0,0,1,0,0,1,NA,4,4,0,"N","N",146
"DOLPHD-2676","M",18,"Local","MultiPass",10,11,1,0,1,1,0,1,1,0,1,NA,3,3,0,"N","N",121
"DOLPHD-2678","M",14,"Overseas","SinglePass",10,11,1,0,1,0,0,0,0,0,3,NA,2,1,0,"N","N",71
"DOLPHD-2679","M",13,"Local","SinglePass",10,11,1,0,0,0,0,1,1,0,1,NA,3,4,0,"N","N",96
"DOLPHD-2684","M",18,"Local","SinglePass",10,11,1,0,1,0,1,1,0,0,1,NA,2,3,0,"N","N",121
"DOLPHD-2685","M",13,"Overseas","MultiPass",10,11,0,0,0,1,1,1,0,0,2,NA,3,1,0,"N","Y",121
"DOLPHD-2686","M",19,"Local","SinglePass",10,11,1,1,0,0,0,0,0,0,1,NA,0,3,0,"N","N",71
"DOLPHD-2688","M",18,"Overseas","SinglePass",10,11,1,0,1,0,1,1,0,0,3,NA,3,1,0,"N","N",146
"DOLPHD-2690","M",19,"Local","SinglePass",10,11,1,1,1,0,0,0,0,0,1,NA,0,3,0,"N","N",96
"DOLPHD-2691","M",16,"Local","SinglePass",10,11,1,0,1,0,0,0,1,0,1,NA,2,4,0,"N","N",121
"DOLPHD-2692","M",13,"Overseas","SinglePass",10,11,1,1,0,0,0,0,0,0,1,NA,0,3,0,"Y","Y",71
"DOLPHD-2693","M",13,"Local","MultiPass",10,11,0,0,1,1,0,1,1,0,1,NA,4,4,0,"N","Y",121
"DOLPHD-2695","M",17,"Overseas","SinglePass",10,11,0,0,1,0,0,1,0,0,2,NA,3,1,0,"N","N",96
"DOLPHD-2697","M",17,"Local","SinglePass",10,11,0,0,0,0,1,0,0,0,1,NA,3,3,0,"N","N",71
"DOLPHD-2698","M",15,"Local","MultiPass",10,11,0,0,0,0,0,0,0,0,2,NA,0,2,0,"N","N",121
"DOLPHD-2700","M",13,"Local","SinglePass",10,11,1,1,1,0,1,1,0,0,1,NA,2,4,0,"N","N",146
"DOLPHD-2702","M",18,"Overseas","SinglePass",10,11,1,0,1,0,1,1,0,0,2,NA,4,1,0,"Y","Y",146
"DOLPHD-2703","M",19,"Overseas","SinglePass",10,11,0,0,1,0,0,0,0,0,3,NA,4,1,0,"N","N",71
"DOLPHD-2708","M",19,"Local","SinglePass",10,11,0,0,0,0,0,1,0,0,1,NA,0,3,0,"Y","Y",46
"DOLPHD-2709","M",15,"Overseas","MultiPass",10,11,1,1,1,1,1,1,0,0,1,NA,4,3,0,"N","N",121
"DOLPHD-2714","M",16,"Local","SinglePass",10,11,1,0,0,0,0,1,0,0,1,NA,0,3,0,"N","N",96
"DOLPHD-2719","M",16,"Local","SinglePass",10,11,0,0,0,0,0,1,0,0,3,NA,0,1,0,"N","N",71
"DOLPHD-2722","M",17,"Local","SinglePass",10,11,1,0,1,0,1,0,1,0,2,NA,3,1,0,"N","N",146
"DOLPHD-2723","M",18,"Overseas","SinglePass",10,11,0,0,0,0,0,1,0,0,1,NA,4,4,0,"N","Y",46
"DOLPHD-2724","M",17,"Overseas","SinglePass",10,11,0,0,0,0,1,1,0,0,3,NA,4,1,0,"N","N",71
"DOLPHD-2727","M",14,"Overseas","MultiPass",10,11,1,0,0,1,1,0,0,0,1,NA,3,4,0,"N","N",121
"DOLPHD-2729","M",13,"Local","MultiPass",10,11,1,1,0,1,0,1,0,0,1,NA,4,3,0,"N","N",121
"DOLPHD-2735","M",13,"Local","SinglePass",10,11,1,0,0,0,0,1,1,0,3,NA,2,1,0,"N","N",121
"DOLPHD-2736","M",16,"Local","SinglePass",10,11,0,1,0,0,0,0,1,0,3,NA,2,1,0,"Y","Y",71
"DOLPHD-2737","M",18,"Overseas","MultiPass",10,11,0,0,1,0,0,0,0,0,1,NA,4,3,0,"N","Y",121
"DOLPHD-2739","M",18,"Local","SinglePass",10,11,0,0,1,0,1,0,1,0,3,NA,4,1,0,"N","N",121
"DOLPHD-2742","M",14,"Local","MultiPass",10,11,1,1,1,1,0,1,0,0,3,NA,4,2,0,"N","N",121
"DOLPHD-2743","M",18,"Local","SinglePass",10,11,1,0,0,0,0,0,0,0,3,NA,0,2,0,"N","Y",46
"DOLPHD-2744","M",17,"Overseas","SinglePass",10,11,0,0,1,0,0,1,1,0,3,NA,0,2,0,"N","N",96
"DOLPHD-2746","M",13,"Local","SinglePass",10,11,1,0,1,0,0,1,0,0,1,NA,2,4,0,"N","Y",121
"DOLPHD-2750","M",15,"Local","SinglePass",10,11,0,0,0,0,1,0,0,0,3,NA,3,1,0,"N","N",46
"DOLPHD-2753","M",17,"Local","MultiPass",10,11,1,0,0,1,1,1,0,0,1,NA,4,3,0,"Y","Y",121
"DOLPHD-2757","M",14,"Local","SinglePass",10,11,0,0,0,0,1,1,0,0,2,NA,3,2,0,"N","N",96
"DOLPHD-2760","M",16,"Local","MultiPass",10,11,0,0,0,0,0,0,0,0,1,NA,0,3,0,"N","N",121
"DOLPHD-2761","M",13,"Local","SinglePass",10,11,1,1,1,0,0,1,1,0,3,NA,4,2,0,"N","N",171
"DOLPHD-2762","M",16,"Overseas","MultiPass",10,11,0,0,0,1,0,0,0,0,1,NA,0,3,0,"N","N",121
"DOLPHD-2767","M",13,"Local","SinglePass",10,11,1,1,1,0,0,0,0,0,1,NA,3,4,0,"N","N",121
"DOLPHD-2770","M",19,"Local","MultiPass",10,11,1,1,1,1,0,0,0,0,1,NA,2,3,0,"Y","Y",121
"DOLPHD-2771","M",13,"Local","MultiPass",10,11,1,0,1,1,1,0,1,0,3,NA,3,2,0,"N","Y",121
"DOLPHD-2773","M",13,"Overseas","MultiPass",10,11,1,0,1,1,0,0,1,0,2,NA,4,2,0,"N","Y",121
"DOLPHD-2774","M",17,"Local","SinglePass",10,11,1,0,0,0,0,1,1,0,2,NA,3,2,0,"N","N",121
"DOLPHD-2783","M",19,"Overseas","SinglePass",10,11,0,0,0,0,0,1,0,0,3,NA,4,2,0,"N","N",46
"DOLPHD-2784","M",19,"Local","MultiPass",10,11,0,1,0,0,0,0,1,0,1,NA,2,4,0,"N","N",121
"DOLPHD-2785","M",18,"Local","SinglePass",10,11,0,0,0,0,1,1,0,0,3,NA,4,2,0,"N","N",96
"DOLPHD-2788","M",13,"Local","SinglePass",10,11,0,0,1,0,0,0,0,0,1,NA,3,4,0,"N","N",71
"DOLPHD-2790","M",18,"Overseas","MultiPass",10,11,1,0,1,1,1,1,0,0,3,NA,4,2,0,"N","N",121
"DOLPHD-2797","M",19,"Overseas","SinglePass",10,11,0,0,0,0,0,1,0,0,3,NA,0,2,0,"N","N",71
"DOLPHD-2798","M",13,"Local","SinglePass",10,11,1,0,1,0,0,0,1,0,2,NA,4,2,0,"N","N",96
"DOLPHD-2801","M",18,"Overseas","MultiPass",10,11,1,0,1,1,1,0,1,0,1,NA,3,4,0,"N","N",121
"DOLPHD-2804","M",19,"Overseas","MultiPass",10,11,0,0,1,0,1,1,0,0,2,NA,0,2,0,"N","N",121
"DOLPHD-2805","M",18,"Local","SinglePass",10,11,0,0,1,0,0,1,0,0,2,NA,2,2,0,"N","N",71
"DOLPHD-2806","M",16,"Local","MultiPass",10,11,1,0,0,1,1,0,0,0,1,NA,4,3,0,"N","N",121
"DOLPHD-2807","M",17,"Overseas","SinglePass",10,11,0,0,1,0,0,0,1,0,3,NA,4,1,0,"N","N",71
"DOLPHD-2812","M",16,"Local","MultiPass",10,11,0,0,0,1,1,0,0,0,2,NA,0,2,0,"N","N",121
"DOLPHD-2816","M",19,"Local","SinglePass",10,11,1,0,1,0,0,0,1,0,3,NA,3,2,0,"N","N",96
"DOLPHD-2817","M",17,"Local","MultiPass",10,11,0,0,0,1,0,1,1,0,3,NA,2,2,0,"N","N",121
"DOLPHD-2818","M",15,"Overseas","SinglePass",10,11,1,0,0,0,0,1,0,0,2,NA,0,2,0,"N","N",71
"DOLPHD-2822","M",17,"Overseas","SinglePass",10,11,0,1,1,0,0,0,1,0,2,NA,2,1,0,"N","N",96
"DOLPHD-2825","M",17,"Overseas","SinglePass",10,11,1,0,1,0,1,1,0,0,2,NA,3,2,0,"N","Y",121
"DOLPHD-2826","M",16,"Local","MultiPass",10,11,0,0,0,1,1,1,0,0,1,NA,4,3,0,"N","N",121
"DOLPHD-2831","M",17,"Local","SinglePass",10,11,0,0,1,0,0,0,1,0,1,NA,2,4,0,"N","N",96
"DOLPHD-2832","M",14,"Overseas","SinglePass",10,11,0,0,0,0,1,1,0,0,2,NA,0,1,0,"N","N",71
"DOLPHD-2834","M",16,"Local","MultiPass",10,11,1,0,0,1,1,0,0,0,1,NA,3,3,0,"N","N",121
"DOLPHD-2835","M",15,"Overseas","MultiPass",10,11,1,1,0,0,0,0,1,0,2,NA,3,1,0,"N","N",121
"DOLPHD-2836","M",17,"Overseas","SinglePass",10,11,0,1,0,0,0,0,0,0,2,NA,3,2,0,"N","N",71
"DOLPHD-2837","M",18,"Local","MultiPass",10,11,1,0,1,1,1,1,1,0,3,NA,3,2,0,"N","N",121
"DOLPHD-2839","M",17,"Overseas","MultiPass",10,11,0,1,1,1,0,0,0,0,1,NA,0,3,0,"N","N",121
"DOLPHD-2845","M",14,"Local","MultiPass",10,11,0,1,0,1,0,1,0,0,1,NA,3,3,0,"N","Y",121
"DOLPHD-2847","M",17,"Local","SinglePass",10,11,1,1,1,0,0,1,0,0,2,NA,2,2,0,"N","N",146
"DOLPHD-2852","M",19,"Local","SinglePass",10,11,1,0,0,0,0,1,1,0,1,NA,3,4,0,"N","N",121
"DOLPHD-2853","M",18,"Overseas","SinglePass",10,11,1,0,1,0,1,0,0,0,1,NA,3,4,0,"N","Y",121
"DOLPHD-2855","M",19,"Local","SinglePass",10,11,1,0,1,0,0,1,0,0,1,NA,4,4,0,"N","N",96
"DOLPHD-2856","M",14,"Overseas","MultiPass",10,11,1,0,1,1,1,0,0,0,2,NA,4,2,0,"N","N",121
"DOLPHD-2857","M",13,"Overseas","MultiPass",10,11,0,1,1,1,0,0,0,0,1,NA,4,3,0,"N","N",121
"DOLPHD-2859","M",15,"Local","MultiPass",10,11,0,1,0,1,1,0,0,0,3,NA,2,2,0,"N","N",121
"DOLPHD-2861","M",19,"Local","MultiPass",10,11,1,0,0,1,0,1,0,0,1,NA,3,4,0,"N","N",121
"DOLPHD-2862","M",16,"Local","SinglePass",10,11,1,0,0,0,1,0,0,0,1,NA,3,4,0,"N","N",96
"DOLPHD-2863","M",13,"Overseas","SinglePass",10,11,1,0,0,0,0,1,0,0,1,NA,0,4,0,"Y","Y",71
"DOLPHD-2864","M",18,"Overseas","SinglePass",10,11,0,0,0,0,1,1,0,0,3,NA,4,2,0,"N","N",71
"DOLPHD-2866","M",15,"Local","SinglePass",10,11,0,1,0,0,1,0,0,0,3,NA,0,2,0,"N","N",96
"DOLPHD-2871","M",14,"Overseas","SinglePass",10,11,1,0,0,0,0,0,0,0,3,NA,2,2,0,"N","N",71
"DOLPHD-2873","M",17,"Local","SinglePass",10,11,1,0,1,0,0,0,0,0,3,NA,4,1,0,"N","N",96
"DOLPHD-2874","M",13,"Overseas","SinglePass",10,11,0,1,1,0,0,1,0,0,3,NA,0,1,0,"N","N",96
"DOLPHD-2878","M",13,"Overseas","MultiPass",10,11,1,1,0,0,1,0,0,0,3,NA,0,1,0,"Y","Y",121
"DOLPHD-2879","M",15,"Local","MultiPass",10,11,0,0,0,0,0,1,0,0,3,NA,0,1,0,"N","N",121
"DOLPHD-2880","M",18,"Local","SinglePass",10,11,1,0,0,0,0,0,0,0,1,NA,0,3,0,"N","Y",71
"DOLPHD-2882","M",19,"Local","SinglePass",10,11,0,0,0,0,0,1,0,0,3,NA,0,1,0,"N","Y",71
"DOLPHD-2884","M",14,"Overseas","SinglePass",10,11,1,1,1,0,0,1,0,0,1,NA,2,3,0,"N","N",121
"DOLPHD-2887","M",17,"Local","SinglePass",10,11,1,0,0,0,1,1,1,0,3,NA,2,1,0,"N","N",121
"DOLPHD-2888","M",19,"Overseas","SinglePass",10,11,0,1,1,0,1,1,0,0,1,NA,3,4,0,"N","N",146
"DOLPHD-2893","M",16,"Local","SinglePass",10,11,1,0,1,0,1,1,0,0,1,NA,2,4,0,"N","N",146
"DOLPHD-2894","M",17,"Local","MultiPass",10,11,1,0,0,1,0,0,1,0,1,NA,4,4,0,"N","N",121
"DOLPHD-2895","M",18,"Overseas","SinglePass",10,11,1,0,1,0,0,0,0,0,2,NA,4,1,0,"Y","Y",96
"DOLPHD-2896","M",15,"Local","SinglePass",10,11,0,0,0,0,0,1,1,0,3,NA,2,2,0,"Y","Y",96
"DOLPHD-2899","M",14,"Overseas","SinglePass",10,11,1,0,1,0,0,1,0,0,3,NA,2,2,0,"N","N",121
"DOLPHD-2900","M",17,"Local","MultiPass",10,11,0,1,0,1,0,1,0,0,3,NA,3,2,0,"Y","Y",121
"DOLPHD-2902","M",18,"Overseas","SinglePass",10,11,0,0,0,0,0,0,0,0,3,NA,0,2,0,"N","N",46
"DOLPHD-2904","M",17,"Local","SinglePass",10,11,0,1,0,0,0,0,0,0,2,NA,0,2,0,"N","N",46
"DOLPHD-2906","M",13,"Overseas","SinglePass",10,11,0,0,1,0,0,0,1,0,2,NA,0,1,0,"N","N",96
"DOLPHD-2910","M",19,"Local","SinglePass",10,11,0,0,0,0,1,0,1,0,2,NA,3,1,0,"Y","Y",96
"DOLPHD-2917","M",15,"Local","SinglePass",10,11,0,1,0,0,0,0,0,0,3,NA,3,2,0,"N","N",46
"DOLPHD-2920","M",19,"Overseas","SinglePass",10,11,1,1,0,0,0,1,1,0,3,NA,2,2,0,"N","Y",121
"DOLPHD-2922","M",19,"Local","MultiPass",10,11,0,0,0,0,0,1,0,0,1,NA,2,4,0,"N","N",121
"DOLPHD-2924","M",18,"Local","SinglePass",10,11,0,0,1,0,1,0,0,0,3,NA,2,2,0,"N","N",71
"DOLPHD-2925","M",17,"Local","MultiPass",10,11,1,0,1,1,0,0,0,0,1,NA,2,4,0,"Y","Y",121
"DOLPHD-2928","M",16,"Local","SinglePass",10,11,0,1,0,0,0,1,1,0,3,NA,3,2,0,"N","N",121
"DOLPHD-2929","M",14,"Local","SinglePass",10,11,0,1,1,0,0,0,0,0,3,NA,0,1,0,"N","Y",71
"DOLPHD-2931","M",19,"Local","SinglePass",10,11,1,0,1,0,0,0,0,0,1,NA,4,4,0,"N","N",96
"DOLPHD-2932","M",18,"Local","SinglePass",10,11,1,0,0,0,1,0,0,0,3,NA,0,1,0,"N","N",71
"DOLPHD-2933","M",16,"Overseas","MultiPass",10,11,1,1,0,0,1,0,1,0,1,NA,2,4,0,"N","N",121
"DOLPHD-2935","M",19,"Local","SinglePass",10,11,1,1,0,0,0,1,0,0,2,NA,2,2,0,"N","N",121
"DOLPHD-2936","M",17,"Local","MultiPass",10,11,0,0,1,0,1,0,1,0,2,NA,0,1,0,"N","N",121
"DOLPHD-2937","M",18,"Overseas","SinglePass",10,11,1,0,1,0,1,1,0,0,1,NA,2,3,0,"N","N",121
"DOLPHD-2938","M",16,"Local","MultiPass",10,11,1,0,0,1,1,1,1,0,3,NA,3,2,0,"N","N",121
"DOLPHD-2940","M",14,"Overseas","SinglePass",10,11,1,0,1,0,0,1,0,0,3,NA,4,2,0,"N","Y",121
"DOLPHD-2942","M",16,"Local","SinglePass",10,11,1,0,1,0,0,1,0,0,1,NA,2,4,0,"Y","Y",121
"DOLPHD-2944","M",18,"Overseas","MultiPass",10,11,1,0,0,1,0,0,0,0,2,NA,0,2,0,"N","N",121
"DOLPHD-2945","M",17,"Local","MultiPass",10,11,0,0,0,1,0,1,1,0,2,NA,0,2,0,"Y","Y",121
"DOLPHD-2947","M",14,"Overseas","MultiPass",10,11,0,0,1,0,0,0,0,0,3,NA,2,2,0,"N","Y",121
"DOLPHD-2949","M",18,"Local","MultiPass",10,11,1,1,1,1,0,1,1,0,3,NA,2,1,0,"N","N",121
"DOLPHD-2951","M",19,"Overseas","SinglePass",10,11,0,0,1,0,1,1,0,0,3,NA,4,2,0,"N","Y",121
"DOLPHD-2953","M",15,"Local","SinglePass",10,11,1,0,0,0,1,0,0,0,3,NA,0,1,0,"N","N",96
"DOLPHD-2954","M",15,"Overseas","SinglePass",10,11,1,1,0,0,1,1,1,0,1,NA,3,3,0,"Y","Y",146
"DOLPHD-2956","M",18,"Local","MultiPass",10,11,1,0,0,1,1,1,0,0,2,NA,3,2,0,"Y","N",121
"DOLPHD-2960","M",13,"Local","MultiPass",10,11,0,0,0,0,1,1,0,0,1,NA,4,3,0,"Y","N",121
"DOLPHD-2962","M",15,"Overseas","SinglePass",10,11,0,0,1,0,0,1,1,0,1,NA,4,3,0,"N","N",121
"DOLPHD-2964","M",18,"Local","MultiPass",10,11,0,0,0,1,0,1,0,0,1,NA,3,4,0,"N","Y",121
"DOLPHD-2965","M",16,"Overseas","MultiPass",10,11,1,0,0,1,0,1,0,0,2,NA,0,1,0,"N","N",121
"DOLPHD-2967","M",14,"Local","MultiPass",10,11,1,0,1,1,1,0,0,0,1,NA,4,4,0,"N","N",121
"DOLPHD-2968","M",19,"Overseas","SinglePass",10,11,1,0,1,0,0,0,0,0,2,NA,0,1,0,"N","N",96
"DOLPHD-2969","M",17,"Overseas","MultiPass",10,11,1,0,1,1,1,1,1,0,3,NA,4,1,0,"N","N",121
"DOLPHD-2973","M",16,"Local","SinglePass",10,11,1,0,0,0,0,0,0,0,1,NA,3,4,0,"N","Y",46
"DOLPHD-2974","M",17,"Local","SinglePass",10,11,1,1,0,0,0,1,0,0,3,NA,4,1,0,"N","N",121
"DOLPHD-2979","M",13,"Overseas","SinglePass",10,11,1,0,1,0,1,1,0,0,3,NA,4,2,0,"N","N",121
"DOLPHD-2985","M",13,"Local","SinglePass",10,11,0,0,1,0,0,0,0,0,1,NA,0,4,0,"N","N",46
"DOLPHD-2986","M",16,"Overseas","MultiPass",10,11,0,0,0,0,0,0,1,0,1,NA,3,4,0,"Y","Y",121
"DOLPHD-2987","M",13,"Local","MultiPass",10,11,1,0,1,0,0,1,1,0,1,NA,3,3,0,"N","N",121
"DOLPHD-2991","M",16,"Local","MultiPass",10,11,1,0,1,0,0,0,1,0,2,NA,3,2,0,"N","N",121
"DOLPHD-2994","M",13,"Local","SinglePass",10,11,0,0,0,0,0,1,0,0,3,NA,2,1,0,"N","Y",71
"DOLPHD-2995","M",16,"Local","MultiPass",10,11,1,0,1,0,0,1,0,0,1,NA,3,4,0,"N","N",121
"DOLPHD-2996","M",17,"Overseas","MultiPass",10,11,0,0,1,1,0,0,1,0,3,NA,0,1,0,"N","N",121
"DOLPHD-2998","M",14,"Local","MultiPass",10,11,1,0,1,0,1,0,0,0,2,NA,0,2,0,"N","N",121
"DOLPHD-3000","M",17,"Overseas","MultiPass",10,11,1,0,1,0,0,1,0,0,1,NA,0,4,0,"N","Y",121
"DOLPHD-3001","M",14,"Local","SinglePass",10,11,0,0,0,0,0,1,1,0,1,NA,0,3,0,"N","N",96
"DOLPHD-3004","M",18,"Overseas","SinglePass",10,11,1,0,0,0,0,1,1,0,2,NA,4,1,0,"N","N",121
"DOLPHD-3006","M",19,"Local","MultiPass",10,11,0,0,1,1,0,0,0,0,3,NA,3,2,0,"N","N",121
"DOLPHD-3009","M",19,"Local","MultiPass",10,11,0,0,0,1,1,1,1,0,3,NA,4,2,0,"Y","Y",121
"DOLPHD-3010","M",19,"Overseas","SinglePass",10,11,0,0,0,0,0,1,0,0,3,NA,0,2,0,"N","N",71
"DOLPHD-3012","M",16,"Local","SinglePass",10,11,0,0,1,0,0,1,0,0,1,NA,0,3,0,"N","N",96
"DOLPHD-3013","M",14,"Local","SinglePass",10,11,1,1,0,0,0,0,1,0,2,NA,0,1,0,"N","N",96
"DOLPHD-3014","M",19,"Overseas","SinglePass",10,11,1,0,0,0,1,1,0,0,2,NA,3,2,0,"N","N",96
"DOLPHD-3016","M",14,"Local","SinglePass",10,11,0,0,0,0,0,0,0,0,2,NA,2,2,0,"N","Y",21
"DOLPHD-3017","M",19,"Overseas","MultiPass",10,11,1,1,0,1,0,1,0,0,3,NA,2,1,0,"N","N",121
"DOLPHD-3019","M",14,"Local","SinglePass",10,11,1,1,0,0,1,0,1,0,1,NA,3,4,0,"N","N",146
"DOLPHD-3021","M",16,"Overseas","SinglePass",10,11,0,0,0,0,0,1,0,0,2,NA,4,2,0,"Y","Y",71
"DOLPHD-3024","M",15,"Overseas","SinglePass",10,11,0,1,1,0,1,0,0,0,1,NA,0,3,0,"N","N",96
"DOLPHD-3025","M",19,"Overseas","SinglePass",10,11,0,1,0,0,0,0,0,0,1,NA,3,3,0,"N","N",71
"DOLPHD-3026","M",16,"Local","SinglePass",10,11,0,1,0,0,0,1,0,0,1,NA,2,3,0,"N","N",71
"DOLPHD-3028","M",13,"Overseas","MultiPass",10,11,1,0,0,0,0,1,1,0,3,NA,0,2,0,"N","Y",121
"DOLPHD-3029","M",18,"Local","MultiPass",10,11,0,1,0,1,0,1,0,0,3,NA,0,1,0,"N","N",121
"DOLPHD-3030","M",13,"Local","SinglePass",10,11,0,0,1,0,1,0,0,0,3,NA,3,1,0,"N","N",96
"DOLPHD-3032","M",17,"Overseas","SinglePass",10,11,1,0,0,0,0,1,1,0,1,NA,2,4,0,"N","Y",121
"DOLPHD-3035","M",15,"Overseas","SinglePass",10,11,1,0,0,0,1,1,1,0,1,NA,3,4,0,"Y","Y",121
"DOLPHD-3039","M",17,"Overseas","MultiPass",10,11,0,0,0,0,0,1,0,0,3,NA,4,2,0,"N","N",121
"DOLPHD-3041","M",17,"Local","SinglePass",10,11,1,0,0,0,0,0,0,0,1,NA,2,4,0,"Y","Y",71
"DOLPHD-3043","M",18,"Local","SinglePass",10,11,1,1,0,0,0,0,1,0,2,NA,3,1,0,"N","N",96
"DOLPHD-3045","M",18,"Overseas","SinglePass",10,11,0,0,1,0,0,0,1,0,3,NA,0,2,0,"N","Y",96
"DOLPHD-3047","M",14,"Local","SinglePass",10,11,0,0,1,0,0,1,0,0,1,NA,4,3,0,"Y","Y",71
"DOLPHD-3048","M",15,"Local","SinglePass",10,11,1,0,0,0,0,0,1,0,1,NA,0,4,0,"N","N",96
"DOLPHD-3049","M",14,"Overseas","SinglePass",10,11,0,0,0,0,1,1,0,0,2,NA,0,2,0,"N","Y",96
"DOLPHD-3050","M",15,"Local","MultiPass",10,11,0,0,0,1,0,0,0,0,2,NA,0,1,0,"N","N",121
"DOLPHD-3055","M",18,"Local","MultiPass",10,11,0,0,1,0,0,1,0,0,1,NA,0,4,0,"N","N",121
"DOLPHD-3057","M",19,"Local","SinglePass",10,11,0,1,0,0,0,0,0,0,2,NA,3,2,0,"N","N",46
"DOLPHD-3062","M",17,"Local","MultiPass",10,11,0,0,0,0,0,1,0,0,1,NA,2,4,0,"N","N",121
"DOLPHD-3068","M",15,"Local","SinglePass",10,11,0,0,0,0,0,0,0,0,1,NA,0,3,0,"N","Y",46
"DOLPHD-3069","M",19,"Local","SinglePass",10,11,1,0,0,0,0,1,0,0,2,NA,0,2,0,"N","N",71
"DOLPHD-3070","M",16,"Overseas","SinglePass",10,11,0,0,0,0,0,1,0,0,2,NA,0,2,0,"N","Y",71
"DOLPHD-3072","M",19,"Local","MultiPass",10,11,1,0,0,1,0,0,0,0,3,NA,4,1,0,"N","N",121
"DOLPHD-3073","M",15,"Overseas","MultiPass",10,11,1,0,0,0,0,1,1,0,2,NA,2,2,0,"N","Y",121
"DOLPHD-3078","M",17,"Local","SinglePass",10,11,0,1,1,0,0,0,1,0,1,NA,0,4,0,"Y","Y",96
"DOLPHD-3080","M",15,"Overseas","SinglePass",10,11,0,0,0,0,0,1,0,0,3,NA,0,1,0,"N","Y",71
"DOLPHD-3081","M",17,"Overseas","SinglePass",10,11,1,0,0,0,1,1,0,0,1,NA,4,4,0,"N","N",121
"DOLPHD-3082","M",14,"Local","SinglePass",10,11,0,0,0,0,1,1,1,0,1,NA,2,3,0,"N","N",96
"DOLPHD-3083","M",14,"Local","MultiPass",10,11,1,0,0,1,0,0,1,0,1,NA,4,4,0,"N","Y",121
"DOLPHD-3086","M",13,"Local","MultiPass",10,11,0,0,1,1,0,0,0,0,1,NA,4,3,0,"N","N",121
"DOLPHD-3093","M",13,"Local","MultiPass",10,11,1,0,0,0,0,0,0,0,1,NA,0,3,0,"N","N",121
"DOLPHD-3097","M",16,"Local","SinglePass",10,11,1,0,1,0,1,0,0,0,3,NA,2,2,0,"N","Y",96
"DOLPHD-3098","M",13,"Overseas","SinglePass",10,11,1,0,1,0,0,0,1,0,3,NA,4,1,0,"N","N",121
"DOLPHD-3099","M",14,"Local","SinglePass",10,11,1,0,0,0,0,0,1,0,1,NA,0,3,0,"N","N",96
"DOLPHD-3100","M",19,"Local","MultiPass",10,11,1,0,1,0,0,1,0,0,2,NA,0,2,0,"N","N",121
"DOLPHD-3102","M",14,"Overseas","MultiPass",10,11,1,0,1,1,0,0,0,0,1,NA,4,3,0,"N","N",121
"DOLPHD-3106","M",15,"Local","SinglePass",10,11,0,1,0,0,0,0,1,0,2,NA,0,1,0,"N","N",96
"DOLPHD-3108","M",17,"Overseas","MultiPass",10,11,0,0,1,0,0,0,0,0,3,NA,0,1,0,"N","N",121
"DOLPHD-3110","M",15,"Local","SinglePass",10,11,1,0,0,0,0,1,0,0,2,NA,0,2,0,"N","N",71
"DOLPHD-3112","M",17,"Overseas","SinglePass",10,11,0,0,0,0,0,0,0,0,2,NA,0,2,0,"N","N",21
"DOLPHD-3115","M",17,"Overseas","MultiPass",10,11,0,1,1,1,0,1,0,0,2,NA,4,1,0,"N","N",121
"DOLPHD-3118","M",13,"Local","SinglePass",10,11,0,1,0,0,1,1,0,0,2,NA,3,2,0,"N","N",121
"DOLPHD-3121","M",17,"Local","MultiPass",10,11,1,0,1,1,0,0,0,0,1,NA,2,3,0,"N","N",121
"DOLPHD-3124","M",19,"Local","SinglePass",10,11,1,0,0,0,0,1,0,0,2,NA,3,1,0,"N","N",71
"DOLPHD-3128","M",15,"Local","MultiPass",10,11,1,0,1,0,1,0,1,0,2,NA,3,1,0,"N","Y",121
"DOLPHD-3131","M",18,"Local","SinglePass",10,11,0,0,1,0,1,0,0,0,3,NA,3,1,0,"Y","Y",71
"DOLPHD-3133","M",13,"Overseas","SinglePass",10,11,1,0,0,0,0,0,0,0,2,NA,3,2,0,"N","N",71
"DOLPHD-3134","M",17,"Local","SinglePass",10,11,0,0,1,0,1,1,0,0,1,NA,2,3,0,"N","N",121
"DOLPHD-3136","M",14,"Local","MultiPass",10,11,1,1,1,1,0,0,0,0,2,NA,2,1,0,"N","Y",121
"DOLPHD-3137","M",14,"Local","MultiPass",10,11,1,0,0,0,0,1,0,0,3,NA,2,1,0,"N","N",121
"DOLPHD-3140","M",18,"Local","SinglePass",10,11,0,0,0,0,0,0,1,0,1,NA,2,3,0,"N","N",46
"DOLPHD-3144","M",18,"Local","MultiPass",10,11,1,1,0,0,1,1,0,0,3,NA,2,2,0,"N","N",121
"DOLPHD-3145","M",19,"Overseas","SinglePass",10,11,1,1,0,0,1,0,0,0,3,NA,3,1,0,"N","N",121
"DOLPHD-3146","M",17,"Local","SinglePass",10,11,1,1,0,0,0,0,0,0,1,NA,4,3,0,"N","N",71
"DOLPHD-3149","M",14,"Local","MultiPass",10,11,1,1,1,1,0,1,0,0,3,NA,2,1,0,"N","N",121
"DOLPHD-3150","M",13,"Overseas","MultiPass",10,11,0,0,1,1,0,1,0,0,3,NA,0,1,0,"N","N",121
"DOLPHD-3153","M",17,"Local","SinglePass",10,11,1,0,1,0,0,0,0,0,2,NA,4,1,0,"N","N",71
"DOLPHD-3155","M",18,"Local","SinglePass",10,11,1,0,0,0,0,1,0,0,1,NA,0,4,0,"N","Y",71
"DOLPHD-3157","M",18,"Overseas","MultiPass",10,11,1,1,0,1,0,0,0,0,1,NA,2,3,0,"N","N",121
"DOLPHD-3158","M",15,"Local","MultiPass",10,11,1,1,1,1,0,1,0,0,3,NA,2,2,0,"N","N",121
"DOLPHD-3159","M",15,"Overseas","SinglePass",10,11,0,0,0,0,0,0,1,0,1,NA,2,3,0,"Y","N",71
"DOLPHD-3160","M",15,"Local","SinglePass",10,11,1,0,0,0,0,1,0,0,1,NA,4,4,0,"N","Y",71
"DOLPHD-3162","M",13,"Overseas","SinglePass",10,11,0,1,0,0,0,0,1,0,1,NA,3,3,0,"N","N",96
"DOLPHD-3164","M",18,"Local","MultiPass",10,11,1,0,0,1,0,0,1,0,1,NA,0,4,0,"N","N",121
"DOLPHD-3165","M",16,"Local","MultiPass",10,11,0,0,0,0,0,0,0,0,2,NA,3,2,0,"N","N",121
"DOLPHD-3167","M",18,"Local","SinglePass",10,11,1,1,1,0,0,0,0,0,1,NA,3,4,0,"N","N",96
"DOLPHD-3168","M",18,"Local","SinglePass",10,11,1,0,1,0,0,0,0,0,1,NA,3,3,0,"N","N",71
"DOLPHD-3169","M",14,"Overseas","SinglePass",10,11,1,0,0,0,0,1,0,0,1,NA,0,4,0,"N","N",96
"DOLPHD-3170","M",16,"Local","MultiPass",10,11,0,0,1,1,0,0,1,0,3,NA,0,1,0,"Y","Y",121
"DOLPHD-3172","M",17,"Local","MultiPass",10,11,1,0,0,1,0,1,1,0,1,NA,4,4,0,"N","N",121
"DOLPHD-3173","M",19,"Local","SinglePass",10,11,0,0,1,0,0,0,1,0,3,NA,0,1,0,"N","Y",71
"DOLPHD-3174","M",17,"Overseas","SinglePass",10,11,1,0,0,0,0,1,0,0,2,NA,0,2,0,"N","Y",96
"DOLPHD-3178","M",13,"Overseas","MultiPass",10,11,0,0,0,1,0,0,0,0,1,NA,3,4,0,"N","N",121
"DOLPHD-3179","M",15,"Local","MultiPass",10,11,0,1,1,1,1,1,0,0,3,NA,3,1,0,"N","Y",121
"DOLPHD-3180","M",18,"Local","SinglePass",10,11,1,1,0,0,1,1,0,0,2,NA,2,1,0,"N","N",121
"DOLPHD-3181","M",18,"Overseas","SinglePass",10,11,0,0,0,0,1,1,1,0,2,NA,3,2,0,"N","N",96
"DOLPHD-3182","M",18,"Local","SinglePass",10,11,1,1,0,0,1,0,0,0,1,NA,2,3,0,"N","N",121
"DOLPHD-3186","M",18,"Overseas","MultiPass",10,11,1,1,1,0,1,1,0,0,1,NA,4,4,0,"N","N",121
"DOLPHD-3188","M",16,"Local","SinglePass",10,11,0,0,1,0,0,1,1,0,2,NA,0,1,0,"N","N",96
"DOLPHD-3189","M",19,"Local","SinglePass",10,11,0,0,0,0,0,0,1,0,1,NA,4,3,0,"N","Y",46
"DOLPHD-3192","M",14,"Local","MultiPass",10,11,1,0,0,1,0,0,0,0,3,NA,0,1,0,"N","Y",121
"DOLPHD-3193","M",14,"Overseas","MultiPass",10,11,0,0,1,1,1,1,1,0,2,NA,2,2,0,"Y","Y",121
"DOLPHD-3199","M",19,"Local","MultiPass",10,11,1,0,1,1,1,1,0,0,2,NA,3,1,0,"N","N",121
"DOLPHD-3202","M",18,"Overseas","SinglePass",10,11,0,1,1,0,0,1,1,0,1,NA,4,4,0,"N","N",121
"DOLPHD-3203","M",19,"Local","SinglePass",10,11,1,0,1,0,0,1,0,0,1,NA,2,3,0,"N","N",121
"DOLPHD-3205","M",14,"Overseas","MultiPass",10,11,1,1,0,1,1,0,1,0,2,NA,2,2,0,"N","N",121
"DOLPHD-3206","M",14,"Local","MultiPass",10,11,1,0,1,0,0,1,1,0,3,NA,3,1,0,"N","N",121
"DOLPHD-3207","M",16,"Overseas","MultiPass",10,11,0,0,0,0,0,1,0,0,1,NA,0,4,0,"Y","Y",121
"DOLPHD-3211","M",13,"Local","SinglePass",10,11,1,0,0,0,1,1,0,0,1,NA,3,3,0,"Y","Y",96
"DOLPHD-3214","M",13,"Overseas","MultiPass",10,11,0,1,1,0,1,0,1,0,1,NA,3,4,0,"N","N",121
"DOLPHD-3215","M",19,"Local","SinglePass",10,11,1,0,0,0,0,1,0,0,1,NA,4,4,0,"N","N",71
"DOLPHD-3216","M",18,"Local","SinglePass",10,11,0,0,0,0,1,1,0,0,1,NA,0,3,0,"N","N",96
"DOLPHD-3218","M",14,"Local","SinglePass",10,11,0,1,0,0,0,0,0,0,3,NA,0,1,0,"N","Y",71
"DOLPHD-3224","M",19,"Local","SinglePass",10,11,0,0,1,0,0,0,0,0,3,NA,3,2,0,"N","N",46
"DOLPHD-3231","M",17,"Overseas","SinglePass",10,11,1,0,0,0,0,1,0,0,2,NA,0,1,0,"N","N",96
"DOLPHD-3232","M",14,"Local","SinglePass",10,11,1,1,0,0,1,1,0,0,3,NA,2,2,0,"Y","Y",146
"DOLPHD-3235","M",16,"Local","MultiPass",10,11,1,0,1,0,0,0,0,0,1,NA,0,3,0,"N","N",121
"DOLPHD-3236","M",15,"Local","SinglePass",10,11,0,1,1,0,0,1,1,0,2,NA,4,2,0,"N","N",146
"DOLPHD-3240","M",19,"Local","MultiPass",10,11,1,0,1,1,0,1,1,0,1,NA,2,4,0,"N","N",121
"DOLPHD-3242","M",19,"Local","MultiPass",10,11,0,1,0,0,1,1,0,0,1,NA,0,3,0,"N","N",121
"DOLPHD-3243","M",17,"Overseas","SinglePass",10,11,0,0,0,0,1,1,0,0,1,NA,4,3,0,"N","N",96
"DOLPHD-3244","M",17,"Local","SinglePass",10,11,0,1,0,0,0,1,1,0,2,NA,4,1,0,"N","N",121
"DOLPHD-3245","M",14,"Local","SinglePass",10,11,0,0,0,0,0,0,0,0,3,NA,3,1,0,"N","N",21
"DOLPHD-3246","M",13,"Overseas","SinglePass",10,11,0,0,1,0,0,0,0,0,1,NA,0,3,0,"N","N",46
"DOLPHD-3248","M",18,"Local","MultiPass",10,11,1,0,0,0,0,0,0,0,3,NA,2,1,0,"Y","Y",121
"DOLPHD-3250","M",14,"Overseas","SinglePass",10,11,1,0,0,0,0,0,0,0,2,NA,0,2,0,"N","Y",46
"DOLPHD-3252","M",14,"Local","SinglePass",10,11,0,0,0,0,0,1,0,0,2,NA,4,1,0,"N","Y",46
"DOLPHD-3253","M",18,"Overseas","SinglePass",10,11,1,0,0,0,0,1,0,0,3,NA,3,2,0,"N","N",96
"DOLPHD-3255","M",17,"Overseas","MultiPass",10,11,1,0,0,1,0,1,1,0,1,NA,2,3,0,"N","N",121
"DOLPHD-3257","M",13,"Local","SinglePass",10,11,0,0,0,0,1,1,0,0,3,NA,0,1,0,"Y","N",71
"DOLPHD-3260","M",13,"Local","SinglePass",10,11,1,0,0,0,0,0,1,0,1,NA,0,3,0,"N","N",96
"DOLPHD-3261","M",13,"Local","MultiPass",10,11,1,0,0,1,0,1,1,0,2,NA,4,2,0,"N","N",121
"DOLPHD-3263","M",13,"Local","MultiPass",10,11,0,0,0,0,0,0,0,0,1,NA,2,4,0,"N","N",121
"DOLPHD-3266","M",13,"Local","SinglePass",10,11,0,0,1,0,0,1,1,0,1,NA,3,4,0,"N","N",121
"DOLPHD-3267","M",18,"Overseas","SinglePass",10,11,1,0,1,0,0,1,0,0,2,NA,4,1,0,"Y","Y",121
"DOLPHD-3271","M",14,"Local","MultiPass",10,11,1,0,0,0,0,0,0,0,2,NA,0,1,0,"N","N",121
"DOLPHD-3272","M",15,"Local","SinglePass",10,11,0,0,0,0,1,0,0,0,3,NA,4,2,0,"N","N",71
"DOLPHD-3274","M",17,"Overseas","SinglePass",10,11,0,0,1,0,0,0,0,0,1,NA,0,3,0,"N","Y",46
"DOLPHD-3276","M",19,"Local","MultiPass",10,11,1,0,0,1,0,0,0,0,3,NA,3,2,0,"N","N",121
"DOLPHD-3279","M",15,"Overseas","SinglePass",10,11,1,0,1,0,0,1,0,0,1,NA,3,3,0,"N","N",96
"DOLPHD-3280","M",19,"Local","SinglePass",10,11,1,1,0,0,0,0,0,0,2,NA,0,2,0,"N","Y",71
"DOLPHD-3281","M",17,"Local","SinglePass",10,11,1,0,0,0,0,1,1,0,3,NA,3,1,0,"N","N",96
"DOLPHD-3284","M",18,"Local","MultiPass",10,11,0,0,1,1,0,1,0,0,1,NA,2,3,0,"N","N",121
"DOLPHD-3287","M",14,"Local","SinglePass",10,11,1,0,0,0,0,0,0,0,2,NA,4,2,0,"Y","Y",71
"DOLPHD-3288","M",19,"Local","SinglePass",10,11,0,0,1,0,0,1,1,0,1,NA,4,3,0,"N","N",121
"DOLPHD-3293","M",18,"Local","SinglePass",10,11,1,0,1,0,0,1,0,0,2,NA,3,1,0,"N","Y",96
"DOLPHD-3295","M",15,"Local","SinglePass",10,11,1,0,1,0,0,1,0,0,3,NA,4,1,0,"N","N",121
"DOLPHD-3297","M",13,"Local","MultiPass",10,11,1,0,0,1,1,0,1,0,1,NA,2,3,0,"Y","N",121
"DOLPHD-3300","M",16,"Local","SinglePass",10,11,1,0,1,0,1,0,0,0,1,NA,4,4,0,"N","N",121
"DOLPHD-3304","M",16,"Local","MultiPass",10,11,0,0,0,0,0,1,0,0,2,NA,0,2,0,"N","N",121
"DOLPHD-3305","M",14,"Local","MultiPass",10,11,1,1,1,0,0,1,1,0,3,NA,2,2,0,"N","N",121
"DOLPHD-3308","M",18,"Local","SinglePass",10,11,1,0,0,0,1,1,1,0,3,NA,4,1,0,"N","N",121
"DOLPHD-3309","M",18,"Local","SinglePass",10,11,1,0,0,0,0,0,1,0,1,NA,2,4,0,"N","Y",71
"DOLPHD-3310","M",19,"Overseas","SinglePass",10,11,1,0,0,0,0,0,1,0,1,NA,2,4,0,"N","N",96
"DOLPHD-3311","M",18,"Local","MultiPass",10,11,0,0,0,0,0,1,0,0,2,NA,3,1,0,"N","N",121
"DOLPHD-3315","M",18,"Overseas","SinglePass",10,11,1,0,0,0,0,0,1,0,2,NA,0,1,0,"N","Y",96
"DOLPHD-3317","M",15,"Local","SinglePass",10,11,1,0,0,0,0,0,0,0,3,NA,0,2,0,"N","N",71
"DOLPHD-3320","M",15,"Local","MultiPass",10,11,0,0,1,1,0,1,0,0,2,NA,0,1,0,"N","Y",121
"DOLPHD-3322","M",19,"Overseas","SinglePass",10,11,1,1,1,0,0,1,1,0,2,NA,3,2,0,"N","Y",171
"DOLPHD-3325","M",18,"Overseas","MultiPass",10,11,1,0,0,1,1,0,1,0,1,NA,4,4,0,"N","N",121
"DOLPHD-3327","M",18,"Overseas","MultiPass",10,11,0,0,0,1,1,1,1,0,3,NA,4,1,0,"N","N",121
"DOLPHD-3328","M",17,"Local","SinglePass",10,11,1,0,1,0,0,1,0,0,3,NA,3,1,0,"N","N",121
"DOLPHD-3329","M",17,"Local","SinglePass",10,11,1,0,1,0,0,1,0,0,3,NA,0,1,0,"N","N",96
"DOLPHD-3330","M",16,"Overseas","SinglePass",10,11,1,0,0,0,0,1,0,0,2,NA,0,2,0,"N","N",71
"DOLPHD-3331","M",19,"Local","SinglePass",10,11,1,0,0,0,1,0,0,0,2,NA,3,1,0,"N","N",96
"DOLPHD-3334","M",17,"Overseas","MultiPass",10,11,0,0,0,0,0,1,0,0,2,NA,3,2,0,"N","Y",121
"DOLPHD-3336","M",13,"Local","SinglePass",10,11,0,0,0,0,0,0,0,0,3,NA,2,1,0,"N","N",46
"DOLPHD-3337","M",18,"Overseas","SinglePass",10,11,0,0,1,0,1,1,1,0,2,NA,2,1,0,"N","Y",121
"DOLPHD-3338","M",15,"Local","SinglePass",10,11,0,0,0,0,0,0,0,0,1,NA,0,3,0,"N","Y",21
"DOLPHD-3339","M",18,"Overseas","MultiPass",10,11,0,0,1,1,0,1,0,0,3,NA,2,1,0,"N","N",121
"DOLPHD-3341","M",16,"Local","MultiPass",10,11,0,1,0,0,0,0,1,0,3,NA,3,2,0,"Y","Y",121
"DOLPHD-3342","M",13,"Overseas","SinglePass",10,11,0,0,0,0,0,0,1,0,1,NA,0,3,0,"N","N",46
"DOLPHD-3343","M",16,"Local","SinglePass",10,11,1,1,0,0,1,0,0,0,1,NA,2,3,0,"N","Y",121
"DOLPHD-3344","M",17,"Local","SinglePass",10,11,1,0,0,0,1,0,1,0,1,NA,4,3,0,"N","N",121
"DOLPHD-3346","M",14,"Overseas","MultiPass",10,11,1,0,0,0,0,0,1,0,1,NA,3,3,0,"N","N",121
"DOLPHD-3349","M",15,"Overseas","SinglePass",10,11,1,1,0,0,0,1,0,0,2,NA,0,1,0,"N","N",96
"DOLPHD-3350","M",19,"Local","SinglePass",10,11,0,1,0,0,0,0,1,0,2,NA,3,1,0,"N","N",71
"DOLPHD-3353","M",14,"Local","MultiPass",10,11,1,0,0,1,0,0,0,0,3,NA,2,1,0,"N","N",121
"DOLPHD-3356","M",14,"Local","SinglePass",10,11,1,0,0,0,0,0,0,0,1,NA,3,3,0,"N","N",46
"DOLPHD-3359","M",19,"Local","SinglePass",10,11,0,0,1,0,1,1,1,0,3,NA,3,2,0,"N","Y",146
"DOLPHD-3363","M",15,"Overseas","SinglePass",10,11,0,0,1,0,0,1,0,0,2,NA,0,2,0,"N","N",96
"DOLPHD-3364","M",17,"Local","SinglePass",10,11,1,0,0,0,1,0,0,0,1,NA,2,4,0,"N","N",71
"DOLPHD-3368","M",19,"Local","MultiPass",10,11,1,0,0,0,0,1,0,0,1,NA,0,3,0,"N","N",121
"DOLPHD-3369","M",19,"Local","MultiPass",10,11,0,0,1,1,0,1,1,0,2,NA,3,2,0,"N","N",121
"DOLPHD-3375","M",19,"Overseas","MultiPass",10,11,0,0,0,0,0,0,0,0,2,NA,0,1,0,"N","N",121
"DOLPHD-3378","M",16,"Overseas","SinglePass",10,11,1,0,0,0,0,1,0,0,3,NA,0,2,0,"Y","Y",96
"DOLPHD-3381","M",13,"Local","MultiPass",10,11,1,1,1,0,0,0,0,0,3,NA,4,2,0,"N","N",121
"DOLPHD-3382","M",16,"Overseas","MultiPass",10,11,1,1,0,1,0,0,0,0,1,NA,4,4,0,"N","N",121
"DOLPHD-3385","M",16,"Overseas","SinglePass",10,11,1,0,0,0,0,1,0,0,1,NA,2,4,0,"N","N",96
"DOLPHD-3388","M",17,"Local","MultiPass",10,11,1,0,0,1,0,0,1,0,1,NA,0,4,0,"N","N",121
"DOLPHD-3389","M",17,"Local","MultiPass",10,11,0,0,0,1,0,1,0,0,2,NA,3,2,0,"N","N",121
"DOLPHD-3391","M",17,"Local","SinglePass",10,11,1,0,1,0,0,0,0,0,2,NA,0,2,0,"N","N",96
"DOLPHD-3395","M",17,"Local","MultiPass",10,11,0,1,0,0,0,0,0,0,3,NA,0,2,0,"N","N",121
"DOLPHD-3398","M",13,"Local","SinglePass",10,11,1,0,0,0,0,1,0,0,1,NA,0,3,0,"N","Y",96
"DOLPHD-3399","M",14,"Overseas","SinglePass",10,11,1,1,0,0,1,1,0,0,2,NA,2,1,0,"N","N",146
"DOLPHD-3400","M",13,"Local","SinglePass",10,11,1,1,0,0,0,1,1,0,2,NA,2,2,0,"Y","Y",146
"DOLPHD-3401","M",14,"Local","SinglePass",10,11,1,0,0,0,0,0,0,0,3,NA,3,2,0,"Y","Y",71
"DOLPHD-3402","M",14,"Overseas","MultiPass",10,11,1,0,1,1,0,0,0,0,1,NA,3,4,0,"Y","Y",121
"DOLPHD-3405","M",18,"Local","SinglePass",10,11,1,0,1,0,0,0,0,0,1,NA,2,4,0,"Y","N",96
"DOLPHD-3406","M",13,"Overseas","SinglePass",10,11,0,0,0,0,0,0,0,0,2,NA,0,1,0,"N","N",46
"DOLPHD-3407","M",15,"Local","SinglePass",10,11,1,1,0,0,0,0,0,0,3,NA,3,2,0,"Y","Y",96
"DOLPHD-3408","M",18,"Local","SinglePass",10,11,0,0,0,0,0,0,1,0,3,NA,2,2,0,"Y","Y",71
"DOLPHD-3410","M",14,"Local","MultiPass",10,11,1,1,0,1,1,0,0,0,3,NA,4,2,0,"N","N",121
"DOLPHD-3411","M",15,"Overseas","MultiPass",10,11,0,0,0,0,0,0,0,0,2,NA,3,2,0,"N","N",121
"DOLPHD-3412","M",18,"Local","SinglePass",10,11,1,1,0,0,1,1,1,0,3,NA,3,2,0,"N","N",146
"DOLPHD-3414","M",14,"Overseas","SinglePass",10,11,0,0,0,0,0,1,0,0,1,NA,0,4,0,"Y","Y",71
"DOLPHD-3418","M",17,"Overseas","MultiPass",10,11,0,0,1,0,1,0,1,0,3,NA,0,1,0,"N","N",121
"DOLPHD-3421","M",19,"Overseas","SinglePass",10,11,0,0,1,0,0,1,1,0,1,NA,2,3,0,"N","N",121
"DOLPHD-3422","M",19,"Local","SinglePass",10,11,0,0,0,0,1,1,0,0,2,NA,0,1,0,"N","N",96
"DOLPHD-3425","M",13,"Local","MultiPass",10,11,1,0,0,0,0,0,0,0,1,NA,3,3,0,"N","N",121
"DOLPHD-3428","M",18,"Local","SinglePass",10,11,1,1,0,0,0,0,0,0,3,NA,4,2,0,"N","N",96
"DOLPHD-3430","M",17,"Overseas","MultiPass",10,11,1,1,0,1,1,0,0,0,3,NA,2,2,0,"Y","Y",121
"DOLPHD-3431","M",19,"Local","MultiPass",10,11,1,0,1,1,0,0,1,0,3,NA,4,1,0,"N","N",121
"DOLPHD-3432","M",15,"Local","MultiPass",10,11,1,0,0,1,0,0,0,0,1,NA,4,4,0,"N","N",121
"DOLPHD-3433","M",14,"Overseas","SinglePass",10,11,0,0,0,0,0,1,0,0,1,NA,0,3,0,"N","N",71
"DOLPHD-3437","M",19,"Local","MultiPass",10,11,0,0,1,1,0,0,0,0,3,NA,0,2,0,"N","N",121
"DOLPHD-3438","M",18,"Overseas","MultiPass",10,11,1,0,0,1,0,1,0,0,3,NA,0,1,0,"N","N",121
"DOLPHD-3439","M",17,"Local","MultiPass",10,11,1,1,0,1,0,0,0,0,3,NA,0,2,0,"Y","Y",121
"DOLPHD-3440","M",17,"Local","SinglePass",10,11,0,0,1,0,0,1,0,0,3,NA,0,2,0,"N","Y",71
"DOLPHD-3441","M",14,"Local","SinglePass",10,11,0,0,1,0,0,1,1,0,3,NA,2,1,0,"N","N",96
"DOLPHD-3443","M",14,"Local","SinglePass",10,11,1,0,1,0,0,1,1,0,2,NA,4,1,0,"N","N",121
"DOLPHD-3447","M",13,"Overseas","MultiPass",10,11,1,0,1,0,0,1,0,0,3,NA,0,2,0,"N","N",121
"DOLPHD-3448","M",17,"Local","SinglePass",10,11,0,0,0,0,0,0,1,0,3,NA,3,2,0,"N","N",46
"DOLPHD-3449","M",15,"Local","SinglePass",10,11,1,0,0,0,1,1,0,0,2,NA,0,1,0,"N","N",96
"DOLPHD-3455","M",15,"Local","SinglePass",10,11,1,0,0,0,0,0,1,0,1,NA,0,3,0,"N","N",96
"DOLPHD-3456","M",19,"Local","SinglePass",10,11,1,0,1,0,0,1,0,0,3,NA,0,2,0,"Y","Y",96
"DOLPHD-3458","M",15,"Local","SinglePass",10,11,1,0,1,0,0,0,0,0,1,NA,4,4,0,"Y","Y",96
"DOLPHD-3459","M",17,"Overseas","MultiPass",10,11,1,0,0,0,0,1,0,0,3,NA,3,2,0,"N","N",121
"DOLPHD-3462","M",13,"Overseas","SinglePass",10,11,1,1,0,0,1,0,0,0,1,NA,2,3,0,"N","Y",96
"DOLPHD-3463","M",19,"Local","SinglePass",10,11,1,0,1,0,0,1,1,0,1,NA,4,3,0,"N","N",146
"DOLPHD-3464","M",19,"Local","SinglePass",10,11,0,0,0,0,0,1,1,0,3,NA,0,2,0,"N","N",96
"DOLPHD-3466","M",15,"Overseas","MultiPass",10,11,0,1,0,0,0,1,1,0,2,NA,2,1,0,"N","N",121
"DOLPHD-3468","M",19,"Local","MultiPass",10,11,1,1,0,1,0,1,0,0,3,NA,2,1,0,"Y","Y",121
"DOLPHD-3470","M",13,"Local","SinglePass",10,11,1,0,1,0,0,1,0,0,3,NA,2,1,0,"N","N",121
"DOLPHD-3471","M",19,"Overseas","SinglePass",10,11,1,0,0,0,0,0,0,0,2,NA,4,2,0,"Y","Y",71
"DOLPHD-3473","M",17,"Local","MultiPass",10,11,0,0,0,0,0,0,1,0,1,NA,4,4,0,"N","Y",121
"DOLPHD-3479","M",15,"Local","SinglePass",10,11,0,0,0,0,1,0,0,0,2,NA,0,1,0,"N","N",46
"DOLPHD-3486","M",17,"Overseas","SinglePass",10,11,0,0,1,0,0,0,1,0,2,NA,0,2,0,"N","N",71
"DOLPHD-3488","M",19,"Local","MultiPass",10,11,0,0,1,0,0,1,0,0,3,NA,2,1,0,"N","Y",121
"DOLPHD-3490","M",19,"Overseas","SinglePass",10,11,1,0,0,0,1,0,0,0,3,NA,4,1,0,"N","N",71
"DOLPHD-3492","M",13,"Local","SinglePass",10,11,1,1,0,0,0,0,0,0,1,NA,3,3,0,"N","N",71
"DOLPHD-3493","M",18,"Overseas","SinglePass",10,11,0,0,0,0,0,1,1,0,1,NA,0,4,0,"N","N",96
"DOLPHD-3495","M",16,"Overseas","MultiPass",10,11,0,1,1,0,0,1,1,0,1,NA,4,4,0,"N","N",121
"DOLPHD-3496","M",17,"Local","MultiPass",10,11,0,0,0,0,0,0,0,0,3,NA,2,1,0,"N","N",121
"DOLPHD-3497","M",15,"Local","SinglePass",10,11,0,1,1,0,0,0,1,0,2,NA,4,2,0,"N","N",121
"DOLPHD-3498","M",17,"Overseas","SinglePass",10,11,0,0,0,0,1,1,0,0,1,NA,2,4,0,"N","N",71
"DOLPHD-3500","M",15,"Local","SinglePass",10,11,1,0,0,0,0,1,0,0,1,NA,4,3,0,"N","N",96
"DOLPHD-3503","M",17,"Local","MultiPass",10,11,1,0,0,1,0,0,0,0,3,NA,2,1,0,"Y","Y",121
"DOLPHD-3505","M",18,"Overseas","SinglePass",10,11,0,0,1,0,1,0,0,0,1,NA,3,4,0,"N","N",96
"DOLPHD-3509","M",13,"Local","MultiPass",10,11,0,0,1,0,0,1,0,0,3,NA,0,2,0,"N","N",121
"DOLPHD-3510","M",19,"Overseas","MultiPass",10,11,0,0,0,0,1,1,1,0,2,NA,0,1,0,"N","N",121
"DOLPHD-3513","M",17,"Local","SinglePass",10,11,1,0,0,0,0,0,1,0,2,NA,4,1,0,"N","N",96
"DOLPHD-3514","M",18,"Overseas","SinglePass",10,11,0,0,0,0,1,0,1,0,3,NA,0,1,0,"N","N",96
"DOLPHD-3519","M",17,"Overseas","SinglePass",10,11,1,0,1,0,0,0,1,0,2,NA,4,2,0,"Y","Y",96
"DOLPHD-3521","M",16,"Local","SinglePass",10,11,0,0,0,0,0,1,0,0,2,NA,2,2,0,"N","N",46
"DOLPHD-3523","M",18,"Local","MultiPass",10,11,1,0,1,0,1,0,0,0,1,NA,3,4,0,"Y","Y",121
"DOLPHD-3526","M",13,"Overseas","SinglePass",10,11,1,0,0,0,0,0,0,0,1,NA,2,4,0,"N","N",46
"DOLPHD-3527","M",16,"Local","SinglePass",10,11,0,0,1,0,1,0,0,0,3,NA,3,1,0,"N","N",96
"DOLPHD-3529","M",16,"Overseas","MultiPass",10,11,0,0,0,1,0,0,0,0,2,NA,2,1,0,"N","N",121
"DOLPHD-3530","M",19,"Local","MultiPass",10,11,1,0,1,0,0,0,0,0,2,NA,0,1,0,"N","N",121
"DOLPHD-3532","M",16,"Local","SinglePass",10,11,0,0,0,0,1,0,0,0,2,NA,0,2,0,"N","Y",71
"DOLPHD-3534","M",19,"Overseas","SinglePass",10,11,0,0,1,0,0,1,0,0,1,NA,2,4,0,"Y","Y",96
"DOLPHD-3537","M",16,"Local","MultiPass",10,11,1,0,0,0,0,0,0,0,1,NA,0,4,0,"N","N",121
"DOLPHD-3538","M",19,"Overseas","MultiPass",10,11,1,0,0,0,0,0,0,0,1,NA,0,4,0,"N","N",121
"DOLPHD-3542","M",16,"Local","SinglePass",10,11,1,0,1,0,0,1,0,0,1,NA,3,3,0,"N","N",96
"DOLPHD-3543","M",16,"Overseas","MultiPass",10,11,1,0,0,1,1,0,0,0,1,NA,0,4,0,"N","N",121
"DOLPHD-3544","M",17,"Local","MultiPass",10,11,0,1,1,0,0,0,0,0,2,NA,0,1,0,"N","N",121
"DOLPHD-3545","M",14,"Local","MultiPass",10,11,0,0,1,1,0,1,0,0,2,NA,0,2,0,"N","N",121
"DOLPHD-3547","M",13,"Local","SinglePass",10,11,0,0,1,0,0,1,0,0,1,NA,4,4,0,"Y","Y",71
"DOLPHD-3548","M",15,"Local","SinglePass",10,11,1,1,0,0,1,0,1,0,2,NA,3,1,0,"N","N",121
"DOLPHD-3549","M",17,"Local","SinglePass",10,11,0,0,0,0,0,0,1,0,3,NA,4,2,0,"N","N",71
"DOLPHD-3550","M",15,"Overseas","MultiPass",10,11,0,0,0,0,1,1,0,0,1,NA,2,3,0,"N","Y",121
"DOLPHD-3556","M",14,"Local","SinglePass",10,11,1,0,0,0,0,1,0,0,1,NA,3,3,0,"N","N",71
"DOLPHD-3557","M",13,"Local","MultiPass",10,11,1,0,1,0,0,0,0,0,2,NA,2,2,0,"N","N",121
"DOLPHD-3561","M",14,"Local","SinglePass",10,11,1,0,1,0,0,0,1,0,1,NA,0,4,0,"N","Y",96
"DOLPHD-3562","M",13,"Overseas","SinglePass",10,11,1,0,1,0,0,0,1,0,1,NA,2,4,0,"N","N",96
"DOLPHD-3564","M",15,"Local","MultiPass",10,11,0,0,0,1,0,1,1,0,2,NA,0,2,0,"N","N",121
"DOLPHD-3568","M",18,"Local","SinglePass",10,11,0,0,0,0,1,0,0,0,2,NA,0,1,0,"N","N",46
"DOLPHD-3570","M",19,"Overseas","SinglePass",10,11,0,0,0,0,0,0,0,0,3,NA,3,1,0,"N","N",46
"DOLPHD-3571","M",14,"Local","MultiPass",10,11,0,0,1,1,1,0,1,0,1,NA,3,3,0,"N","N",121
"DOLPHD-3572","M",18,"Local","MultiPass",10,11,0,0,0,1,0,1,0,0,2,NA,0,2,0,"N","N",121
"DOLPHD-3574","M",18,"Overseas","SinglePass",10,11,0,0,1,0,1,1,1,0,1,NA,2,4,0,"N","N",121
"DOLPHD-3576","M",16,"Local","SinglePass",10,11,1,0,0,0,0,1,0,0,1,NA,4,4,0,"N","N",96
"DOLPHD-3579","M",14,"Overseas","MultiPass",10,11,1,0,0,0,0,1,0,0,3,NA,2,2,0,"N","Y",121
"DOLPHD-3580","M",16,"Local","MultiPass",10,11,0,0,0,1,1,1,0,0,1,NA,0,3,0,"N","Y",121
"DOLPHD-3584","M",14,"Local","SinglePass",10,11,0,1,0,0,1,1,0,0,2,NA,3,2,0,"N","N",96
"DOLPHD-3587","M",17,"Local","MultiPass",10,11,0,0,1,1,0,1,0,0,3,NA,0,1,0,"Y","Y",121
"DOLPHD-3588","M",17,"Local","SinglePass",10,11,0,0,1,0,0,1,1,0,2,NA,0,1,0,"N","N",96
"DOLPHD-3589","M",14,"Overseas","SinglePass",10,11,1,0,1,0,0,1,0,0,1,NA,2,3,0,"N","N",121
"DOLPHD-3591","M",19,"Overseas","SinglePass",10,11,0,0,0,0,0,1,0,0,2,NA,0,2,0,"N","Y",71
"DOLPHD-3592","M",19,"Local","MultiPass",10,11,1,0,1,0,0,0,0,0,1,NA,4,3,0,"N","N",121
"DOLPHD-3593","M",19,"Local","MultiPass",10,11,1,0,0,0,0,1,0,0,3,NA,0,1,0,"N","N",121
"DOLPHD-3594","M",18,"Overseas","MultiPass",10,11,1,0,0,1,0,0,1,0,2,NA,2,1,0,"N","N",121
"DOLPHD-3595","M",19,"Local","SinglePass",10,11,0,0,1,0,0,1,0,0,1,NA,4,3,0,"N","Y",71
"DOLPHD-3597","M",15,"Local","SinglePass",10,11,0,0,0,0,0,1,0,0,1,NA,2,3,0,"N","N",71
"DOLPHD-3598","M",16,"Overseas","SinglePass",10,11,1,0,1,0,0,1,0,0,3,NA,2,2,0,"N","Y",96
"DOLPHD-3601","M",19,"Overseas","MultiPass",10,11,0,0,0,1,0,0,1,0,1,NA,0,3,0,"Y","Y",121
"DOLPHD-3602","M",15,"Local","SinglePass",10,11,1,0,0,0,0,1,0,0,3,NA,4,2,0,"N","Y",96
"DOLPHD-3603","M",17,"Overseas","SinglePass",10,11,1,0,1,0,0,0,0,0,1,NA,4,4,0,"N","N",96
"DOLPHD-3605","M",14,"Local","SinglePass",10,11,0,0,0,0,0,1,1,0,2,NA,2,1,0,"N","N",71
"DOLPHD-3607","M",18,"Local","MultiPass",10,11,0,0,0,1,0,1,0,0,1,NA,0,3,0,"Y","Y",121
"DOLPHD-3609","M",17,"Local","SinglePass",10,11,1,0,0,0,0,0,1,0,2,NA,0,2,0,"N","N",71
"DOLPHD-3610","M",14,"Overseas","SinglePass",10,11,0,0,1,0,0,1,0,0,3,NA,0,2,0,"N","N",71
"DOLPHD-3611","M",17,"Local","SinglePass",10,11,0,0,0,0,0,1,0,0,2,NA,2,1,0,"N","Y",71
"DOLPHD-3615","M",18,"Overseas","MultiPass",10,11,1,0,1,1,0,1,0,0,3,NA,2,1,0,"Y","Y",121
"DOLPHD-3617","M",14,"Local","SinglePass",10,11,0,1,1,0,0,0,0,0,1,NA,3,3,0,"N","N",96
"DOLPHD-3618","M",16,"Overseas","SinglePass",10,11,1,0,1,0,0,1,0,0,2,NA,4,1,0,"N","N",121
"DOLPHD-3622","M",14,"Overseas","MultiPass",10,11,1,1,0,1,0,0,0,0,3,NA,3,2,0,"Y","Y",121
"DOLPHD-3624","M",18,"Local","SinglePass",10,11,0,0,1,0,1,1,1,0,2,NA,3,2,0,"N","N",121
"DOLPHD-3627","M",15,"Overseas","SinglePass",10,11,1,0,1,0,0,1,0,0,3,NA,4,1,0,"N","N",96
"DOLPHD-3633","M",17,"Local","SinglePass",10,11,0,0,1,0,0,1,0,0,1,NA,0,3,0,"N","N",96
"DOLPHD-3634","M",15,"Overseas","SinglePass",10,11,0,0,0,0,0,1,1,0,2,NA,4,2,0,"N","N",96
"DOLPHD-3635","M",19,"Local","MultiPass",10,11,1,1,1,1,0,1,0,0,2,NA,3,2,0,"N","Y",121
"DOLPHD-3636","M",18,"Local","MultiPass",10,11,0,0,0,0,0,1,0,0,1,NA,2,4,0,"N","N",121
"DOLPHD-3637","M",15,"Overseas","MultiPass",10,11,1,1,1,1,0,1,0,0,1,NA,4,4,0,"N","N",121
"DOLPHD-3639","M",16,"Overseas","SinglePass",10,11,0,0,0,0,0,0,0,0,1,NA,3,4,0,"N","N",46
"DOLPHD-3644","M",13,"Local","MultiPass",10,11,0,1,0,1,1,1,0,0,2,NA,3,2,0,"N","Y",121
"DOLPHD-3647","M",18,"Local","SinglePass",10,11,1,0,1,0,1,0,0,0,1,NA,3,3,0,"N","N",121
"DOLPHD-3650","M",14,"Local","MultiPass",10,11,0,0,0,1,0,0,0,0,3,NA,0,1,0,"N","N",121
"DOLPHD-3651","M",13,"Overseas","MultiPass",10,11,1,0,0,1,0,1,0,0,1,NA,3,3,0,"N","Y",121
"DOLPHD-3652","M",19,"Local","SinglePass",10,11,1,0,1,0,1,1,0,0,1,NA,4,4,0,"N","N",121
"DOLPHD-3653","M",18,"Local","SinglePass",10,11,0,0,0,0,0,0,1,0,1,NA,4,4,0,"N","N",71
"DOLPHD-3655","M",13,"Local","SinglePass",10,11,0,0,0,0,0,0,0,0,3,NA,0,1,0,"N","N",46
"DOLPHD-3656","M",15,"Local","MultiPass",10,11,1,0,0,0,0,1,1,0,2,NA,0,1,0,"N","N",121
"DOLPHD-3657","M",16,"Local","MultiPass",10,11,0,0,0,1,1,0,0,0,2,NA,4,2,0,"N","N",121
"DOLPHD-3658","M",15,"Overseas","MultiPass",10,11,0,0,0,0,0,1,0,0,3,NA,0,1,0,"N","N",121
"DOLPHD-3660","M",15,"Local","SinglePass",10,11,1,0,0,0,1,0,0,0,3,NA,0,1,0,"N","N",96
"DOLPHD-3666","M",16,"Overseas","SinglePass",10,11,1,1,0,0,0,1,0,0,2,NA,4,1,0,"N","N",96
"DOLPHD-3667","M",15,"Local","SinglePass",10,11,1,0,1,0,0,1,1,0,1,NA,4,4,0,"Y","Y",121
"DOLPHD-3670","M",18,"Overseas","MultiPass",10,11,0,1,1,0,0,1,0,0,1,NA,4,4,0,"N","Y",121
"DOLPHD-3675","M",15,"Overseas","SinglePass",10,0,0,0,0,0,1,1,0,0,1,NA,2,3,0,"N","N",60
"DOLPHD-3677","M",14,"Local","MultiPass",10,0,0,0,0,1,0,0,0,0,3,NA,0,2,0,"Y","Y",110
"DOLPHD-3682","M",18,"Overseas","SinglePass",10,0,1,0,1,0,1,0,0,0,1,NA,4,4,0,"N","N",110
"DOLPHD-3684","M",16,"Local","MultiPass",10,0,1,0,1,1,0,0,1,0,1,NA,3,3,0,"N","N",110
"DOLPHD-3685","M",17,"Overseas","MultiPass",10,0,1,0,1,0,0,0,1,0,1,NA,0,3,0,"N","N",110
"DOLPHD-3687","M",19,"Overseas","SinglePass",10,0,0,1,1,0,0,1,0,0,2,NA,3,1,0,"N","N",110
"DOLPHD-3690","M",17,"Overseas","SinglePass",10,0,1,1,1,0,0,0,1,0,2,NA,3,2,0,"Y","Y",135
"DOLPHD-3691","M",15,"Local","MultiPass",10,0,1,0,1,1,0,0,0,0,1,NA,0,4,0,"Y","Y",110
"DOLPHD-3693","M",16,"Local","MultiPass",10,0,1,0,0,0,0,1,0,0,3,NA,0,1,0,"Y","Y",110
"DOLPHD-3694","M",17,"Overseas","SinglePass",10,0,1,0,1,0,1,0,1,0,1,NA,3,3,0,"N","Y",135
"DOLPHD-3697","M",18,"Overseas","SinglePass",10,0,0,0,1,0,0,0,0,0,3,NA,0,1,0,"N","Y",60
"DOLPHD-3699","M",16,"Overseas","MultiPass",10,0,1,0,0,1,0,0,1,0,2,NA,4,1,0,"N","N",110
"DOLPHD-3700","M",18,"Local","MultiPass",10,0,1,0,1,0,0,0,0,0,3,NA,4,1,0,"N","N",110
"DOLPHD-3709","M",16,"Overseas","SinglePass",10,0,1,0,0,0,0,1,0,0,2,NA,2,1,0,"N","N",85
"DOLPHD-3711","M",19,"Overseas","SinglePass",10,0,1,0,0,0,0,1,1,0,2,NA,2,2,0,"N","N",85
"DOLPHD-3712","M",13,"Local","MultiPass",10,0,0,0,1,0,0,0,0,0,1,NA,3,4,0,"N","Y",110
"DOLPHD-3715","M",14,"Local","SinglePass",10,0,1,0,0,0,0,0,0,0,2,NA,3,1,0,"N","N",60
"DOLPHD-3718","M",13,"Overseas","SinglePass",10,0,1,1,0,0,0,0,0,0,3,NA,0,1,0,"N","Y",85
"DOLPHD-3719","M",16,"Local","MultiPass",10,0,1,0,0,0,1,1,1,0,1,NA,4,4,0,"N","N",110
"DOLPHD-3721","M",15,"Overseas","MultiPass",10,0,1,0,0,1,0,0,1,0,3,NA,3,1,0,"N","N",110
"DOLPHD-3723","M",16,"Overseas","SinglePass",10,0,0,1,1,0,1,1,1,0,3,NA,2,1,0,"N","N",135
"DOLPHD-3725","M",19,"Local","SinglePass",10,0,1,0,0,0,0,1,0,0,3,NA,0,1,0,"N","N",60
"DOLPHD-3726","M",17,"Overseas","MultiPass",10,0,1,1,0,1,0,1,1,0,1,NA,4,3,0,"N","N",110
"DOLPHD-3732","M",16,"Local","SinglePass",10,0,1,0,0,0,1,1,0,0,1,NA,4,4,0,"N","N",110
"DOLPHD-3737","M",15,"Local","SinglePass",10,0,1,0,1,0,0,1,0,0,1,NA,2,4,0,"N","N",110
"DOLPHD-3738","M",13,"Overseas","SinglePass",10,0,0,0,0,0,0,0,0,0,2,NA,4,1,0,"Y","Y",10
"DOLPHD-3739","M",14,"Local","SinglePass",10,0,1,0,1,0,1,0,0,0,3,NA,4,2,0,"N","N",85
"DOLPHD-3743","M",18,"Local","SinglePass",10,0,1,0,1,0,0,1,0,0,3,NA,4,2,0,"N","N",110
"DOLPHD-3744","M",16,"Local","SinglePass",10,0,0,0,0,0,0,1,0,0,3,NA,4,1,0,"N","Y",60
"DOLPHD-3745","M",19,"Overseas","SinglePass",10,0,0,1,0,0,0,1,0,0,1,NA,4,4,0,"N","N",85
"DOLPHD-3746","M",17,"Local","SinglePass",10,0,1,0,1,0,0,1,1,0,1,NA,2,4,0,"N","Y",110
"DOLPHD-3747","M",16,"Overseas","MultiPass",10,0,1,0,0,1,0,1,1,0,2,NA,4,2,0,"N","Y",110
"DOLPHD-3751","M",18,"Local","SinglePass",10,0,1,0,0,0,0,1,0,0,1,NA,0,4,0,"N","N",60
"DOLPHD-3752","M",19,"Local","SinglePass",10,0,0,0,1,0,1,1,1,0,3,NA,2,2,0,"N","N",110
"DOLPHD-3753","M",18,"Local","SinglePass",10,0,1,0,1,0,0,0,0,0,2,NA,0,1,0,"N","N",85
"DOLPHD-3757","M",13,"Overseas","SinglePass",10,0,1,0,1,0,1,0,0,0,1,NA,2,4,0,"N","Y",85
"DOLPHD-3760","M",18,"Local","SinglePass",10,0,1,0,0,0,1,0,1,0,3,NA,4,2,0,"N","N",110
"DOLPHD-3761","M",13,"Local","MultiPass",10,0,0,0,1,1,0,1,0,0,2,NA,0,2,0,"N","N",110
"DOLPHD-3762","M",16,"Overseas","MultiPass",10,0,1,1,0,1,0,1,0,0,3,NA,3,1,0,"N","N",110
"DOLPHD-3765","M",14,"Local","SinglePass",10,0,0,0,1,0,1,1,1,0,2,NA,4,1,0,"Y","Y",135
"DOLPHD-3766","M",15,"Overseas","SinglePass",10,0,1,1,1,0,0,0,1,0,1,NA,2,3,0,"N","N",135
"DOLPHD-3767","M",13,"Local","SinglePass",10,0,0,0,0,0,0,1,0,0,2,NA,2,1,0,"N","N",60
"DOLPHD-3769","M",13,"Overseas","MultiPass",10,0,1,1,1,1,0,0,0,0,2,NA,4,2,0,"N","N",110
"DOLPHD-3773","M",16,"Local","SinglePass",10,0,1,1,0,0,0,0,0,0,1,NA,3,4,0,"Y","N",60
"DOLPHD-3774","M",17,"Overseas","SinglePass",10,0,1,0,0,0,0,1,0,0,3,NA,4,2,0,"N","N",60
"DOLPHD-3775","M",13,"Local","MultiPass",10,0,0,0,1,1,0,0,0,0,2,NA,3,1,0,"N","N",110
"DOLPHD-3776","M",18,"Local","MultiPass",10,0,0,1,0,1,1,1,0,0,2,NA,4,1,0,"N","Y",110
"DOLPHD-3777","M",13,"Local","MultiPass",10,0,1,1,1,1,0,0,0,0,3,NA,4,2,0,"N","N",110
"DOLPHD-3781","M",18,"Overseas","SinglePass",10,0,1,0,0,0,0,0,0,0,3,NA,2,1,0,"N","N",35
"DOLPHD-3782","M",17,"Local","MultiPass",10,0,0,0,1,1,0,1,0,0,1,NA,2,4,0,"N","N",110
"DOLPHD-3788","M",15,"Local","SinglePass",10,0,0,0,0,0,1,1,1,0,1,NA,2,3,0,"Y","Y",85
"DOLPHD-3789","M",19,"Local","MultiPass",10,0,0,0,0,0,0,1,0,0,2,NA,0,2,0,"N","N",110
"DOLPHD-3792","M",16,"Local","SinglePass",10,0,1,0,1,0,0,1,0,0,3,NA,3,1,0,"Y","Y",110
"DOLPHD-3794","M",15,"Local","SinglePass",10,0,1,0,1,0,1,0,0,0,1,NA,4,4,0,"N","N",110
"DOLPHD-3795","M",14,"Overseas","SinglePass",10,0,0,1,0,0,0,0,0,0,3,NA,4,1,0,"N","Y",35
"DOLPHD-3796","M",19,"Local","SinglePass",10,0,1,0,1,0,0,0,1,0,1,NA,0,4,0,"Y","Y",85
"DOLPHD-3797","M",18,"Local","MultiPass",10,0,0,1,0,1,0,1,0,0,3,NA,3,2,0,"N","Y",110
"DOLPHD-3799","M",13,"Local","MultiPass",10,0,1,0,0,1,1,1,0,0,1,NA,2,4,0,"N","N",110
"DOLPHD-3807","M",17,"Overseas","SinglePass",10,0,1,0,0,0,1,0,0,0,2,NA,0,2,0,"N","N",85
"DOLPHD-3808","M",17,"Local","SinglePass",10,0,1,1,1,0,0,1,0,0,1,NA,2,3,0,"N","N",110
"DOLPHD-3810","M",18,"Overseas","SinglePass",10,0,1,0,0,0,0,1,1,0,1,NA,0,3,0,"N","N",85
"DOLPHD-3811","M",15,"Local","MultiPass",10,0,0,0,0,1,0,0,0,0,3,NA,3,2,0,"N","N",110
"DOLPHD-3813","M",16,"Local","MultiPass",10,0,1,0,0,0,0,1,0,0,3,NA,0,2,0,"N","N",110
"DOLPHD-3821","M",15,"Local","SinglePass",10,0,0,0,0,0,1,1,0,0,3,NA,0,1,0,"N","Y",60
"DOLPHD-3822","M",13,"Overseas","SinglePass",10,0,1,1,1,0,0,0,0,0,2,NA,3,2,0,"Y","N",110
"DOLPHD-3823","M",17,"Local","SinglePass",10,0,0,1,0,0,0,0,0,0,1,NA,2,4,0,"N","Y",60
"DOLPHD-3825","M",14,"Local","MultiPass",10,0,0,0,0,0,0,1,0,0,1,NA,3,4,0,"N","N",110
"DOLPHD-3826","M",18,"Overseas","MultiPass",10,0,1,0,1,1,0,1,0,0,3,NA,2,1,0,"N","N",110
"DOLPHD-3829","M",19,"Overseas","SinglePass",10,0,1,1,1,0,0,1,1,0,3,NA,2,1,0,"N","N",160
"DOLPHD-3833","M",13,"Local","MultiPass",10,0,1,0,0,0,0,0,1,0,1,NA,4,4,0,"N","N",110
"DOLPHD-3834","M",15,"Overseas","MultiPass",10,0,1,1,1,0,0,1,0,0,3,NA,3,1,0,"N","Y",110
"DOLPHD-3835","M",19,"Local","SinglePass",10,0,0,0,1,0,0,0,0,0,2,NA,2,2,0,"N","N",60
"DOLPHD-3836","M",15,"Local","SinglePass",10,0,1,0,0,0,0,0,1,0,2,NA,0,1,0,"N","Y",60
"DOLPHD-3837","M",15,"Local","SinglePass",10,0,1,0,0,0,0,1,0,0,3,NA,0,2,0,"N","N",85
"DOLPHD-3839","M",18,"Local","MultiPass",10,0,0,1,1,1,0,0,0,0,3,NA,0,1,0,"N","N",110
"DOLPHD-3845","M",19,"Overseas","SinglePass",10,0,0,0,0,0,1,1,0,0,1,NA,0,4,0,"N","N",85
"DOLPHD-3848","M",13,"Overseas","MultiPass",10,0,1,1,1,0,0,0,0,0,1,NA,0,3,0,"Y","Y",110
"DOLPHD-3849","M",14,"Overseas","SinglePass",10,0,0,0,0,0,0,0,1,0,2,NA,0,2,0,"N","N",35
"DOLPHD-3850","M",14,"Overseas","SinglePass",10,0,0,1,0,0,0,0,0,0,3,NA,0,2,0,"N","N",60
"DOLPHD-3851","M",17,"Overseas","SinglePass",10,0,1,0,0,0,1,0,0,0,3,NA,3,1,0,"Y","Y",60
"DOLPHD-3855","M",14,"Overseas","MultiPass",10,0,1,0,0,1,0,1,0,0,1,NA,4,3,0,"N","N",110
"DOLPHD-3857","M",19,"Overseas","SinglePass",10,0,1,0,0,0,0,0,1,0,3,NA,0,2,0,"N","N",85
"DOLPHD-3859","M",19,"Overseas","SinglePass",10,0,0,0,1,0,0,1,0,0,3,NA,4,2,0,"N","N",85
"DOLPHD-3860","M",13,"Overseas","MultiPass",10,0,1,0,1,1,0,1,0,0,1,NA,3,4,0,"N","Y",110
"DOLPHD-3862","M",13,"Overseas","MultiPass",10,0,0,1,0,1,0,1,0,0,2,NA,3,2,0,"N","N",110
"DOLPHD-3863","M",13,"Overseas","SinglePass",10,0,0,1,0,0,1,1,0,0,2,NA,0,1,0,"N","N",85
"DOLPHD-3864","M",14,"Overseas","SinglePass",10,0,0,0,0,0,0,1,0,0,1,NA,4,4,0,"Y","Y",35
"DOLPHD-3865","M",19,"Overseas","SinglePass",10,0,0,0,1,0,0,1,0,0,1,NA,3,3,0,"N","N",85
"DOLPHD-3866","M",15,"Overseas","SinglePass",10,0,1,0,0,0,1,0,0,0,2,NA,0,1,0,"N","N",60
"DOLPHD-3867","M",19,"Overseas","MultiPass",10,0,0,0,0,0,1,1,0,0,3,NA,0,1,0,"N","N",110
"DOLPHD-3869","M",17,"Overseas","MultiPass",10,0,0,0,0,1,1,1,0,0,1,NA,0,3,0,"N","N",110
"DOLPHD-3870","M",19,"Overseas","SinglePass",10,0,1,0,1,0,0,1,0,0,1,NA,2,4,0,"Y","Y",110
"DOLPHD-3872","M",17,"Overseas","SinglePass",10,0,1,0,1,0,0,0,1,0,3,NA,4,1,0,"N","N",110
"DOLPHD-3873","M",15,"Overseas","SinglePass",10,0,1,0,1,0,0,0,0,0,1,NA,2,4,0,"N","N",60
"DOLPHD-3877","M",19,"Overseas","SinglePass",10,0,0,0,1,0,0,1,0,0,1,NA,0,3,0,"N","Y",85
"DOLPHD-3878","M",17,"Overseas","SinglePass",10,0,1,0,0,0,0,0,0,0,2,NA,2,2,0,"N","N",35
"DOLPHD-3879","M",15,"Overseas","MultiPass",10,0,0,0,0,1,0,0,0,0,3,NA,3,1,0,"N","N",110
"DOLPHD-3881","M",15,"Overseas","SinglePass",10,0,1,0,0,0,0,0,0,0,3,NA,0,1,0,"N","N",60
"DOLPHD-3885","M",16,"Overseas","MultiPass",10,0,1,1,1,1,0,0,0,0,2,NA,3,2,0,"N","N",110
"DOLPHD-3887","M",14,"Overseas","SinglePass",10,0,1,0,0,0,0,1,0,0,1,NA,3,4,0,"N","Y",85
"DOLPHD-3890","M",17,"Overseas","SinglePass",10,0,0,0,0,0,0,0,0,0,3,NA,0,2,0,"Y","Y",35
"DOLPHD-3892","M",15,"Overseas","SinglePass",10,0,1,0,0,0,0,0,1,0,2,NA,2,1,0,"N","N",85
"DOLPHD-3895","M",16,"Overseas","SinglePass",10,0,0,0,0,0,1,1,0,0,2,NA,0,1,0,"N","N",85
"DOLPHD-3897","M",17,"Overseas","MultiPass",10,0,1,0,1,0,0,1,0,0,1,NA,3,3,0,"N","N",110
"DOLPHD-3899","M",13,"Overseas","SinglePass",10,0,1,0,1,0,0,1,1,0,1,NA,3,4,0,"N","N",135
"DOLPHD-3900","M",13,"Overseas","MultiPass",10,0,1,1,0,0,0,0,0,0,1,NA,3,3,0,"N","N",110
"DOLPHD-3901","M",19,"Overseas","SinglePass",10,0,1,0,1,0,0,0,1,0,1,NA,3,3,0,"N","N",85
"DOLPHD-3904","M",18,"Overseas","SinglePass",10,0,1,1,1,0,1,0,0,0,1,NA,4,3,0,"N","N",110
"DOLPHD-3906","M",19,"Overseas","MultiPass",10,0,1,0,0,1,0,1,0,0,1,NA,4,3,0,"N","N",110
"DOLPHD-3909","M",13,"Overseas","MultiPass",10,0,0,1,0,0,0,0,1,0,1,NA,2,3,0,"N","N",110
"DOLPHD-3917","M",14,"Overseas","SinglePass",10,0,1,0,0,0,0,0,0,0,1,NA,3,3,0,"N","N",35
"DOLPHD-3924","M",16,"Local","MultiPass",10,0,1,0,0,1,0,1,0,0,1,NA,2,3,0,"N","N",110
"DOLPHD-3927","M",13,"Local","MultiPass",10,0,0,0,0,0,0,1,1,0,1,NA,2,4,0,"N","N",110
"DOLPHD-3928","M",13,"Local","SinglePass",10,0,1,0,0,0,0,0,0,0,1,NA,2,3,0,"N","Y",60
"DOLPHD-3932","M",13,"Local","SinglePass",10,0,0,0,0,0,0,0,0,0,1,NA,3,3,0,"N","N",35
"DOLPHD-3936","M",13,"Local","MultiPass",10,0,1,0,1,1,0,0,0,0,1,NA,3,4,0,"Y","Y",110
"DOLPHD-3937","M",16,"Local","SinglePass",10,0,1,0,0,0,1,0,1,0,1,NA,2,4,0,"N","N",85
"DOLPHD-3938","M",18,"Local","SinglePass",10,0,0,0,1,0,0,0,0,0,1,NA,4,4,0,"N","N",35
"DOLPHD-3939","M",13,"Local","MultiPass",10,0,0,0,1,0,1,0,0,0,2,NA,0,2,0,"N","N",110
"DOLPHD-3941","M",14,"Local","SinglePass",10,0,1,0,0,0,0,0,0,0,1,NA,4,4,0,"Y","Y",60
"DOLPHD-3957","M",18,"Local","MultiPass",10,0,1,0,0,1,1,0,0,0,1,NA,3,4,0,"N","N",110
"DOLPHD-3959","M",17,"Local","SinglePass",10,0,1,0,0,0,0,0,0,0,1,NA,4,4,0,"N","N",60
"DOLPHD-3960","M",18,"Local","MultiPass",10,0,0,0,1,0,0,1,0,0,1,NA,3,3,0,"N","N",110
"DOLPHD-3961","M",16,"Local","SinglePass",10,0,0,0,1,0,0,1,0,0,1,NA,3,4,0,"N","N",60
"DOLPHD-3962","M",15,"Local","SinglePass",10,0,0,0,0,0,0,0,0,0,1,NA,3,3,0,"N","Y",35
"DOLPHD-3963","M",15,"Local","MultiPass",10,0,0,1,0,1,0,0,0,0,1,NA,2,4,0,"N","N",110
"DOLPHD-3964","M",19,"Local","SinglePass",10,0,1,0,0,0,0,1,0,0,1,NA,3,3,0,"N","N",60
"DOLPHD-3965","M",13,"Local","SinglePass",10,0,1,1,0,0,1,1,0,0,1,NA,4,3,0,"N","N",135
"DOLPHD-3967","M",15,"Local","SinglePass",10,0,1,0,0,0,0,1,1,0,1,NA,2,3,0,"N","N",85
"DOLPHD-3969","M",14,"Local","MultiPass",10,0,1,0,0,1,1,1,0,0,1,NA,3,4,0,"N","N",110
"DOLPHD-3971","M",16,"Local","SinglePass",10,0,0,0,0,0,0,1,0,0,1,NA,4,3,0,"Y","Y",60
"DOLPHD-3972","M",15,"Local","MultiPass",10,0,1,1,1,0,0,1,0,0,1,NA,2,3,0,"N","N",110
"DOLPHD-3974","M",15,"Local","SinglePass",10,0,0,0,0,0,0,1,0,0,1,NA,2,3,0,"N","N",60
"DOLPHD-3979","M",17,"Local","SinglePass",10,0,1,0,1,0,0,1,1,0,1,NA,3,4,0,"N","N",135
"DOLPHD-3981","M",14,"Local","MultiPass",10,0,0,1,1,1,0,1,0,0,1,NA,4,3,0,"N","N",110
"DOLPHD-3982","M",18,"Local","SinglePass",10,0,0,1,0,0,1,1,0,0,1,NA,4,3,0,"N","Y",85
"DOLPHD-3983","M",18,"Local","SinglePass",10,0,1,1,0,0,0,1,0,0,1,NA,3,3,0,"N","Y",110
"DOLPHD-3990","M",17,"Local","SinglePass",10,0,1,0,1,0,0,1,1,0,1,NA,3,3,0,"N","N",110
"DOLPHD-3992","M",17,"Local","SinglePass",10,0,0,0,1,0,1,0,1,0,1,NA,3,4,0,"N","N",85
"DOLPHD-3999","M",17,"Local","SinglePass",10,0,1,0,0,0,0,0,0,0,1,NA,3,4,0,"Y","Y",60
"DOLPHD-4003","M",17,"Local","SinglePass",10,0,0,0,1,0,1,1,1,0,1,NA,4,4,0,"N","N",110
"DOLPHD-4004","M",16,"Local","SinglePass",10,0,1,1,0,0,0,1,0,0,1,NA,3,4,0,"N","Y",110
"DOLPHD-4007","M",16,"Local","SinglePass",10,0,1,0,0,0,0,1,0,0,1,NA,2,3,0,"N","N",60
"DOLPHD-4008","M",17,"Local","MultiPass",10,0,0,0,0,0,0,1,1,0,1,NA,2,4,0,"N","N",110
"DOLPHD-4010","M",18,"Local","SinglePass",10,0,1,0,0,0,1,0,0,0,1,NA,2,3,0,"N","Y",85
"DOLPHD-4011","M",13,"Local","SinglePass",10,0,0,1,1,0,1,0,0,0,1,NA,2,4,0,"N","Y",110
"DOLPHD-4014","M",18,"Local","SinglePass",10,0,1,0,0,0,1,1,1,0,1,NA,3,4,0,"N","N",135
"DOLPHD-4015","M",16,"Local","MultiPass",10,0,0,1,0,1,0,0,1,0,1,NA,3,3,0,"N","Y",110
"DOLPHD-4017","M",13,"Local","SinglePass",10,0,0,0,0,0,0,1,0,0,1,NA,4,4,0,"N","N",60
"DOLPHD-4020","M",19,"Local","SinglePass",10,0,1,1,1,0,0,0,0,0,1,NA,3,4,0,"Y","Y",85
"DOLPHD-4022","M",13,"Local","MultiPass",10,0,0,1,0,1,0,1,0,0,1,NA,4,4,0,"Y","Y",110
"DOLPHD-4023","M",15,"Local","MultiPass",10,0,1,0,1,1,0,1,0,0,1,NA,4,3,0,"Y","Y",110
"DOLPHD-4025","M",14,"Local","SinglePass",10,0,0,1,0,0,0,0,1,0,1,NA,2,3,0,"N","Y",85
"DOLPHD-4029","M",14,"Local","MultiPass",10,0,0,0,1,0,1,1,0,0,1,NA,3,4,0,"Y","Y",110
"DOLPHD-4032","M",14,"Local","SinglePass",10,0,1,0,0,0,0,0,0,0,1,NA,4,3,0,"N","N",35
"DOLPHD-4034","M",18,"Local","SinglePass",10,0,1,1,0,0,0,1,0,0,1,NA,2,4,0,"N","N",85
"DOLPHD-4035","M",15,"Local","SinglePass",10,0,0,1,0,0,0,1,0,0,1,NA,2,4,0,"Y","Y",60
"DOLPHD-4039","M",15,"Local","SinglePass",10,0,0,0,0,0,0,0,0,0,1,NA,2,3,0,"N","Y",10
"DOLPHD-4040","M",16,"Local","MultiPass",10,0,1,0,0,1,1,0,0,0,1,NA,4,3,0,"N","Y",110
"DOLPHD-4043","M",18,"Local","MultiPass",10,0,1,0,0,1,0,1,0,0,1,NA,2,4,0,"N","N",110
"DOLPHD-4045","M",13,"Local","SinglePass",10,0,1,0,0,0,0,0,1,0,1,NA,4,4,0,"N","N",85
"DOLPHD-4048","M",14,"Local","SinglePass",10,0,1,1,0,0,0,0,0,0,1,NA,2,4,0,"N","N",85
"DOLPHD-4049","M",17,"Local","SinglePass",10,0,0,0,1,0,1,1,1,0,1,NA,4,4,0,"N","N",110
"DOLPHD-4054","M",16,"Local","MultiPass",10,0,1,0,0,0,0,1,0,0,1,NA,3,3,0,"N","Y",110
"DOLPHD-4056","M",17,"Local","SinglePass",10,0,0,0,0,0,1,1,1,0,1,NA,3,4,0,"N","N",110
"DOLPHD-4057","M",16,"Local","MultiPass",10,0,1,0,0,1,0,1,0,0,1,NA,3,3,0,"N","N",110
"DOLPHD-4058","M",16,"Local","MultiPass",10,0,1,0,1,1,0,1,0,0,1,NA,3,4,0,"Y","Y",110
"DOLPHD-4059","M",15,"Local","SinglePass",10,0,0,0,0,0,0,0,0,0,1,NA,2,3,0,"N","N",35
"DOLPHD-4062","M",16,"Local","SinglePass",10,0,1,0,1,0,1,0,0,0,1,NA,2,4,0,"N","N",85
"DOLPHD-4063","M",16,"Local","SinglePass",10,0,1,0,0,0,0,0,1,0,1,NA,3,3,0,"N","Y",85
"DOLPHD-4064","M",19,"Local","MultiPass",10,0,0,1,1,1,0,0,1,0,1,NA,2,4,0,"N","N",110
"DOLPHD-4065","M",14,"Local","MultiPass",10,0,0,0,1,1,0,1,0,0,1,NA,2,3,0,"Y","Y",110
"DOLPHD-4067","M",13,"Local","SinglePass",10,0,1,0,1,0,0,1,0,0,1,NA,2,4,0,"N","Y",110
"DOLPHD-4068","M",18,"Local","MultiPass",10,0,1,1,1,0,0,1,0,0,1,NA,2,4,0,"N","Y",110
"DOLPHD-4070","M",15,"Local","SinglePass",10,0,1,1,1,0,1,1,0,0,1,NA,4,4,0,"N","N",160
"DOLPHD-4072","M",16,"Local","MultiPass",10,0,1,1,0,0,1,1,0,0,1,NA,2,4,0,"N","N",110
"DOLPHD-4073","M",15,"Local","SinglePass",10,0,1,0,1,0,1,1,0,0,1,NA,3,3,0,"N","N",135
"DOLPHD-4074","M",14,"Local","SinglePass",10,0,0,0,0,0,0,1,0,0,1,NA,2,3,0,"N","Y",35
"DOLPHD-4077","M",14,"Local","SinglePass",10,0,0,0,0,0,0,1,0,0,1,NA,2,3,0,"N","Y",60
"DOLPHD-4079","M",18,"Local","MultiPass",10,0,0,0,0,0,1,0,0,0,1,NA,3,3,0,"N","N",110
"DOLPHD-4080","M",13,"Local","SinglePass",10,0,1,0,1,0,1,1,1,0,1,NA,2,4,0,"N","N",135
"DOLPHD-4081","M",17,"Local","SinglePass",10,0,1,1,1,0,0,0,1,0,1,NA,3,4,0,"N","N",135
"DOLPHD-4085","M",16,"Local","MultiPass",10,0,0,0,0,1,0,1,0,0,1,NA,3,4,0,"Y","Y",110
"DOLPHD-4086","M",19,"Local","MultiPass",10,0,1,0,1,1,0,1,0,0,1,NA,3,3,0,"N","N",110
"DOLPHD-4087","M",13,"Local","SinglePass",10,0,0,1,1,0,1,1,0,0,1,NA,4,4,0,"N","N",110
"DOLPHD-4093","M",17,"Local","MultiPass",10,0,1,0,1,0,0,1,0,0,1,NA,4,4,0,"N","N",110
"DOLPHD-4096","M",13,"Local","MultiPass",10,0,1,0,1,1,0,1,0,0,1,NA,3,4,0,"N","N",110
"DOLPHD-4101","M",19,"Local","SinglePass",10,0,1,0,1,0,0,1,0,0,1,NA,3,3,0,"N","N",110
"DOLPHD-4107","M",13,"Local","MultiPass",10,0,0,1,0,1,0,0,0,0,1,NA,3,3,0,"N","N",110
"DOLPHD-4110","M",15,"Local","MultiPass",10,0,0,1,0,1,0,1,1,0,1,NA,3,4,0,"N","N",110
"DOLPHD-4112","M",17,"Local","SinglePass",10,0,1,1,0,0,0,0,0,0,1,NA,4,3,0,"N","N",60
"DOLPHD-4115","M",17,"Local","SinglePass",10,0,1,1,0,0,0,0,0,0,1,NA,3,4,0,"N","N",60
"DOLPHD-4117","M",18,"Local","MultiPass",10,0,1,0,0,0,0,1,0,0,1,NA,2,3,0,"N","N",110
"DOLPHD-4119","M",13,"Local","SinglePass",10,0,0,0,0,0,0,0,0,0,1,NA,3,4,0,"N","N",35
"DOLPHD-4120","M",16,"Local","MultiPass",10,0,0,0,1,0,0,1,1,0,1,NA,2,3,0,"N","N",110
"DOLPHD-4122","M",17,"Local","SinglePass",10,0,1,0,1,0,0,1,0,0,1,NA,3,4,0,"N","N",110
"DOLPHD-4128","M",19,"Local","MultiPass",10,0,0,1,0,1,0,1,0,0,1,NA,4,4,0,"N","N",110
"DOLPHD-4130","M",13,"Local","SinglePass",10,0,1,1,0,0,0,1,1,0,1,NA,4,4,0,"N","N",135
"DOLPHD-4133","M",13,"Local","SinglePass",10,0,0,0,0,0,0,1,0,0,1,NA,2,4,0,"N","N",60
"DOLPHD-4134","M",14,"Local","MultiPass",10,0,0,1,0,1,0,0,0,0,1,NA,3,4,0,"N","N",110
"DOLPHD-4138","M",17,"Local","MultiPass",10,0,1,0,0,0,0,0,0,0,1,NA,3,3,0,"N","N",110
"DOLPHD-4140","M",17,"Local","SinglePass",10,0,0,0,0,0,0,0,1,0,1,NA,4,3,0,"N","Y",60
"DOLPHD-4141","M",19,"Local","MultiPass",10,0,0,0,1,0,1,0,0,0,1,NA,2,4,0,"N","N",110
"DOLPHD-4144","M",15,"Local","SinglePass",10,0,1,0,1,0,0,1,1,0,1,NA,4,3,0,"N","N",135
"DOLPHD-4145","M",16,"Local","MultiPass",10,0,0,0,0,1,0,0,0,0,1,NA,4,4,0,"N","N",110
"DOLPHD-4151","M",16,"Local","SinglePass",10,0,1,0,0,0,0,1,0,0,1,NA,4,4,0,"N","N",85
"DOLPHD-4152","M",19,"Local","MultiPass",10,0,0,0,0,0,1,1,0,0,1,NA,4,3,0,"N","Y",110
"DOLPHD-4153","M",19,"Local","SinglePass",10,0,0,0,1,0,0,1,0,0,1,NA,2,4,0,"N","Y",60
"DOLPHD-4158","M",17,"Local","SinglePass",10,0,1,1,0,0,0,0,0,0,1,NA,2,4,0,"N","N",85
"DOLPHD-4159","M",17,"Local","MultiPass",10,0,0,0,0,1,0,1,0,0,1,NA,3,4,0,"N","N",110
"DOLPHD-4160","M",13,"Local","SinglePass",10,0,1,0,0,0,0,1,0,0,1,NA,2,4,0,"N","N",85
"DOLPHD-4162","M",18,"Local","MultiPass",10,0,1,0,0,1,1,0,0,0,1,NA,3,4,0,"Y","Y",110
"DOLPHD-4166","M",17,"Local","MultiPass",10,0,1,0,1,0,0,0,0,0,1,NA,4,3,0,"N","N",110
"DOLPHD-4168","M",19,"Local","SinglePass",10,0,1,0,1,0,0,0,0,0,1,NA,2,4,0,"N","N",60
"DOLPHD-4170","M",18,"Local","MultiPass",10,0,1,0,0,1,1,1,0,0,1,NA,4,3,0,"N","Y",110
"DOLPHD-4174","M",18,"Local","SinglePass",10,0,1,0,0,0,0,1,0,0,1,NA,4,3,0,"N","N",85
"DOLPHD-4175","M",16,"Local","SinglePass",10,0,0,0,1,0,1,0,0,0,1,NA,3,3,0,"N","N",85
"DOLPHD-4176","M",13,"Local","MultiPass",10,0,1,0,0,0,0,1,0,0,1,NA,3,3,0,"N","N",110
"DOLPHD-4177","M",14,"Local","MultiPass",10,0,1,0,0,0,1,0,1,0,1,NA,3,4,0,"N","N",110
"DOLPHD-4180","M",13,"Local","MultiPass",10,0,0,0,0,0,0,0,0,0,1,NA,3,3,0,"N","Y",110
"DOLPHD-4181","M",16,"Local","SinglePass",10,0,0,0,0,0,0,1,1,0,1,NA,2,3,0,"N","Y",85
"DOLPHD-4183","M",19,"Local","MultiPass",10,0,0,0,0,1,1,1,0,0,1,NA,2,3,0,"N","Y",110
"DOLPHD-4184","M",18,"Local","MultiPass",10,0,1,0,1,1,0,0,0,0,1,NA,2,4,0,"Y","Y",110
"DOLPHD-4185","M",13,"Local","SinglePass",10,0,1,1,0,0,1,1,0,0,1,NA,3,4,0,"N","N",110
"DOLPHD-4188","M",18,"Local","SinglePass",10,0,1,1,0,0,0,1,0,0,2,NA,4,1,0,"N","N",85
"DOLPHD-4190","M",16,"Local","MultiPass",10,0,1,0,0,0,0,1,0,0,1,NA,2,4,0,"N","Y",110
"DOLPHD-4191","M",19,"Local","MultiPass",10,0,0,1,1,1,0,0,1,0,2,NA,3,1,0,"N","N",110
"DOLPHD-4193","M",17,"Local","SinglePass",10,0,0,0,0,0,0,1,0,0,2,NA,0,1,0,"N","N",60
"DOLPHD-4195","M",16,"Local","SinglePass",10,0,1,1,1,0,0,1,1,0,1,NA,2,4,0,"N","N",135
"DOLPHD-4196","M",16,"Local","SinglePass",10,0,0,0,0,0,0,1,0,0,1,NA,0,4,0,"N","N",60
"DOLPHD-4197","M",15,"Local","MultiPass",10,0,0,0,0,1,0,0,0,0,1,NA,4,4,0,"N","N",110
"DOLPHD-4198","M",19,"Local","MultiPass",10,0,0,0,1,1,0,0,1,0,2,NA,0,1,0,"N","N",110
"DOLPHD-4200","M",14,"Local","SinglePass",10,0,1,0,0,0,1,0,1,0,1,NA,3,3,0,"N","N",110
"DOLPHD-4201","M",18,"Local","MultiPass",10,0,1,0,1,1,0,1,0,0,2,NA,2,1,0,"N","N",110
"DOLPHD-4202","M",19,"Local","SinglePass",10,0,0,1,0,0,0,1,0,0,1,NA,4,3,0,"N","Y",85
"DOLPHD-4209","M",19,"Local","SinglePass",10,0,1,0,1,0,0,0,0,0,3,NA,0,2,0,"N","Y",85
"DOLPHD-4210","M",19,"Local","SinglePass",10,0,1,1,1,0,0,1,1,0,1,NA,3,3,0,"N","N",135
"DOLPHD-4211","M",18,"Local","MultiPass",10,0,0,0,1,1,0,1,1,0,1,NA,2,4,0,"N","N",110
"DOLPHD-4215","M",13,"Local","MultiPass",10,0,0,1,1,1,0,1,0,0,2,NA,3,1,0,"Y","Y",110
"DOLPHD-4216","M",13,"Local","SinglePass",10,0,0,0,0,0,1,0,1,0,2,NA,2,2,0,"N","N",85
"DOLPHD-4219","M",17,"Local","MultiPass",10,0,1,1,0,1,0,1,0,0,1,NA,2,4,0,"N","Y",110
"DOLPHD-4223","M",17,"Local","SinglePass",10,0,1,0,1,0,0,0,1,0,3,NA,2,2,0,"N","N",110
"DOLPHD-4226","M",13,"Local","MultiPass",10,0,0,0,0,0,1,0,0,0,2,NA,0,1,0,"N","N",110
"DOLPHD-4227","M",14,"Local","SinglePass",10,0,1,0,0,0,0,0,0,0,2,NA,0,2,0,"Y","Y",35
"DOLPHD-4230","M",18,"Local","SinglePass",10,0,1,0,0,0,0,1,0,0,2,NA,4,1,0,"N","N",60
"DOLPHD-4232","M",14,"Local","MultiPass",10,0,1,0,0,1,1,0,0,0,1,NA,0,4,0,"N","N",110
"DOLPHD-4233","M",18,"Local","MultiPass",10,0,0,0,0,1,0,0,1,0,3,NA,0,2,0,"N","Y",110
"DOLPHD-4235","M",19,"Local","SinglePass",10,0,1,1,0,0,0,1,0,0,1,NA,2,4,0,"N","N",110
"DOLPHD-4236","M",18,"Local","MultiPass",10,0,1,0,1,1,0,0,0,0,2,NA,2,1,0,"N","N",110
"DOLPHD-4239","M",15,"Local","MultiPass",10,0,1,0,0,0,0,0,0,0,2,NA,0,1,0,"N","N",110
"DOLPHD-4240","M",19,"Local","MultiPass",10,0,1,0,1,1,1,1,1,0,1,NA,4,3,0,"Y","Y",110
"DOLPHD-4241","M",14,"Local","SinglePass",10,0,0,0,1,0,0,1,1,0,3,NA,2,1,0,"N","N",85
"DOLPHD-4245","M",15,"Local","SinglePass",10,0,1,0,1,0,1,0,0,0,2,NA,4,1,0,"Y","Y",110
"DOLPHD-4249","M",18,"Local","SinglePass",10,0,0,0,1,0,1,0,0,0,1,NA,3,4,0,"N","N",60
"DOLPHD-4250","M",18,"Local","MultiPass",10,0,0,0,1,1,0,1,0,0,1,NA,4,4,0,"N","N",110
"DOLPHD-4252","M",19,"Local","SinglePass",10,0,1,1,1,0,0,0,0,0,1,NA,3,4,0,"N","N",85
"DOLPHD-4253","M",15,"Local","MultiPass",10,0,0,0,0,1,0,1,0,0,2,NA,4,2,0,"Y","Y",110
"DOLPHD-4255","M",18,"Local","SinglePass",10,0,0,1,0,0,1,1,0,0,1,NA,4,4,0,"N","Y",110
"DOLPHD-4257","M",19,"Local","MultiPass",10,0,0,0,1,0,0,1,0,0,3,NA,0,1,0,"N","Y",110
"DOLPHD-4258","M",16,"Local","SinglePass",10,0,0,0,1,0,1,0,0,0,1,NA,4,3,0,"N","Y",85
"DOLPHD-4260","M",17,"Local","MultiPass",10,0,1,0,1,1,0,1,1,0,3,NA,3,2,0,"Y","Y",110
"DOLPHD-4261","M",15,"Local","MultiPass",10,0,1,0,0,1,0,0,1,0,2,NA,0,2,0,"N","N",110
"DOLPHD-4267","M",14,"Local","MultiPass",10,0,1,0,0,1,1,0,0,0,3,NA,2,2,0,"N","N",110
"DOLPHD-4277","M",18,"Local","SinglePass",10,0,1,0,1,0,0,1,0,0,1,NA,2,3,0,"N","Y",85
"DOLPHD-4278","M",14,"Local","MultiPass",10,0,1,0,0,1,1,1,1,0,1,NA,3,4,0,"N","N",110
"DOLPHD-4281","M",17,"Local","MultiPass",10,0,0,1,0,0,0,0,0,0,1,NA,3,4,0,"N","N",110
"DOLPHD-4283","M",18,"Local","SinglePass",10,0,0,1,1,0,0,0,0,0,1,NA,0,4,0,"N","N",60
"DOLPHD-4284","M",16,"Local","SinglePass",10,0,1,0,0,0,1,0,0,0,3,NA,0,2,0,"N","N",60
"DOLPHD-4291","M",16,"Local","SinglePass",10,0,1,0,0,0,0,1,1,0,3,NA,2,1,0,"N","N",85
"DOLPHD-4296","M",19,"Local","MultiPass",10,0,1,0,1,0,0,0,1,0,1,NA,0,3,0,"N","N",110
"DOLPHD-4298","M",13,"Local","SinglePass",10,0,1,1,0,0,0,0,0,0,2,NA,4,2,0,"N","N",60
"DOLPHD-4302","M",14,"Local","MultiPass",10,0,0,0,0,1,0,0,0,0,1,NA,2,4,0,"N","N",110
"DOLPHD-4310","M",14,"Local","MultiPass",10,0,1,0,0,1,1,0,0,0,1,NA,4,4,0,"Y","Y",110
"DOLPHD-4314","M",18,"Local","SinglePass",10,0,1,1,0,0,0,1,0,0,1,NA,0,4,0,"N","N",85
"DOLPHD-4317","M",17,"Local","MultiPass",10,0,0,0,0,0,1,0,0,0,2,NA,3,1,0,"N","N",110
"DOLPHD-4318","M",16,"Local","SinglePass",10,0,0,0,0,0,0,1,1,0,3,NA,2,2,0,"N","N",85
"DOLPHD-4319","M",14,"Local","SinglePass",10,0,1,1,0,0,0,1,0,0,1,NA,4,3,0,"N","Y",85
"DOLPHD-4320","M",16,"Local","MultiPass",10,0,1,0,0,1,0,1,0,0,2,NA,3,2,0,"N","Y",110
"DOLPHD-4323","M",15,"Local","MultiPass",10,0,0,0,0,0,0,1,0,0,3,NA,4,2,0,"N","N",110
"DOLPHD-4324","M",17,"Local","MultiPass",10,0,1,0,0,0,0,1,0,0,2,NA,3,2,0,"N","Y",110
"DOLPHD-4325","M",13,"Local","SinglePass",10,0,1,0,0,0,0,1,0,0,1,NA,0,4,0,"N","Y",60
"DOLPHD-4326","M",14,"Local","SinglePass",10,0,1,0,0,0,0,1,1,0,2,NA,3,2,0,"N","N",110
"DOLPHD-4330","M",13,"Local","MultiPass",10,0,1,0,0,1,1,0,0,0,2,NA,3,1,0,"N","N",110
"DOLPHD-4332","M",18,"Local","SinglePass",10,0,1,1,1,0,0,0,0,0,2,NA,4,1,0,"N","N",85
"DOLPHD-4334","M",15,"Local","MultiPass",10,0,1,0,0,1,0,0,0,0,1,NA,0,3,0,"N","N",110
"DOLPHD-4336","M",13,"Local","SinglePass",10,0,0,1,1,0,0,0,1,0,3,NA,4,1,0,"N","N",85
"DOLPHD-4342","M",14,"Local","SinglePass",10,0,1,1,1,0,1,1,1,0,1,NA,2,4,0,"N","N",160
"DOLPHD-4345","M",14,"Local","MultiPass",10,0,0,0,0,1,0,1,1,0,2,NA,0,2,0,"Y","Y",110
"DOLPHD-4346","M",19,"Local","SinglePass",10,0,1,0,0,0,0,0,0,0,3,NA,0,2,0,"N","N",60
"DOLPHD-4348","M",19,"Local","MultiPass",10,0,1,0,0,0,1,0,0,0,1,NA,2,3,0,"N","N",110
"DOLPHD-4355","M",15,"Local","MultiPass",10,0,1,1,0,0,1,1,0,0,2,NA,3,1,0,"N","N",110
"DOLPHD-4356","M",17,"Local","SinglePass",10,0,0,0,0,0,0,0,1,0,3,NA,0,2,0,"Y","Y",35
"DOLPHD-4357","M",19,"Local","SinglePass",10,0,1,0,0,0,1,0,0,0,1,NA,0,4,0,"N","Y",85
"DOLPHD-4358","M",17,"Local","MultiPass",10,0,0,0,0,1,0,0,0,0,2,NA,2,2,0,"N","N",110
"DOLPHD-4364","M",13,"Local","SinglePass",10,0,1,0,1,0,0,0,1,0,2,NA,2,2,0,"N","Y",85
"DOLPHD-4365","M",17,"Local","MultiPass",10,0,0,0,0,0,0,0,0,0,1,NA,3,4,0,"N","N",110
"DOLPHD-4366","M",13,"Local","MultiPass",10,0,0,0,0,1,0,0,0,0,1,NA,0,4,0,"Y","N",110
"DOLPHD-4367","M",15,"Local","SinglePass",10,0,0,1,1,0,0,1,0,0,3,NA,4,2,0,"N","N",85
"DOLPHD-4368","M",13,"Local","SinglePass",10,0,1,0,1,0,0,0,1,0,1,NA,4,3,0,"N","N",85
"DOLPHD-4369","M",18,"Local","MultiPass",10,0,0,0,1,1,1,0,1,0,2,NA,2,1,0,"N","N",110
"DOLPHD-4370","M",19,"Local","SinglePass",10,0,1,1,0,0,0,1,1,0,3,NA,3,2,0,"N","Y",135
"DOLPHD-4371","M",13,"Local","SinglePass",10,0,1,0,1,0,1,1,0,0,2,NA,3,1,0,"N","N",110
"DOLPHD-4377","M",19,"Local","SinglePass",10,0,1,0,1,0,0,1,1,0,1,NA,2,3,0,"N","N",135
"DOLPHD-4378","M",14,"Local","SinglePass",10,0,0,1,0,0,0,1,0,0,3,NA,2,2,0,"N","N",85
"DOLPHD-4379","M",17,"Local","MultiPass",10,0,0,0,0,0,0,0,0,0,3,NA,0,1,0,"Y","Y",110
"DOLPHD-4380","M",18,"Local","MultiPass",10,0,1,0,1,1,1,0,0,0,3,NA,4,1,0,"N","Y",110
"DOLPHD-4381","M",13,"Local","SinglePass",10,0,1,0,0,0,0,1,0,0,2,NA,3,1,0,"Y","Y",85
"DOLPHD-4383","M",15,"Local","MultiPass",10,0,1,0,0,1,0,1,0,0,2,NA,3,2,0,"N","N",110
"DOLPHD-4384","M",18,"Local","SinglePass",10,0,1,0,0,0,0,1,0,0,1,NA,3,3,0,"Y","Y",85
"DOLPHD-4387","M",18,"Local","MultiPass",10,0,1,0,0,1,0,0,0,0,1,NA,2,4,0,"N","N",110
"DOLPHD-4393","M",17,"Local","MultiPass",10,0,0,0,0,1,0,1,0,0,2,NA,2,1,0,"N","Y",110
"DOLPHD-4394","M",13,"Local","MultiPass",10,0,1,1,1,0,0,0,0,0,2,NA,2,1,0,"N","N",110
"DOLPHD-4395","M",16,"Local","SinglePass",10,0,1,0,1,0,1,0,0,0,1,NA,4,3,0,"N","N",85
"DOLPHD-4396","M",19,"Local","SinglePass",10,0,0,0,0,0,1,1,0,0,3,NA,0,2,0,"N","N",85
"DOLPHD-4397","M",17,"Local","MultiPass",10,0,0,0,0,0,1,1,1,0,2,NA,0,1,0,"Y","Y",110
"DOLPHD-4403","M",14,"Local","SinglePass",10,0,1,0,0,0,0,0,0,0,1,NA,3,3,0,"N","N",60
"DOLPHD-4405","M",17,"Local","SinglePass",10,0,1,0,0,0,0,1,0,0,3,NA,2,1,0,"N","N",60
"DOLPHD-4407","M",13,"Local","MultiPass",10,0,0,1,1,1,0,0,1,0,2,NA,4,2,0,"N","N",110
"DOLPHD-4408","M",14,"Local","MultiPass",10,0,0,0,1,0,1,1,0,0,3,NA,0,2,0,"N","N",110
"DOLPHD-4412","M",13,"Local","SinglePass",10,0,0,1,0,0,0,0,0,0,1,NA,4,3,0,"Y","Y",35
"DOLPHD-4413","M",15,"Local","SinglePass",10,0,1,0,1,0,0,0,0,0,3,NA,4,2,0,"N","N",85
"DOLPHD-4418","M",15,"Local","MultiPass",10,0,0,0,1,1,0,0,0,0,1,NA,2,4,0,"N","N",110
"DOLPHD-4423","M",17,"Local","SinglePass",10,0,0,0,1,0,0,0,1,0,2,NA,0,1,0,"N","Y",85
"DOLPHD-4427","M",17,"Local","SinglePass",10,0,1,0,0,0,0,0,0,0,3,NA,0,2,0,"N","N",60
"DOLPHD-4430","M",19,"Local","SinglePass",10,0,1,0,0,0,1,1,0,0,1,NA,4,4,0,"N","Y",110
"DOLPHD-4431","M",13,"Local","SinglePass",10,0,1,0,0,0,0,0,1,0,2,NA,4,1,0,"N","Y",85
"DOLPHD-4432","M",18,"Local","MultiPass",10,0,0,1,0,1,0,0,0,0,2,NA,0,2,0,"Y","Y",110
"DOLPHD-4433","M",16,"Local","SinglePass",10,0,1,0,0,0,1,1,0,0,1,NA,2,3,0,"N","N",110
"DOLPHD-4434","M",18,"Local","SinglePass",10,0,1,1,0,0,1,0,1,0,2,NA,4,2,0,"N","N",135
"DOLPHD-4437","M",15,"Local","SinglePass",10,0,1,0,0,0,0,1,0,0,3,NA,4,2,0,"Y","N",85
"DOLPHD-4446","M",14,"Local","MultiPass",10,0,1,0,1,1,0,1,0,0,3,NA,4,1,0,"N","N",110
"DOLPHD-4447","M",19,"Local","SinglePass",10,0,1,0,0,0,0,1,0,0,1,NA,0,4,0,"N","N",85
"DOLPHD-4448","M",16,"Local","SinglePass",10,0,1,1,0,0,0,0,1,0,1,NA,2,4,0,"N","N",110
"DOLPHD-4450","M",18,"Local","MultiPass",10,0,0,0,1,1,0,0,0,0,1,NA,0,3,0,"Y","Y",110
"DOLPHD-4452","M",14,"Local","SinglePass",10,0,0,0,1,0,0,1,0,0,1,NA,3,4,0,"N","Y",85
"DOLPHD-4456","M",17,"Local","MultiPass",10,0,0,0,0,1,0,1,1,0,2,NA,2,2,0,"N","N",110
"DOLPHD-4461","M",18,"Local","SinglePass",10,0,0,1,1,0,0,1,0,0,2,NA,4,1,0,"N","N",85
"DOLPHD-4463","M",14,"Local","MultiPass",10,0,1,0,0,1,0,1,1,0,3,NA,2,2,0,"N","N",110
"DOLPHD-4468","M",15,"Local","SinglePass",10,0,0,0,0,0,1,0,1,0,1,NA,0,3,0,"N","N",85
"DOLPHD-4473","M",16,"Local","SinglePass",10,0,1,1,0,0,0,0,1,0,1,NA,4,4,0,"N","N",110
"DOLPHD-4474","M",18,"Local","MultiPass",10,0,0,0,1,0,0,0,0,0,3,NA,0,2,0,"N","Y",110
"DOLPHD-4478","M",14,"Local","MultiPass",10,0,1,0,0,1,0,1,0,0,1,NA,0,3,0,"N","N",110
"DOLPHD-4479","M",19,"Local","SinglePass",10,0,1,1,0,0,0,1,0,0,1,NA,4,4,0,"Y","Y",110
"DOLPHD-4480","M",16,"Local","SinglePass",10,0,1,0,0,0,0,1,0,0,1,NA,2,4,0,"N","Y",60
"DOLPHD-4481","M",14,"Local","MultiPass",10,0,1,1,0,1,1,0,1,0,3,NA,3,1,0,"N","Y",110
"DOLPHD-4484","M",16,"Local","MultiPass",10,0,0,1,0,0,0,1,0,0,2,NA,0,2,0,"N","N",110
"DOLPHD-4485","M",17,"Local","MultiPass",10,0,1,0,0,0,0,1,0,0,1,NA,2,3,0,"N","N",110
"DOLPHD-4487","M",13,"Local","SinglePass",10,0,0,1,1,0,1,1,1,0,1,NA,4,3,0,"N","N",135
"DOLPHD-4488","M",16,"Local","MultiPass",10,0,1,0,0,0,0,0,0,0,2,NA,0,1,0,"N","N",110
"DOLPHD-4489","M",18,"Local","SinglePass",10,0,0,0,0,0,0,0,0,0,3,NA,0,1,0,"N","N",10
"DOLPHD-4491","M",19,"Local","MultiPass",10,0,1,0,0,1,0,1,0,0,1,NA,4,3,0,"Y","N",110
"DOLPHD-4492","M",16,"Local","MultiPass",10,0,0,0,0,1,1,1,0,0,2,NA,2,1,0,"N","N",110
"DOLPHD-4495","M",13,"Local","MultiPass",10,0,1,0,0,1,0,0,0,0,1,NA,0,4,0,"N","N",110
"DOLPHD-4497","M",15,"Local","SinglePass",10,0,0,0,0,0,0,0,0,0,1,NA,4,4,0,"Y","Y",35
"DOLPHD-4498","M",18,"Local","MultiPass",10,0,1,0,1,0,1,1,0,0,3,NA,2,1,0,"N","Y",110
"DOLPHD-4499","M",16,"Local","MultiPass",10,0,1,0,0,0,0,1,0,0,1,NA,0,4,0,"N","N",110
"DOLPHD-4503","M",15,"Local","SinglePass",10,0,0,0,0,0,0,1,1,0,2,NA,0,1,0,"N","N",85
"DOLPHD-4508","M",13,"Local","SinglePass",10,11,0,0,0,0,0,1,0,0,1,NA,3,3,0,"N","N",71
"DOLPHD-4510","M",13,"Local","SinglePass",10,11,0,0,0,0,1,1,0,0,3,NA,0,2,0,"N","Y",96
"DOLPHD-4513","M",19,"Local","MultiPass",10,11,0,1,0,1,0,1,0,0,1,NA,2,3,0,"N","N",121
"DOLPHD-4516","M",14,"Local","MultiPass",10,11,1,0,0,1,1,1,1,0,2,NA,4,2,0,"N","Y",121
"DOLPHD-4527","M",13,"Local","MultiPass",10,11,0,0,1,0,0,1,1,0,1,NA,0,3,0,"N","N",121
"DOLPHD-4528","M",13,"Local","SinglePass",10,11,0,0,0,0,0,1,0,0,3,NA,0,1,0,"N","N",46
"DOLPHD-4531","M",14,"Local","SinglePass",10,11,0,0,1,0,0,0,0,0,1,NA,4,3,0,"N","N",71
"DOLPHD-4533","M",14,"Local","MultiPass",10,11,0,0,1,1,0,1,1,0,1,NA,2,3,0,"N","Y",121
"DOLPHD-4534","M",19,"Local","MultiPass",10,11,1,0,0,1,1,0,1,0,1,NA,4,4,0,"N","Y",121
"DOLPHD-4536","M",16,"Local","SinglePass",10,11,1,0,1,0,1,1,1,0,1,NA,2,4,0,"Y","Y",146
"DOLPHD-4537","M",13,"Local","MultiPass",10,11,1,0,0,1,0,0,0,0,1,NA,0,4,0,"N","N",121
"DOLPHD-4538","M",15,"Local","SinglePass",10,11,0,0,0,0,0,0,0,0,2,NA,4,1,0,"N","N",46
"DOLPHD-4540","M",19,"Local","MultiPass",10,11,1,0,0,0,0,0,0,0,1,NA,0,4,0,"N","N",121
"DOLPHD-4541","M",17,"Local","MultiPass",10,11,1,0,0,1,0,0,0,0,1,NA,0,3,0,"N","N",121
"DOLPHD-4542","M",17,"Local","SinglePass",10,11,1,0,0,0,1,0,0,0,2,NA,4,2,0,"N","N",96
"DOLPHD-4546","M",17,"Local","SinglePass",10,11,1,0,0,0,1,0,0,0,1,NA,2,4,0,"N","N",96
"DOLPHD-4547","M",13,"Local","MultiPass",10,11,1,1,0,0,0,0,1,0,1,NA,3,4,0,"Y","Y",121
"DOLPHD-4549","M",13,"Local","SinglePass",10,11,1,1,1,0,1,0,0,0,3,NA,4,1,0,"N","N",121
"DOLPHD-4550","M",14,"Local","SinglePass",10,11,1,0,0,0,1,1,1,0,2,NA,2,1,0,"N","N",146
"DOLPHD-4552","M",14,"Local","SinglePass",10,11,1,1,0,0,0,1,0,0,3,NA,3,2,0,"N","N",121
"DOLPHD-4559","M",16,"Local","SinglePass",10,11,1,0,0,0,0,1,0,0,2,NA,0,2,0,"N","N",96
"DOLPHD-4561","M",19,"Local","MultiPass",10,11,1,1,0,1,0,0,0,0,2,"FantasyCarousel",0,1,0,"N","N",121
"DOLPHD-4563","M",17,"Local","SinglePass",10,11,1,0,0,0,0,1,1,0,2,NA,3,2,0,"N","N",121
"DOLPHD-4564","M",16,"Local","SinglePass",10,11,1,0,1,0,0,0,0,0,3,NA,0,1,0,"N","N",96
"DOLPHD-4566","M",19,"Local","SinglePass",10,11,1,0,0,0,0,0,0,0,2,NA,4,1,0,"N","Y",71
"DOLPHD-4568","M",19,"Local","MultiPass",10,11,0,1,0,0,1,0,0,0,1,"FantasyCarousel",2,3,0,"N","N",121
"DOLPHD-4571","M",18,"Local","SinglePass",10,11,0,0,0,0,0,1,1,0,1,NA,4,4,0,"N","N",96
"DOLPHD-4578","M",15,"Local","SinglePass",10,11,0,0,1,0,0,0,0,0,3,NA,0,2,0,"N","N",46
"DOLPHD-4579","M",18,"Local","MultiPass",10,11,1,0,0,1,0,1,0,0,1,NA,4,3,0,"N","Y",121
"DOLPHD-4580","M",15,"Local","SinglePass",10,11,1,0,0,0,0,1,0,0,2,NA,4,2,0,"N","Y",96
"DOLPHD-4583","M",17,"Local","MultiPass",10,11,0,0,1,0,0,0,0,0,3,NA,4,1,0,"N","N",121
"DOLPHD-4590","M",14,"Local","MultiPass",10,11,1,0,0,0,0,0,1,0,1,NA,3,3,0,"N","N",121
"DOLPHD-4592","M",17,"Local","SinglePass",10,11,0,0,0,0,0,1,1,0,1,NA,3,3,0,"N","N",96
"DOLPHD-4594","M",17,"Local","SinglePass",10,11,1,0,0,0,1,1,1,0,1,NA,3,4,0,"N","N",146
"DOLPHD-4595","M",15,"Local","SinglePass",10,11,1,0,0,0,0,0,1,0,1,NA,4,4,0,"N","N",96
"DOLPHD-4598","M",15,"Local","SinglePass",10,11,1,0,0,0,1,1,1,0,2,NA,2,1,0,"N","N",146
"DOLPHD-4602","M",15,"Local","SinglePass",10,11,1,0,0,0,0,0,0,0,1,NA,0,3,0,"N","N",71
"DOLPHD-4603","M",18,"Local","MultiPass",10,11,1,1,1,0,0,1,0,0,2,NA,4,1,0,"N","N",121
"DOLPHD-4604","M",16,"Local","MultiPass",10,11,1,0,1,1,0,0,0,0,2,NA,3,1,0,"N","N",121
"DOLPHD-4605","M",16,"Local","SinglePass",10,11,1,0,0,0,0,1,1,0,3,NA,4,2,0,"Y","Y",121
"DOLPHD-4606","M",17,"Local","SinglePass",10,11,0,0,0,0,0,0,1,0,1,NA,2,3,0,"N","N",71
"DOLPHD-4607","M",13,"Local","MultiPass",10,11,0,0,1,1,0,1,1,0,2,NA,2,1,0,"Y","Y",121
"DOLPHD-4609","M",13,"Local","SinglePass",10,11,1,1,0,0,1,0,1,0,1,NA,4,3,0,"N","Y",121
"DOLPHD-4610","M",17,"Local","MultiPass",10,11,0,1,0,1,0,1,0,0,3,"FantasyCarousel",2,1,0,"Y","Y",121
"DOLPHD-4611","M",18,"Local","MultiPass",10,11,1,0,1,0,1,1,1,0,1,NA,4,3,0,"N","N",121
"DOLPHD-4613","M",14,"Local","SinglePass",10,11,0,0,0,0,0,1,0,0,3,NA,4,2,0,"N","Y",71
"DOLPHD-4614","M",18,"Local","MultiPass",10,11,0,0,0,1,1,1,1,0,1,NA,4,3,0,"N","Y",121
"DOLPHD-4615","M",15,"Local","SinglePass",10,11,0,0,0,0,0,0,1,0,2,NA,4,2,0,"N","N",71
"DOLPHD-4619","M",19,"Local","SinglePass",10,11,0,0,0,0,0,1,1,0,2,NA,4,1,0,"Y","Y",71
"DOLPHD-4621","M",16,"Local","MultiPass",10,11,1,1,0,1,0,0,1,0,1,"FantasyCarousel",2,4,0,"N","Y",121
"DOLPHD-4622","M",18,"Local","SinglePass",10,11,0,1,0,0,0,1,0,0,3,"FantasyCarousel",0,2,0,"N","N",96
"DOLPHD-4626","M",13,"Local","SinglePass",10,11,1,1,0,0,1,0,1,0,1,NA,4,4,0,"N","Y",146
"DOLPHD-4628","M",15,"Local","MultiPass",10,11,1,0,0,1,0,1,0,0,3,NA,0,1,0,"Y","Y",121
"DOLPHD-4630","M",17,"Local","SinglePass",10,11,1,0,0,0,0,1,1,0,3,NA,4,1,0,"N","N",121
"DOLPHD-4632","M",13,"Local","MultiPass",10,11,0,0,1,0,0,1,0,0,2,NA,4,2,0,"N","N",121
"DOLPHD-4633","M",13,"Local","SinglePass",10,11,1,0,0,0,0,1,0,0,1,NA,3,4,0,"N","N",71
"DOLPHD-4637","M",15,"Local","SinglePass",10,11,1,0,0,0,0,1,0,0,1,NA,0,4,0,"N","N",71
"DOLPHD-4639","M",13,"Local","MultiPass",10,11,0,0,1,1,1,1,0,0,1,NA,2,3,0,"N","N",121
"DOLPHD-4641","M",14,"Local","SinglePass",10,11,1,0,0,0,0,1,0,0,3,NA,0,2,0,"N","N",96
"DOLPHD-4642","M",13,"Local","MultiPass",10,11,1,0,0,0,0,0,0,0,1,NA,2,4,0,"Y","Y",121
"DOLPHD-4643","M",13,"Local","SinglePass",10,11,0,0,0,0,0,1,1,0,2,NA,3,1,0,"N","Y",96
"DOLPHD-4644","M",13,"Local","SinglePass",10,11,0,1,0,0,0,0,1,0,2,"FantasyCarousel",0,1,0,"N","N",71
"DOLPHD-4649","M",13,"Local","MultiPass",10,11,0,1,0,0,0,1,0,0,3,NA,2,2,0,"Y","Y",121
"DOLPHD-4650","M",19,"Local","SinglePass",10,11,1,0,1,0,0,1,0,0,2,NA,2,2,0,"N","N",121
"DOLPHD-4651","M",19,"Local","SinglePass",10,11,1,0,0,0,0,1,1,0,2,NA,3,1,0,"N","N",121
"DOLPHD-4652","M",14,"Local","MultiPass",10,11,0,0,0,1,0,1,0,0,1,NA,0,4,0,"N","N",121
"DOLPHD-4657","M",17,"Local","SinglePass",10,11,1,0,1,0,0,0,1,0,1,NA,4,3,0,"N","N",96
"DOLPHD-4658","M",16,"Local","SinglePass",10,11,0,1,0,0,1,1,1,0,1,NA,3,4,0,"N","N",146
"DOLPHD-4665","M",13,"Local","SinglePass",10,11,1,1,1,0,1,0,0,0,2,NA,2,1,0,"N","Y",121
"DOLPHD-4666","M",17,"Local","MultiPass",10,11,1,0,1,0,0,1,0,0,3,NA,0,2,0,"N","N",121
"DOLPHD-4667","M",15,"Local","MultiPass",10,11,0,0,1,0,0,1,0,0,2,NA,4,1,0,"N","Y",121
"DOLPHD-4668","M",14,"Local","SinglePass",10,11,1,0,1,0,0,1,1,0,1,NA,4,4,0,"N","N",146
"DOLPHD-4669","M",18,"Local","SinglePass",10,11,0,0,1,0,0,1,0,0,1,NA,2,4,0,"N","N",71
"DOLPHD-4671","M",14,"Local","SinglePass",10,11,0,0,1,0,0,1,1,0,2,NA,2,1,0,"N","N",121
"DOLPHD-4676","M",13,"Local","SinglePass",10,11,1,0,0,0,0,1,0,0,1,NA,4,3,0,"N","N",71
"DOLPHD-4677","M",17,"Local","MultiPass",10,11,0,0,1,0,1,1,0,0,2,NA,4,2,0,"N","N",121
"DOLPHD-4678","M",14,"Local","SinglePass",10,11,0,0,1,0,0,1,0,0,1,NA,0,3,0,"N","Y",96
"DOLPHD-4679","M",15,"Local","SinglePass",10,11,1,0,1,0,0,1,0,0,3,NA,2,1,0,"Y","Y",121
"DOLPHD-4683","M",18,"Local","SinglePass",10,11,0,0,0,0,0,1,1,0,1,NA,0,4,0,"N","N",96
"DOLPHD-4684","M",15,"Local","MultiPass",10,11,1,0,0,0,0,0,0,0,2,NA,3,1,0,"N","N",121
"DOLPHD-4686","M",18,"Local","SinglePass",10,11,0,0,0,0,0,1,0,0,2,NA,0,1,0,"N","Y",46
"DOLPHD-4687","M",18,"Local","MultiPass",10,11,0,0,0,1,0,0,0,0,2,NA,4,2,0,"N","N",121
"DOLPHD-4689","M",16,"Local","SinglePass",10,11,1,0,0,0,0,1,0,0,2,NA,2,2,0,"N","N",96
"DOLPHD-4690","M",16,"Local","SinglePass",10,11,1,0,0,0,0,1,1,0,3,NA,4,2,0,"N","N",121
"DOLPHD-4692","M",13,"Local","SinglePass",10,11,1,0,0,0,0,1,0,0,1,NA,2,3,0,"N","Y",96
"DOLPHD-4695","M",18,"Local","MultiPass",10,11,0,0,0,0,0,0,0,0,2,NA,3,2,0,"N","N",121
"DOLPHD-4696","M",15,"Local","SinglePass",10,11,1,0,0,0,0,1,0,0,3,NA,4,2,0,"N","N",71
"DOLPHD-4698","M",19,"Local","MultiPass",10,11,1,0,1,0,1,1,1,0,3,NA,4,2,0,"N","N",121
"DOLPHD-4700","M",15,"Local","SinglePass",10,11,1,0,1,0,0,1,1,0,3,NA,4,2,0,"N","N",146
"DOLPHD-4702","M",18,"Local","MultiPass",10,11,0,0,0,1,0,1,0,0,3,NA,0,2,0,"N","N",121
"DOLPHD-4704","M",13,"Local","SinglePass",10,11,1,1,1,0,1,0,0,0,1,NA,3,4,0,"N","Y",121
"DOLPHD-4706","M",13,"Local","SinglePass",10,11,1,0,0,0,0,1,0,0,3,NA,4,2,0,"N","N",71
"DOLPHD-4709","M",19,"Local","MultiPass",10,11,0,1,1,0,0,0,0,0,2,NA,0,1,0,"N","Y",121
"DOLPHD-4714","M",16,"Local","SinglePass",10,11,1,0,0,0,0,0,0,0,2,NA,0,2,0,"N","Y",71
"DOLPHD-4718","M",18,"Local","SinglePass",10,11,1,0,0,0,0,0,0,0,2,NA,0,2,0,"N","N",46
"DOLPHD-4720","M",14,"Local","SinglePass",10,11,0,0,1,0,0,0,0,0,2,NA,4,2,0,"N","N",71
"DOLPHD-4723","M",14,"Local","MultiPass",10,11,1,0,0,1,0,1,0,0,2,NA,0,1,0,"N","N",121
"DOLPHD-4724","M",17,"Local","SinglePass",10,11,0,0,0,0,0,1,0,0,2,NA,0,1,0,"N","N",46
"DOLPHD-4727","M",15,"Local","SinglePass",10,11,1,0,0,0,0,1,1,0,2,NA,0,2,0,"N","N",96
"DOLPHD-4733","M",19,"Local","MultiPass",10,11,1,0,1,1,0,1,1,0,2,NA,2,2,0,"Y","Y",121
"DOLPHD-4734","M",14,"Local","SinglePass",10,11,1,0,0,0,1,0,0,0,2,NA,2,2,0,"N","N",96
"DOLPHD-4736","M",14,"Local","MultiPass",10,11,0,1,0,1,0,0,1,0,1,NA,0,3,0,"N","N",121
"DOLPHD-4739","M",25,"Local","SinglePass",5,16,0,0,0,0,1,1,0,0,1,NA,2,3,0,"Y","Y",96
"DOLPHD-4742","M",21,"Local","SinglePass",5,16,1,0,0,0,0,0,0,0,3,NA,0,1,0,"Y","Y",46
"DOLPHD-4743","M",21,"Local","MultiPass",5,16,0,1,0,1,0,1,0,0,2,NA,4,2,0,"N","N",121
"DOLPHD-4745","M",23,"Local","SinglePass",5,16,0,0,1,0,1,0,1,0,2,NA,2,2,0,"N","N",121
"DOLPHD-4747","M",22,"Local","MultiPass",5,16,1,0,0,1,1,1,0,0,2,NA,4,2,0,"N","N",121
"DOLPHD-4748","M",20,"Local","SinglePass",5,16,0,1,0,0,0,1,0,0,1,NA,2,3,0,"N","Y",71
"DOLPHD-4750","M",22,"Local","MultiPass",5,16,0,0,0,0,0,1,0,0,3,NA,0,2,0,"N","Y",121
"DOLPHD-4751","M",21,"Local","MultiPass",5,16,0,0,1,1,0,1,0,0,1,NA,4,3,0,"N","N",121
"DOLPHD-4758","M",21,"Local","MultiPass",5,16,1,0,0,0,0,0,0,0,1,NA,4,4,0,"N","N",121
"DOLPHD-4761","M",22,"Local","MultiPass",5,16,1,0,1,0,0,0,0,0,3,NA,0,1,0,"N","Y",121
"DOLPHD-4774","M",20,"Local","SinglePass",5,16,1,0,1,0,0,1,0,0,2,NA,3,1,0,"N","N",121
"DOLPHD-4777","M",22,"Local","SinglePass",5,16,1,0,1,0,1,1,1,0,3,NA,3,2,0,"N","N",171
"DOLPHD-4780","M",22,"Local","SinglePass",5,16,0,0,0,0,0,1,1,0,1,NA,0,4,0,"N","N",96
"DOLPHD-4783","M",20,"Local","SinglePass",5,16,1,0,1,0,0,1,0,0,1,NA,3,3,0,"N","N",121
"DOLPHD-4785","M",21,"Local","MultiPass",5,16,1,0,0,1,0,1,0,0,2,NA,4,2,0,"N","N",121
"DOLPHD-4787","M",24,"Local","SinglePass",5,16,0,0,1,0,0,1,0,0,1,NA,3,3,0,"Y","Y",96
"DOLPHD-4788","M",23,"Local","SinglePass",5,16,1,0,0,0,0,1,0,0,1,NA,0,4,0,"N","N",96
"DOLPHD-4791","M",24,"Local","SinglePass",5,16,1,0,1,0,0,0,0,0,1,NA,4,3,0,"N","N",96
"DOLPHD-4794","M",23,"Local","SinglePass",5,16,0,0,0,0,0,0,1,0,1,NA,3,3,0,"N","N",71
"DOLPHD-4795","M",21,"Local","SinglePass",5,16,1,0,0,0,1,1,0,0,3,NA,3,2,0,"N","N",121
"DOLPHD-4796","M",22,"Local","MultiPass",5,16,0,0,0,1,0,1,0,0,3,NA,4,1,0,"N","N",121
"DOLPHD-4802","M",24,"Local","SinglePass",5,16,1,1,0,0,0,0,1,0,3,NA,4,2,0,"N","Y",96
"DOLPHD-4805","M",25,"Local","SinglePass",5,16,1,1,0,0,0,0,0,0,1,NA,0,3,0,"N","N",96
"DOLPHD-4808","M",25,"Local","SinglePass",5,16,0,0,0,0,0,0,1,0,1,NA,0,3,0,"N","N",71
"DOLPHD-4812","M",23,"Local","SinglePass",5,16,1,1,1,0,0,0,0,0,3,NA,3,1,0,"N","N",121
"DOLPHD-4813","M",20,"Local","MultiPass",5,16,1,0,1,0,0,1,1,0,1,NA,3,3,0,"N","N",121
"DOLPHD-4817","M",22,"Local","MultiPass",5,16,0,1,0,0,0,1,0,0,2,NA,0,1,0,"N","N",121
"DOLPHD-4820","M",21,"Local","MultiPass",5,16,1,1,0,0,0,1,1,0,1,NA,2,4,0,"N","Y",121
"DOLPHD-4821","M",24,"Local","MultiPass",5,16,1,0,1,0,1,0,1,0,1,NA,3,3,0,"N","N",121
"DOLPHD-4824","M",20,"Local","MultiPass",5,16,1,0,1,0,1,1,0,0,2,NA,2,2,0,"N","N",121
"DOLPHD-4828","M",24,"Local","MultiPass",5,16,1,0,1,1,0,0,1,0,1,NA,2,3,0,"N","N",121
"DOLPHD-4830","M",20,"Local","SinglePass",5,16,1,0,0,0,0,0,0,0,1,NA,4,4,0,"N","Y",46
"DOLPHD-4835","M",22,"Local","MultiPass",5,16,1,0,1,1,0,1,1,0,2,NA,4,1,0,"N","N",121
"DOLPHD-4840","M",21,"Local","SinglePass",5,16,1,0,0,0,0,0,0,0,2,NA,0,1,0,"N","N",71
"DOLPHD-4843","M",24,"Local","SinglePass",5,16,1,0,0,0,1,1,1,0,2,NA,4,1,0,"N","N",146
"DOLPHD-4844","M",21,"Local","SinglePass",5,16,1,0,1,0,1,1,0,0,3,NA,3,1,0,"N","N",146
"DOLPHD-4847","M",21,"Local","SinglePass",5,16,0,0,0,0,0,1,0,0,3,NA,2,2,0,"Y","Y",46
"DOLPHD-4848","M",22,"Local","MultiPass",5,16,0,0,1,1,0,1,0,0,1,NA,4,4,0,"N","N",121
"DOLPHD-4849","M",25,"Local","MultiPass",5,16,1,0,0,0,0,0,1,0,1,NA,0,3,0,"N","Y",121
"DOLPHD-4850","M",24,"Local","SinglePass",5,16,1,1,1,0,0,0,0,0,1,NA,4,4,0,"N","Y",121
"DOLPHD-4851","M",21,"Local","SinglePass",5,16,0,0,1,0,0,0,0,0,1,NA,3,4,0,"N","N",46
"DOLPHD-4853","M",20,"Local","SinglePass",5,16,1,0,1,0,0,0,0,0,2,NA,0,1,0,"N","N",71
"DOLPHD-4854","M",23,"Local","SinglePass",5,16,1,0,0,0,0,1,0,0,1,NA,3,4,0,"N","Y",96
"DOLPHD-4858","M",24,"Local","SinglePass",5,16,0,0,1,0,0,1,0,0,3,NA,0,2,0,"N","N",71
"DOLPHD-4859","M",24,"Local","MultiPass",5,16,1,0,0,0,0,1,1,0,2,NA,0,1,0,"N","N",121
"DOLPHD-4860","M",22,"Local","SinglePass",5,16,1,1,0,0,0,1,0,0,3,NA,0,2,0,"N","N",96
"DOLPHD-4861","M",21,"Local","SinglePass",5,16,0,1,0,0,0,0,0,0,1,NA,0,4,0,"N","N",71
"DOLPHD-4862","M",24,"Local","MultiPass",5,16,0,0,0,1,1,0,1,0,1,NA,0,3,0,"N","N",121
"DOLPHD-4863","M",21,"Local","MultiPass",5,16,1,1,1,1,0,1,1,0,1,NA,2,4,0,"N","N",121
"DOLPHD-4865","M",22,"Local","SinglePass",5,16,0,0,0,0,1,1,0,0,2,NA,3,1,0,"N","N",96
"DOLPHD-4866","M",24,"Local","MultiPass",5,16,1,1,0,1,1,0,1,0,3,NA,4,1,0,"Y","Y",121
"DOLPHD-4871","M",24,"Local","SinglePass",5,16,0,0,0,0,0,0,1,0,3,NA,0,2,0,"N","N",46
"DOLPHD-4873","M",22,"Local","MultiPass",5,16,1,0,0,1,0,1,0,0,2,NA,0,1,0,"N","N",121
"DOLPHD-4874","M",20,"Local","SinglePass",5,16,1,0,1,0,0,0,0,0,2,NA,2,1,0,"Y","Y",71
"DOLPHD-4875","M",24,"Local","SinglePass",5,16,1,1,0,0,0,1,1,0,2,NA,2,1,0,"N","Y",121
"DOLPHD-4879","M",24,"Local","SinglePass",5,16,1,0,0,0,1,1,0,0,1,NA,2,3,0,"N","N",121
"DOLPHD-4881","M",24,"Local","SinglePass",5,16,1,0,0,0,0,0,0,0,1,NA,2,3,0,"N","N",71
"DOLPHD-4882","M",21,"Local","SinglePass",5,16,0,0,0,0,1,1,1,0,3,NA,3,1,0,"N","N",96
"DOLPHD-4883","M",25,"Local","MultiPass",5,16,1,1,0,1,0,0,0,0,1,NA,2,3,0,"N","N",121
"DOLPHD-4884","M",24,"Local","MultiPass",5,16,1,0,1,1,0,1,0,0,1,NA,3,3,0,"N","N",121
"DOLPHD-4886","M",25,"Local","SinglePass",5,16,1,0,1,0,0,0,1,0,2,NA,0,2,0,"N","N",96
"DOLPHD-4887","M",25,"Local","MultiPass",5,16,1,0,1,1,0,0,0,0,1,NA,0,3,0,"N","Y",121
"DOLPHD-4890","M",25,"Local","MultiPass",5,16,0,1,0,1,0,1,1,0,1,NA,3,4,0,"N","Y",121
"DOLPHD-4891","M",20,"Local","MultiPass",5,16,1,0,0,0,0,0,0,0,3,NA,0,2,0,"N","N",121
"DOLPHD-4893","M",23,"Local","SinglePass",5,16,1,1,0,0,0,1,1,0,1,NA,4,3,0,"N","Y",146
"DOLPHD-4894","M",23,"Local","MultiPass",5,16,1,0,0,0,0,0,0,0,1,NA,3,4,0,"N","N",121
"DOLPHD-4895","M",24,"Local","SinglePass",5,16,0,0,0,0,1,0,1,0,1,NA,2,3,0,"N","N",96
"DOLPHD-4896","M",22,"Local","SinglePass",5,16,0,0,1,0,0,0,0,0,3,NA,0,1,0,"Y","Y",71
"DOLPHD-4897","M",20,"Local","MultiPass",5,16,1,0,0,0,0,1,1,0,2,NA,0,2,0,"N","Y",121
"DOLPHD-4901","M",20,"Local","MultiPass",5,16,0,0,0,0,0,0,1,0,1,NA,4,3,0,"N","Y",121
"DOLPHD-4902","M",20,"Local","SinglePass",5,16,0,0,0,0,0,0,0,0,1,NA,2,3,0,"N","N",46
"DOLPHD-4904","M",24,"Local","MultiPass",5,16,1,0,1,1,0,1,1,0,1,NA,3,4,0,"N","N",121
"DOLPHD-4906","M",21,"Local","SinglePass",5,16,1,0,1,0,1,0,1,0,3,NA,2,1,0,"Y","Y",146
"DOLPHD-4907","M",25,"Local","SinglePass",5,16,0,0,0,0,0,1,0,0,2,NA,0,1,0,"N","Y",71
"DOLPHD-4908","M",21,"Local","MultiPass",5,16,0,0,0,0,1,0,0,0,2,NA,2,2,0,"N","N",121
"DOLPHD-4911","M",21,"Local","MultiPass",5,16,0,1,0,1,0,1,1,0,1,NA,2,3,0,"N","Y",121
"DOLPHD-4912","M",20,"Local","MultiPass",5,16,0,0,0,1,0,1,1,0,1,NA,0,3,0,"N","Y",121
"DOLPHD-4916","M",20,"Local","SinglePass",5,16,0,1,0,0,1,0,0,0,2,NA,0,1,0,"N","N",96
"DOLPHD-4917","M",24,"Local","SinglePass",5,16,0,0,0,0,0,1,0,0,1,NA,3,3,0,"N","N",46
"DOLPHD-4918","M",21,"Local","MultiPass",5,16,1,0,0,0,0,1,0,0,1,NA,0,3,0,"N","N",121
"DOLPHD-4919","M",21,"Local","MultiPass",5,16,1,0,1,0,0,0,1,0,2,NA,0,2,0,"N","N",121
"DOLPHD-4922","M",23,"Local","MultiPass",5,16,1,0,0,1,0,1,0,0,2,NA,4,1,0,"N","N",121
"DOLPHD-4925","M",21,"Local","MultiPass",5,16,0,1,0,1,1,1,0,0,1,NA,4,3,0,"N","N",121
"DOLPHD-4926","M",20,"Local","MultiPass",5,16,1,0,0,1,0,0,1,0,2,NA,0,2,0,"Y","Y",121
"DOLPHD-4928","M",23,"Local","SinglePass",5,16,0,1,1,0,0,0,0,0,1,NA,4,3,0,"N","N",71
"DOLPHD-4940","M",24,"Local","MultiPass",5,16,1,1,0,1,0,0,0,0,3,NA,3,2,0,"N","N",121
"DOLPHD-4942","M",21,"Local","SinglePass",5,16,1,0,0,0,0,0,0,0,2,NA,3,1,0,"N","N",71
"DOLPHD-4943","M",22,"Local","MultiPass",5,16,1,0,0,1,0,1,1,0,1,NA,2,4,0,"N","N",121
"DOLPHD-4944","M",21,"Local","SinglePass",5,16,0,1,0,0,0,0,0,0,1,NA,0,4,0,"N","Y",71
"DOLPHD-4945","M",21,"Local","SinglePass",5,16,0,0,0,0,1,0,1,0,2,NA,4,2,0,"N","Y",96
"DOLPHD-4948","M",23,"Local","SinglePass",5,16,1,0,0,0,0,0,0,0,3,NA,0,2,0,"N","Y",46
"DOLPHD-4949","M",23,"Local","SinglePass",5,16,0,1,1,0,0,0,0,0,1,NA,4,3,0,"N","Y",96
"DOLPHD-4950","M",25,"Local","MultiPass",5,16,0,0,0,1,1,0,0,0,1,NA,3,4,0,"N","N",121
"DOLPHD-4951","M",20,"Local","SinglePass",5,16,1,0,0,0,0,1,1,0,1,NA,0,3,0,"N","N",96
"DOLPHD-4952","M",23,"Local","SinglePass",5,16,0,0,0,0,0,0,0,0,1,NA,2,4,0,"N","N",21
"DOLPHD-4954","M",21,"Local","MultiPass",5,16,1,0,1,0,0,0,0,0,3,NA,0,1,0,"N","Y",121
"DOLPHD-4955","M",22,"Local","SinglePass",5,16,0,0,1,0,0,0,1,0,2,NA,0,1,0,"N","N",71
"DOLPHD-4957","M",21,"Local","MultiPass",5,16,1,1,0,1,0,1,0,0,2,NA,3,1,0,"N","Y",121
"DOLPHD-4959","M",20,"Local","SinglePass",5,16,1,0,1,0,0,1,0,0,1,NA,4,4,0,"N","N",121
"DOLPHD-4964","M",25,"Local","MultiPass",5,16,1,0,0,1,1,0,0,0,1,NA,2,3,0,"N","N",121
"DOLPHD-4965","M",23,"Local","SinglePass",5,16,1,0,1,0,0,1,0,0,1,NA,2,4,0,"N","N",121
"DOLPHD-4970","M",25,"Local","SinglePass",5,16,0,1,0,0,1,1,0,0,3,NA,2,1,0,"N","N",121
"DOLPHD-4971","M",25,"Local","MultiPass",5,16,1,0,0,0,0,0,1,0,2,NA,0,1,0,"N","N",121
"DOLPHD-4975","M",25,"Local","MultiPass",5,16,0,0,0,1,0,1,1,0,1,NA,4,3,0,"N","Y",121
"DOLPHD-4977","M",24,"Local","SinglePass",5,16,0,1,0,0,0,1,0,0,1,NA,4,3,0,"N","N",96
"DOLPHD-4979","M",22,"Local","SinglePass",5,16,1,0,1,0,0,1,0,0,1,NA,3,4,0,"N","N",96
"DOLPHD-4983","M",20,"Local","SinglePass",5,16,0,0,1,0,0,0,0,0,2,NA,0,2,0,"N","Y",46
"DOLPHD-4984","M",22,"Local","SinglePass",5,16,1,0,0,0,0,0,0,0,1,NA,3,3,0,"N","N",46
"DOLPHD-4988","M",22,"Local","MultiPass",5,16,1,0,0,0,0,0,1,0,2,NA,3,1,0,"N","N",121
"DOLPHD-4989","M",21,"Local","MultiPass",5,16,1,1,0,0,0,0,0,0,1,NA,3,4,0,"N","N",121
"DOLPHD-4990","M",25,"Local","SinglePass",5,16,0,0,0,0,0,1,0,0,2,NA,3,1,0,"N","N",46
"DOLPHD-4994","M",25,"Local","SinglePass",5,16,1,1,0,0,0,1,1,0,3,NA,4,1,0,"N","N",146
"DOLPHD-4995","M",23,"Local","MultiPass",5,16,1,1,1,1,0,1,0,0,1,NA,2,4,0,"Y","Y",121
"DOLPHD-5002","M",22,"Local","MultiPass",5,16,0,0,0,0,0,0,0,0,2,NA,3,1,0,"N","Y",121
"DOLPHD-5003","M",20,"Local","MultiPass",5,16,0,0,0,1,0,0,1,0,1,NA,3,3,0,"N","N",121
"DOLPHD-5004","M",20,"Local","SinglePass",5,16,1,0,0,0,0,0,0,0,3,NA,3,2,0,"Y","Y",71
"DOLPHD-5007","M",24,"Local","SinglePass",5,16,1,0,1,0,0,0,0,0,2,NA,0,2,0,"N","N",96
"DOLPHD-5009","M",20,"Local","MultiPass",5,16,1,1,0,1,1,0,0,0,2,NA,2,2,0,"Y","Y",121
"DOLPHD-5015","M",20,"Local","SinglePass",5,16,0,0,1,0,0,1,0,0,1,NA,2,4,0,"N","N",96
"DOLPHD-5020","M",23,"Local","MultiPass",5,16,0,1,0,1,0,1,0,0,1,NA,3,4,0,"N","N",121
"DOLPHD-5021","M",25,"Local","SinglePass",5,16,0,0,0,0,0,1,0,0,3,NA,2,2,0,"Y","Y",71
"DOLPHD-5022","M",24,"Local","SinglePass",5,16,0,0,1,0,0,1,1,0,2,NA,3,1,0,"N","N",121
"DOLPHD-5023","M",23,"Local","MultiPass",5,16,1,1,0,1,1,0,1,0,1,NA,4,4,0,"N","N",121
"DOLPHD-5026","M",24,"Local","SinglePass",5,16,1,0,0,0,1,1,0,0,1,NA,4,3,0,"N","Y",121
"DOLPHD-5029","M",23,"Local","SinglePass",5,16,0,0,1,0,0,1,0,0,3,NA,0,1,0,"N","N",96
"DOLPHD-5030","M",23,"Local","MultiPass",5,16,1,0,0,0,0,1,1,0,1,NA,4,4,0,"N","Y",121
"DOLPHD-5034","M",20,"Local","MultiPass",5,16,1,0,1,0,1,1,1,0,2,NA,2,1,0,"Y","N",121
"DOLPHD-5035","M",23,"Local","SinglePass",5,16,0,0,0,0,0,1,0,0,1,NA,2,4,0,"Y","N",71
"DOLPHD-5036","M",23,"Local","SinglePass",5,16,0,0,0,0,1,0,1,0,2,NA,4,2,0,"N","N",71
"DOLPHD-5037","M",23,"Local","MultiPass",5,16,1,1,1,0,0,1,0,0,2,NA,2,1,0,"N","Y",121
"DOLPHD-5040","M",20,"Local","SinglePass",5,16,0,0,1,0,0,1,0,0,1,NA,3,4,0,"N","N",96
"DOLPHD-5041","M",23,"Local","MultiPass",5,16,1,0,0,1,0,0,0,0,1,NA,4,4,0,"N","N",121
"DOLPHD-5044","M",23,"Local","MultiPass",5,16,1,0,0,1,0,0,0,0,1,NA,3,3,0,"N","N",121
"DOLPHD-5047","M",24,"Local","SinglePass",5,16,1,0,0,0,0,0,1,0,3,NA,0,2,0,"N","N",71
"DOLPHD-5048","M",25,"Local","MultiPass",5,16,1,0,0,1,0,0,0,0,2,NA,0,1,0,"N","N",121
"DOLPHD-5049","M",22,"Local","SinglePass",5,16,0,0,0,0,0,1,1,0,1,NA,4,3,0,"N","N",71
"DOLPHD-5053","M",21,"Local","SinglePass",5,16,0,0,1,0,1,0,0,0,2,NA,0,1,0,"N","N",71
"DOLPHD-5054","M",21,"Local","SinglePass",5,16,1,1,0,0,0,1,1,0,1,NA,4,4,0,"N","N",121
"DOLPHD-5056","M",21,"Local","SinglePass",5,16,0,0,0,0,1,0,0,0,1,NA,0,3,0,"Y","Y",46
"DOLPHD-5058","M",24,"Local","MultiPass",5,16,1,0,1,1,0,0,0,0,3,NA,3,2,0,"N","Y",121
"DOLPHD-5060","M",20,"Local","SinglePass",5,16,1,0,1,0,0,0,0,0,1,NA,0,4,0,"N","N",71
"DOLPHD-5063","M",21,"Local","SinglePass",5,16,1,1,0,0,0,1,0,0,2,NA,4,1,0,"N","N",121
"DOLPHD-5064","M",20,"Local","SinglePass",5,16,1,0,0,0,0,0,0,0,3,NA,0,2,0,"Y","Y",46
"DOLPHD-5071","M",25,"Local","SinglePass",5,16,1,0,1,0,0,0,0,0,1,NA,4,4,0,"N","N",71
"DOLPHD-5074","M",25,"Local","SinglePass",5,16,1,0,0,0,1,0,0,0,2,NA,0,2,0,"N","N",96
"DOLPHD-5075","M",23,"Local","SinglePass",5,16,1,0,0,0,0,1,0,0,1,NA,3,4,0,"N","N",96
"DOLPHD-5077","M",22,"Local","SinglePass",5,16,0,1,0,0,1,1,0,0,2,NA,3,1,0,"N","N",96
"DOLPHD-5081","M",21,"Local","SinglePass",5,16,0,0,0,0,0,1,0,0,1,NA,0,4,0,"N","Y",46
"DOLPHD-5084","M",22,"Local","SinglePass",5,16,1,0,0,0,0,1,1,0,2,NA,0,2,0,"N","N",96
"DOLPHD-5085","M",24,"Local","SinglePass",5,16,1,0,0,0,1,1,0,0,1,NA,3,3,0,"N","N",96
"DOLPHD-5086","M",20,"Local","MultiPass",5,16,1,0,1,1,1,0,0,0,1,NA,2,3,0,"N","N",121
"DOLPHD-5088","M",23,"Local","SinglePass",5,16,1,0,1,0,0,0,1,0,1,NA,2,3,0,"N","N",121
"DOLPHD-5089","M",20,"Local","SinglePass",5,16,1,0,0,0,1,1,1,0,3,NA,3,2,0,"N","N",121
"DOLPHD-5093","M",24,"Local","MultiPass",5,16,1,0,0,0,1,1,1,0,3,NA,3,1,0,"N","Y",121
"DOLPHD-5096","M",24,"Local","SinglePass",5,16,0,0,0,0,1,0,0,0,3,NA,0,2,0,"N","Y",71
"DOLPHD-5101","M",24,"Local","MultiPass",5,16,0,1,0,1,0,0,1,0,2,NA,0,2,0,"N","N",121
"DOLPHD-5104","M",21,"Local","MultiPass",5,16,0,0,0,0,1,1,0,0,3,NA,2,2,0,"Y","Y",121
"DOLPHD-5105","M",20,"Local","SinglePass",5,16,1,0,0,0,0,1,0,0,3,NA,4,1,0,"N","Y",71
"DOLPHD-5107","M",21,"Local","MultiPass",5,16,0,0,1,1,0,1,0,0,2,NA,4,2,0,"N","N",121
"DOLPHD-5109","M",25,"Local","SinglePass",5,16,0,0,0,0,1,0,0,0,2,NA,4,1,0,"N","N",46
"DOLPHD-5110","M",25,"Local","SinglePass",5,16,1,0,1,0,1,1,1,0,3,NA,2,1,0,"N","N",171
"DOLPHD-5111","M",23,"Local","MultiPass",5,16,1,0,0,0,0,1,1,0,3,NA,4,1,0,"N","N",121
"DOLPHD-5112","M",20,"Local","SinglePass",5,16,0,1,1,0,0,1,0,0,2,NA,4,2,0,"N","Y",121
"DOLPHD-5114","M",25,"Local","MultiPass",5,16,1,0,0,1,0,0,1,0,1,NA,2,3,0,"N","Y",121
"DOLPHD-5115","M",25,"Local","MultiPass",5,16,1,0,0,1,1,1,0,0,2,NA,2,1,0,"N","N",121
"DOLPHD-5116","M",25,"Local","SinglePass",5,16,0,0,0,0,0,1,0,0,3,NA,0,2,0,"N","N",71
"DOLPHD-5117","M",21,"Local","SinglePass",5,16,0,0,0,0,1,0,0,0,3,NA,2,2,0,"N","N",71
"DOLPHD-5118","M",20,"Local","MultiPass",5,16,0,0,1,0,0,1,0,0,3,NA,2,1,0,"N","N",121
"DOLPHD-5121","M",25,"Local","MultiPass",5,16,0,1,0,0,0,1,1,0,1,NA,0,3,0,"N","N",121
"DOLPHD-5123","M",23,"Local","SinglePass",5,16,1,0,1,0,0,0,1,0,1,NA,0,3,0,"N","N",96
"DOLPHD-5125","M",22,"Local","MultiPass",5,16,1,0,1,1,0,0,0,0,1,NA,2,4,0,"N","N",121
"DOLPHD-5126","M",20,"Local","SinglePass",5,16,0,0,0,0,0,0,0,0,3,NA,3,2,0,"N","N",21
"DOLPHD-5127","M",25,"Local","SinglePass",5,16,0,0,1,0,0,0,1,0,1,NA,4,3,0,"N","N",71
"DOLPHD-5129","M",23,"Local","MultiPass",5,16,0,0,0,1,0,0,0,0,1,NA,0,4,0,"N","N",121
"DOLPHD-5130","M",22,"Local","SinglePass",5,16,0,0,0,0,0,1,0,0,2,NA,0,1,0,"N","N",46
"DOLPHD-5131","M",22,"Local","SinglePass",5,16,1,0,0,0,1,1,1,0,2,NA,2,2,0,"N","N",121
"DOLPHD-5135","M",22,"Local","MultiPass",5,16,0,1,0,0,0,1,1,0,2,NA,0,1,0,"N","N",121
"DOLPHD-5136","M",21,"Local","MultiPass",5,16,1,0,0,1,0,0,1,0,2,NA,0,1,0,"N","N",121
"DOLPHD-5138","M",23,"Local","SinglePass",5,16,0,0,0,0,1,0,0,0,2,NA,0,1,0,"N","N",46
"DOLPHD-5140","M",23,"Local","SinglePass",5,16,0,0,0,0,1,1,0,0,3,NA,2,1,0,"N","N",96
"DOLPHD-5143","M",23,"Local","MultiPass",5,16,1,0,0,1,0,1,0,0,3,NA,2,2,0,"N","Y",121
"DOLPHD-5144","M",23,"Local","SinglePass",5,16,1,0,0,0,0,1,1,0,1,NA,2,4,0,"N","N",121
"DOLPHD-5147","M",25,"Local","SinglePass",5,16,1,0,1,0,0,1,1,0,1,NA,2,3,0,"Y","Y",146
"DOLPHD-5149","M",21,"Local","MultiPass",5,16,1,0,0,1,0,0,0,0,1,NA,2,3,0,"N","N",121
"DOLPHD-5150","M",20,"Local","MultiPass",5,16,0,0,0,1,0,0,0,0,2,NA,0,2,0,"N","N",121
"DOLPHD-5151","M",22,"Local","SinglePass",5,16,1,0,0,0,0,0,0,0,1,NA,3,3,0,"N","N",46
"DOLPHD-5152","M",21,"Local","SinglePass",5,16,1,0,0,0,0,0,0,0,1,NA,4,3,0,"N","N",71
"DOLPHD-5153","M",24,"Local","MultiPass",5,16,1,0,0,1,0,1,0,0,1,NA,0,3,0,"N","N",121
"DOLPHD-5154","M",24,"Local","SinglePass",5,16,0,1,0,0,1,1,0,0,3,NA,0,2,0,"N","N",96
"DOLPHD-5155","M",22,"Local","SinglePass",5,16,1,0,1,0,1,1,0,0,1,NA,2,4,0,"N","N",121
"DOLPHD-5156","M",20,"Local","MultiPass",5,16,0,0,0,1,1,0,0,0,1,NA,2,4,0,"Y","Y",121
"DOLPHD-5158","M",24,"Local","SinglePass",5,16,1,1,1,0,0,1,0,0,1,NA,2,4,0,"N","N",121
"DOLPHD-5159","M",22,"Local","SinglePass",5,16,1,0,0,0,0,1,0,0,3,NA,0,2,0,"N","Y",96
"DOLPHD-5160","M",22,"Local","MultiPass",5,16,0,0,0,1,1,1,0,0,1,NA,3,4,0,"N","N",121
"DOLPHD-5161","M",21,"Local","SinglePass",5,16,1,0,0,0,1,0,0,0,1,NA,4,4,0,"N","Y",71
"DOLPHD-5162","M",24,"Local","SinglePass",5,16,1,1,0,0,0,0,1,0,2,NA,0,2,0,"N","N",96
"DOLPHD-5165","M",24,"Local","SinglePass",5,16,1,0,0,0,0,0,0,0,3,NA,0,1,0,"N","N",71
"DOLPHD-5166","M",20,"Local","SinglePass",5,16,0,0,1,0,0,1,0,0,2,NA,3,1,0,"Y","Y",71
"DOLPHD-5168","M",23,"Local","SinglePass",5,16,0,0,0,0,0,0,0,0,3,NA,4,1,0,"N","N",46
"DOLPHD-5169","M",24,"Local","SinglePass",5,16,1,1,0,0,0,1,1,0,2,NA,2,1,0,"Y","Y",146
"DOLPHD-5173","M",21,"Local","SinglePass",5,16,1,0,0,0,0,0,0,0,2,NA,0,1,0,"N","N",71
"DOLPHD-5175","M",21,"Local","SinglePass",5,16,1,1,1,0,0,1,1,0,1,NA,2,4,0,"Y","Y",146
"DOLPHD-5176","M",21,"Local","SinglePass",5,16,1,0,0,0,0,0,0,0,2,NA,0,2,0,"Y","Y",46
"DOLPHD-5180","M",21,"Local","SinglePass",5,16,1,0,0,0,1,0,0,0,2,NA,0,1,0,"N","N",96
"DOLPHD-5181","M",21,"Local","MultiPass",5,16,0,1,1,0,0,0,0,0,3,NA,0,2,0,"N","N",121
"DOLPHD-5183","M",25,"Local","SinglePass",5,16,1,1,1,0,1,1,1,0,1,NA,3,3,0,"Y","Y",171
"DOLPHD-5184","M",23,"Local","MultiPass",5,16,0,0,0,1,0,0,1,0,3,NA,2,2,0,"N","N",121
"DOLPHD-5185","M",24,"Local","MultiPass",5,16,0,1,0,1,0,0,1,0,3,NA,2,2,0,"N","Y",121
"DOLPHD-5190","M",25,"Local","SinglePass",5,16,0,0,0,0,1,0,0,0,2,NA,0,2,0,"N","N",46
"DOLPHD-5191","M",22,"Local","MultiPass",5,16,1,0,0,0,1,0,0,0,2,NA,3,2,0,"N","N",121
"DOLPHD-5193","M",25,"Local","SinglePass",5,16,0,0,1,0,1,0,0,0,3,NA,0,2,0,"N","N",71
"DOLPHD-5194","M",20,"Local","SinglePass",5,16,1,0,0,0,0,0,0,0,3,NA,3,2,0,"N","N",71
"DOLPHD-5199","M",24,"Local","MultiPass",5,16,0,1,1,1,1,0,0,0,1,NA,2,3,0,"N","N",121
"DOLPHD-5201","M",25,"Local","SinglePass",5,16,1,0,1,0,0,1,1,0,2,NA,2,1,0,"N","N",146
"DOLPHD-5202","M",20,"Local","MultiPass",5,16,1,0,1,1,0,0,0,0,1,NA,3,3,0,"N","N",121
"DOLPHD-5203","M",24,"Local","SinglePass",5,16,1,0,0,0,0,1,0,0,3,NA,2,2,0,"N","N",96
"DOLPHD-5210","M",21,"Local","SinglePass",5,16,0,0,0,0,0,0,0,0,3,NA,2,2,0,"N","N",46
"DOLPHD-5211","M",22,"Local","SinglePass",5,16,1,1,0,0,0,1,0,0,1,NA,0,4,0,"N","Y",96
"DOLPHD-5212","M",24,"Local","MultiPass",5,16,0,0,1,0,0,1,1,0,2,NA,0,1,0,"Y","Y",121
"DOLPHD-5213","M",25,"Local","MultiPass",5,16,0,0,0,1,0,1,1,0,2,NA,3,2,0,"N","N",121
"DOLPHD-5214","M",20,"Local","SinglePass",5,16,1,0,0,0,0,0,0,0,1,NA,2,4,0,"Y","Y",71
"DOLPHD-5217","M",22,"Local","SinglePass",5,16,0,0,0,0,1,1,0,0,1,NA,3,4,0,"N","N",96
"DOLPHD-5221","M",23,"Overseas","SinglePass",5,16,1,1,0,0,1,0,0,0,3,NA,0,2,0,"N","N",96
"DOLPHD-5223","M",21,"Local","MultiPass",5,16,0,1,0,0,0,1,0,0,3,NA,0,1,0,"N","N",121
"DOLPHD-5225","M",20,"Local","SinglePass",5,16,0,0,0,0,0,1,1,0,1,NA,4,4,0,"N","Y",71
"DOLPHD-5229","M",23,"Local","SinglePass",5,16,1,0,1,0,0,1,0,0,2,NA,2,2,0,"N","N",121
"DOLPHD-5230","M",24,"Local","MultiPass",5,16,0,0,0,1,0,0,1,0,2,NA,3,2,0,"N","Y",121
"DOLPHD-5232","M",23,"Overseas","SinglePass",5,16,0,0,0,0,0,1,0,0,1,NA,2,3,0,"N","N",71
"DOLPHD-5233","M",20,"Overseas","MultiPass",5,16,1,0,0,1,0,0,1,0,3,NA,0,1,0,"N","N",121
"DOLPHD-5235","M",22,"Local","SinglePass",5,16,1,0,0,0,0,0,1,0,3,NA,0,2,0,"N","N",96
"DOLPHD-5236","M",20,"Local","SinglePass",5,16,0,0,0,0,0,0,1,0,1,NA,0,3,0,"N","N",71
"DOLPHD-5237","M",24,"Local","MultiPass",5,16,0,0,0,0,0,0,0,0,2,NA,3,2,0,"N","N",121
"DOLPHD-5238","M",21,"Local","SinglePass",5,16,1,0,1,0,0,0,0,0,1,NA,3,3,0,"N","Y",71
"DOLPHD-5240","M",24,"Overseas","MultiPass",5,16,0,0,0,0,1,1,0,0,1,NA,0,4,0,"N","N",121
"DOLPHD-5245","M",21,"Overseas","SinglePass",5,16,0,0,1,0,0,1,1,0,3,NA,3,1,0,"N","Y",121
"DOLPHD-5246","M",25,"Overseas","SinglePass",5,16,1,0,0,0,1,0,1,0,3,NA,4,2,0,"N","N",121
"DOLPHD-5248","M",21,"Local","MultiPass",5,16,0,0,1,1,1,1,0,0,2,NA,4,1,0,"N","N",121
"DOLPHD-5249","M",24,"Local","SinglePass",5,16,1,0,0,0,0,0,1,0,2,NA,0,2,0,"N","N",71
"DOLPHD-5250","M",23,"Local","SinglePass",5,16,0,0,0,0,0,0,1,0,2,NA,0,2,0,"Y","Y",71
"DOLPHD-5252","M",25,"Overseas","SinglePass",5,16,0,0,1,0,0,0,1,0,3,NA,0,2,0,"N","N",96
"DOLPHD-5253","M",20,"Local","SinglePass",5,16,1,0,0,0,0,1,1,0,2,NA,2,2,0,"N","N",96
"DOLPHD-5254","M",23,"Local","MultiPass",5,16,1,0,1,0,0,1,1,0,1,NA,3,4,0,"N","N",121
"DOLPHD-5257","M",24,"Overseas","SinglePass",5,16,1,0,0,0,1,1,1,0,2,NA,3,1,0,"N","N",121
"DOLPHD-5259","M",25,"Local","SinglePass",5,16,0,0,0,0,0,0,0,0,2,NA,3,1,0,"N","N",21
"DOLPHD-5260","M",25,"Local","SinglePass",5,16,1,0,0,0,1,0,0,0,1,NA,3,3,0,"N","N",71
"DOLPHD-5261","M",25,"Local","MultiPass",5,16,1,0,0,1,0,0,0,0,1,NA,4,4,0,"N","Y",121
"DOLPHD-5265","M",20,"Local","MultiPass",5,16,1,0,1,1,0,0,0,0,1,NA,0,3,0,"N","N",121
"DOLPHD-5266","M",22,"Local","SinglePass",5,16,1,0,0,0,1,0,0,0,1,NA,0,3,0,"N","N",96
"DOLPHD-5272","M",23,"Local","MultiPass",5,16,0,0,0,1,0,1,1,0,1,NA,0,4,0,"N","N",121
"DOLPHD-5274","M",22,"Local","SinglePass",5,16,1,0,0,0,0,0,1,0,3,NA,4,1,0,"N","N",71
"DOLPHD-5279","M",25,"Overseas","MultiPass",5,16,1,0,0,1,0,0,0,0,2,NA,2,1,0,"N","N",121
"DOLPHD-5280","M",25,"Overseas","SinglePass",5,16,1,0,0,0,0,0,0,0,3,NA,4,1,0,"N","N",71
"DOLPHD-5281","M",21,"Overseas","SinglePass",5,16,1,0,1,0,1,1,0,0,1,NA,4,4,0,"N","N",121
"DOLPHD-5282","M",25,"Overseas","MultiPass",5,16,0,0,1,1,0,0,0,0,2,NA,4,2,0,"N","Y",121
"DOLPHD-5285","M",23,"Local","SinglePass",5,16,1,1,0,0,0,0,0,0,1,NA,0,4,0,"N","N",71
"DOLPHD-5287","M",21,"Local","SinglePass",5,16,1,0,0,0,1,1,0,0,2,NA,0,1,0,"N","N",96
"DOLPHD-5288","M",21,"Overseas","SinglePass",5,16,0,0,0,0,1,1,0,0,1,NA,4,4,0,"N","N",96
"DOLPHD-5289","M",20,"Local","MultiPass",5,16,1,0,1,1,0,0,1,0,1,NA,4,4,0,"N","N",121
"DOLPHD-5293","M",23,"Overseas","MultiPass",5,16,1,0,0,0,0,1,1,0,2,NA,0,2,0,"N","Y",121
"DOLPHD-5294","M",25,"Overseas","SinglePass",5,16,1,0,1,0,0,0,1,0,2,NA,3,1,0,"N","N",121
"DOLPHD-5296","M",23,"Local","MultiPass",5,16,1,0,0,1,0,0,0,0,3,NA,2,1,0,"N","N",121
"DOLPHD-5298","M",23,"Local","SinglePass",5,16,0,0,0,0,0,1,0,0,1,NA,0,4,0,"N","Y",71
"DOLPHD-5299","M",20,"Local","SinglePass",5,16,0,0,1,0,1,0,1,0,2,NA,4,1,0,"N","N",121
"DOLPHD-5301","M",20,"Local","SinglePass",5,16,0,0,1,0,0,1,0,0,3,NA,0,1,0,"N","N",96
"DOLPHD-5303","M",21,"Overseas","MultiPass",5,16,1,0,0,1,1,1,1,0,2,NA,3,2,0,"N","Y",121
"DOLPHD-5306","M",24,"Overseas","SinglePass",5,16,0,1,1,0,1,0,0,0,1,NA,3,3,0,"N","N",96
"DOLPHD-5308","M",22,"Local","SinglePass",5,16,0,0,1,0,0,0,0,0,2,NA,2,2,0,"N","N",46
"DOLPHD-5309","M",20,"Local","SinglePass",5,16,1,0,0,0,1,0,1,0,3,NA,0,1,0,"N","N",96
"DOLPHD-5310","M",21,"Local","MultiPass",5,16,0,0,0,1,1,0,0,0,2,NA,0,1,0,"Y","N",121
"DOLPHD-5315","M",25,"Overseas","SinglePass",5,16,1,0,1,0,0,1,0,0,2,NA,0,2,0,"N","N",96
"DOLPHD-5319","M",21,"Local","SinglePass",5,16,1,1,1,0,0,1,1,0,3,NA,3,1,0,"Y","Y",146
"DOLPHD-5320","M",23,"Local","SinglePass",5,16,0,0,0,0,0,1,0,0,1,NA,3,4,0,"N","N",71
"DOLPHD-5323","M",23,"Local","SinglePass",5,16,1,0,1,0,0,1,0,0,3,NA,0,1,0,"N","N",96
"DOLPHD-5324","M",20,"Overseas","MultiPass",5,16,0,0,0,1,0,0,1,0,3,NA,4,2,0,"N","Y",121
"DOLPHD-5326","M",22,"Local","SinglePass",5,16,1,0,0,0,0,1,0,0,3,NA,0,1,0,"N","N",71
"DOLPHD-5327","M",23,"Overseas","SinglePass",5,16,1,0,0,0,0,0,0,0,1,NA,2,4,0,"N","Y",71
"DOLPHD-5328","M",23,"Overseas","MultiPass",5,16,1,1,0,0,1,0,0,0,2,NA,0,2,0,"Y","Y",121
"DOLPHD-5329","M",25,"Overseas","SinglePass",5,16,1,0,0,0,0,1,0,0,1,NA,0,3,0,"N","N",71
"DOLPHD-5333","M",25,"Local","SinglePass",5,16,0,1,0,0,0,1,0,0,1,NA,2,4,0,"N","Y",71
"DOLPHD-5338","M",25,"Local","MultiPass",5,16,1,1,0,0,1,0,0,0,2,NA,3,1,0,"N","Y",121
"DOLPHD-5339","M",23,"Overseas","MultiPass",5,16,1,0,0,1,1,1,1,0,3,NA,3,2,0,"N","Y",121
"DOLPHD-5343","M",23,"Local","SinglePass",5,16,1,0,1,0,0,1,0,0,3,NA,2,2,0,"N","N",121
"DOLPHD-5345","M",21,"Local","MultiPass",5,16,1,0,0,0,0,0,0,0,3,NA,0,1,0,"N","Y",121
"DOLPHD-5348","M",25,"Overseas","SinglePass",5,16,1,1,0,0,0,1,0,0,1,NA,3,4,0,"N","N",121
"DOLPHD-5352","M",23,"Overseas","MultiPass",5,16,1,0,1,1,0,0,0,0,3,NA,2,2,0,"Y","Y",121
"DOLPHD-5353","M",20,"Overseas","MultiPass",5,16,1,0,0,1,1,1,0,0,1,NA,2,4,0,"N","Y",121
"DOLPHD-5355","M",22,"Local","SinglePass",5,16,0,0,0,0,1,1,1,0,2,NA,0,2,0,"N","Y",96
"DOLPHD-5356","M",25,"Local","MultiPass",5,16,0,0,0,0,0,0,0,0,1,NA,3,4,0,"N","N",121
"DOLPHD-5358","M",22,"Local","SinglePass",5,16,0,0,0,0,0,1,0,0,1,NA,0,4,0,"N","Y",46
"DOLPHD-5359","M",22,"Local","MultiPass",5,16,0,0,0,0,0,0,1,0,1,NA,2,4,0,"N","Y",121
"DOLPHD-5360","M",21,"Overseas","MultiPass",5,16,1,0,1,1,0,0,1,0,1,NA,4,4,0,"Y","Y",121
"DOLPHD-5361","M",23,"Local","SinglePass",5,16,0,1,0,0,0,0,0,0,2,NA,0,2,0,"N","N",46
"DOLPHD-5362","M",20,"Local","SinglePass",5,16,1,0,1,0,1,0,0,0,2,NA,4,1,0,"Y","Y",96
"DOLPHD-5363","M",23,"Overseas","MultiPass",5,16,0,1,1,0,0,1,0,0,1,NA,4,4,0,"N","N",121
"DOLPHD-5364","M",23,"Overseas","SinglePass",5,16,1,0,1,0,0,1,1,0,1,NA,3,4,0,"N","N",121
"DOLPHD-5366","M",23,"Overseas","MultiPass",5,16,1,1,0,1,0,1,0,0,2,NA,4,1,0,"N","N",121
"DOLPHD-5367","M",23,"Local","MultiPass",5,16,0,1,0,0,0,0,0,0,1,NA,4,4,0,"N","N",121
"DOLPHD-5368","M",25,"Local","SinglePass",5,16,0,1,1,0,0,0,0,0,3,NA,3,1,0,"N","N",96
"DOLPHD-5374","M",21,"Local","MultiPass",5,16,1,0,0,0,0,0,0,0,3,NA,2,2,0,"N","N",121
"DOLPHD-5376","M",21,"Overseas","SinglePass",5,16,1,0,1,0,0,0,0,0,1,NA,3,3,0,"N","N",71
"DOLPHD-5379","M",21,"Local","SinglePass",5,16,0,1,1,0,1,1,0,0,1,NA,4,4,0,"Y","Y",146
"DOLPHD-5381","M",20,"Local","MultiPass",5,16,1,0,1,1,0,1,0,0,1,NA,2,4,0,"N","Y",121
"DOLPHD-5386","M",22,"Local","SinglePass",5,16,1,0,0,0,1,0,0,0,3,NA,4,1,0,"N","N",71
"DOLPHD-5387","M",22,"Overseas","MultiPass",5,16,0,0,0,1,0,1,0,0,3,NA,3,2,0,"N","N",121
"DOLPHD-5388","M",20,"Overseas","MultiPass",5,16,1,0,1,1,1,1,0,0,3,NA,2,1,0,"N","Y",121
"DOLPHD-5389","M",23,"Overseas","SinglePass",5,16,0,0,0,0,0,0,0,0,1,NA,4,3,0,"Y","Y",21
"DOLPHD-5390","M",20,"Overseas","SinglePass",5,16,0,0,0,0,0,0,0,0,3,NA,3,1,0,"N","N",46
"DOLPHD-5392","M",24,"Local","SinglePass",5,16,1,1,0,0,0,0,0,0,1,NA,4,4,0,"N","N",96
"DOLPHD-5397","M",21,"Local","SinglePass",5,16,1,1,0,0,1,0,0,0,1,NA,2,3,0,"Y","Y",121
"DOLPHD-5402","M",20,"Overseas","MultiPass",5,16,1,0,0,1,0,0,0,0,3,NA,2,1,0,"N","N",121
"DOLPHD-5404","M",32,"Local","SinglePass",5,16,1,0,0,0,0,1,0,0,1,NA,2,3,0,"N","N",96
"DOLPHD-5406","M",26,"Local","SinglePass",5,16,1,0,1,0,0,1,1,0,2,NA,4,1,0,"N","N",146
"DOLPHD-5410","M",29,"Local","SinglePass",5,16,1,1,1,0,0,0,1,0,3,NA,3,2,0,"N","Y",146
"DOLPHD-5412","M",31,"Overseas","MultiPass",5,16,0,0,0,0,0,1,0,0,3,NA,4,2,0,"N","N",121
"DOLPHD-5414","M",28,"Overseas","SinglePass",5,16,1,0,0,0,0,1,0,0,2,NA,2,1,0,"N","Y",96
"DOLPHD-5419","M",35,"Local","MultiPass",5,16,0,0,1,0,0,0,1,0,1,NA,3,3,0,"N","N",121
"DOLPHD-5420","M",32,"Overseas","SinglePass",5,16,1,1,0,0,0,1,0,0,2,NA,2,2,0,"N","N",96
"DOLPHD-5421","M",35,"Local","SinglePass",5,16,0,0,0,0,1,1,0,0,2,NA,2,1,0,"N","Y",71
"DOLPHD-5426","M",27,"Overseas","MultiPass",5,16,1,1,1,1,0,1,0,0,2,NA,4,2,0,"N","N",121
"DOLPHD-5427","M",27,"Local","SinglePass",5,16,1,0,1,0,0,1,0,0,2,NA,4,1,0,"Y","Y",96
"DOLPHD-5431","M",32,"Local","SinglePass",5,16,0,0,1,0,0,1,0,0,1,NA,2,3,0,"N","N",96
"DOLPHD-5435","M",28,"Overseas","SinglePass",5,16,0,0,0,0,0,1,0,0,1,NA,2,4,0,"N","N",46
"DOLPHD-5436","M",33,"Overseas","MultiPass",5,16,0,0,0,1,1,1,1,0,2,NA,3,2,0,"N","Y",121
"DOLPHD-5440","M",28,"Local","MultiPass",5,16,0,0,0,0,0,1,0,0,1,NA,4,4,0,"Y","Y",121
"DOLPHD-5443","M",32,"Local","MultiPass",5,16,0,0,1,1,1,1,0,0,1,NA,4,3,0,"N","N",121
"DOLPHD-5444","M",31,"Overseas","MultiPass",5,16,1,0,0,1,0,1,0,0,3,NA,3,1,0,"N","N",121
"DOLPHD-5446","M",29,"Local","SinglePass",5,16,0,0,1,0,1,1,0,0,3,NA,4,2,0,"N","Y",121
"DOLPHD-5448","M",26,"Overseas","SinglePass",5,16,1,0,0,0,0,0,0,0,2,NA,4,2,0,"N","Y",71
"DOLPHD-5449","M",30,"Overseas","SinglePass",5,16,1,0,0,0,1,1,0,0,2,NA,3,1,0,"N","N",121
"DOLPHD-5450","M",34,"Overseas","MultiPass",5,16,0,0,1,0,0,1,0,0,3,NA,3,1,0,"N","Y",121
"DOLPHD-5453","M",34,"Local","SinglePass",5,16,0,0,0,0,1,0,1,0,1,NA,3,4,0,"N","N",71
"DOLPHD-5454","M",31,"Local","MultiPass",5,16,1,0,1,0,0,1,1,0,3,NA,4,1,0,"Y","Y",121
"DOLPHD-5455","M",28,"Local","SinglePass",5,16,0,0,0,0,0,0,0,0,1,NA,3,4,0,"N","N",21
"DOLPHD-5458","M",31,"Local","MultiPass",5,16,1,0,1,1,0,1,1,0,2,NA,4,1,0,"Y","Y",121
"DOLPHD-5465","M",28,"Local","MultiPass",5,16,1,0,1,0,0,1,1,0,3,NA,4,2,0,"N","N",121
"DOLPHD-5468","M",28,"Overseas","MultiPass",5,16,0,1,0,1,1,0,1,0,1,NA,2,3,0,"N","N",121
"DOLPHD-5471","M",29,"Overseas","MultiPass",5,16,1,0,0,0,0,1,0,0,2,NA,4,2,0,"N","N",121
"DOLPHD-5472","M",28,"Overseas","MultiPass",5,16,0,0,0,1,1,1,0,0,1,NA,4,3,0,"N","N",121
"DOLPHD-5473","M",31,"Overseas","SinglePass",5,16,1,0,0,0,1,0,0,0,1,NA,4,3,0,"N","N",96
"DOLPHD-5474","M",26,"Overseas","SinglePass",5,16,0,0,0,0,0,1,0,0,3,NA,3,2,0,"N","N",71
"DOLPHD-5476","M",27,"Local","SinglePass",5,16,1,0,1,0,0,0,1,0,1,NA,3,4,0,"N","Y",96
"DOLPHD-5478","M",26,"Local","MultiPass",5,16,1,0,0,0,1,0,1,0,3,NA,4,2,0,"Y","Y",121
"DOLPHD-5479","M",33,"Local","MultiPass",5,16,0,0,1,0,1,1,1,0,2,NA,2,1,0,"N","N",121
"DOLPHD-5481","M",29,"Local","SinglePass",5,16,0,0,0,0,0,0,0,0,2,NA,4,1,0,"N","N",21
"DOLPHD-5482","M",32,"Local","MultiPass",5,16,1,0,0,0,0,0,0,0,1,NA,4,4,0,"N","N",121
"DOLPHD-5484","M",28,"Overseas","SinglePass",5,16,1,0,1,0,0,1,0,0,1,NA,3,4,0,"N","N",96
"DOLPHD-5486","M",26,"Overseas","MultiPass",5,16,0,0,0,0,1,1,1,0,1,NA,4,3,0,"N","Y",121
"DOLPHD-5487","M",30,"Local","SinglePass",5,16,0,0,0,0,0,1,0,0,2,NA,2,1,0,"N","Y",71
"DOLPHD-5489","M",33,"Local","MultiPass",5,16,0,0,0,1,0,0,0,0,3,NA,3,1,0,"N","N",121
"DOLPHD-5491","M",31,"Local","SinglePass",5,16,0,1,0,0,0,1,1,0,1,NA,2,4,0,"N","Y",121
"DOLPHD-5492","M",34,"Overseas","MultiPass",5,16,1,1,1,1,0,0,0,0,3,NA,3,1,0,"N","N",121
"DOLPHD-5493","M",33,"Local","MultiPass",5,16,0,1,0,0,0,0,0,0,2,NA,3,1,0,"N","N",121
"DOLPHD-5494","M",33,"Local","SinglePass",5,16,1,0,0,0,0,0,1,0,1,NA,2,4,0,"N","Y",96
"DOLPHD-5495","M",29,"Overseas","SinglePass",5,16,1,1,0,0,0,1,0,0,1,NA,2,4,0,"N","N",121
"DOLPHD-5497","M",34,"Overseas","SinglePass",5,16,0,0,1,0,1,1,0,0,1,NA,4,3,0,"Y","Y",96
"DOLPHD-5500","M",28,"Local","MultiPass",5,16,1,0,0,1,0,1,0,0,2,NA,4,1,0,"N","N",121
"DOLPHD-5501","M",31,"Local","SinglePass",5,16,1,0,0,0,0,0,0,0,2,NA,3,1,0,"N","N",46
"DOLPHD-5502","M",26,"Local","SinglePass",5,16,1,0,0,0,0,1,1,0,1,NA,4,3,0,"N","N",121
"DOLPHD-5508","M",33,"Overseas","SinglePass",5,16,1,0,0,0,0,1,0,0,1,NA,3,3,0,"N","N",96
"DOLPHD-5509","M",29,"Overseas","SinglePass",5,16,1,0,1,0,0,0,0,0,1,NA,2,3,0,"Y","Y",71
"DOLPHD-5510","M",32,"Overseas","MultiPass",5,16,1,0,0,1,0,1,0,0,1,NA,3,3,0,"N","N",121
"DOLPHD-5512","M",35,"Local","SinglePass",5,16,1,0,0,0,0,1,0,0,1,NA,4,3,0,"N","Y",96
"DOLPHD-5516","M",34,"Overseas","SinglePass",5,16,0,0,0,0,0,1,1,0,3,NA,4,1,0,"N","N",96
"DOLPHD-5518","M",30,"Local","SinglePass",5,16,1,0,0,0,0,0,1,0,3,NA,3,1,0,"N","N",96
"DOLPHD-5520","M",31,"Overseas","MultiPass",5,16,1,1,1,0,1,0,0,0,3,NA,2,1,0,"N","N",121
"DOLPHD-5521","M",26,"Overseas","MultiPass",5,16,1,0,0,1,0,1,0,0,3,NA,3,1,0,"N","N",121
"DOLPHD-5522","M",29,"Overseas","SinglePass",5,16,1,0,0,0,0,1,1,0,2,NA,4,1,0,"N","N",121
"DOLPHD-5527","M",31,"Local","MultiPass",5,16,0,0,1,0,0,1,0,0,2,NA,3,2,0,"N","N",121
"DOLPHD-5529","M",28,"Local","SinglePass",5,16,0,0,0,0,0,1,1,0,1,NA,2,4,0,"N","N",71
"DOLPHD-5530","M",28,"Local","SinglePass",5,16,0,0,1,0,0,1,0,0,1,NA,2,4,0,"Y","Y",96
"DOLPHD-5531","M",30,"Overseas","MultiPass",5,16,1,0,1,0,0,0,1,0,1,NA,4,4,0,"N","N",121
"DOLPHD-5532","M",26,"Overseas","SinglePass",5,16,0,0,1,0,0,0,0,0,2,NA,3,2,0,"N","Y",46
"DOLPHD-5533","M",32,"Overseas","SinglePass",5,16,0,1,1,0,0,1,0,0,1,NA,2,3,0,"N","N",121
"DOLPHD-5534","M",33,"Overseas","MultiPass",5,16,0,1,0,1,0,0,0,0,1,NA,2,4,0,"N","N",121
"DOLPHD-5535","M",32,"Local","MultiPass",5,16,0,1,1,1,0,1,0,0,1,NA,4,3,0,"N","Y",121
"DOLPHD-5537","M",31,"Local","SinglePass",5,16,1,1,0,0,0,0,1,0,1,NA,4,4,0,"N","N",96
"DOLPHD-5540","M",35,"Overseas","SinglePass",5,16,1,0,0,0,0,0,1,0,2,NA,4,1,0,"Y","Y",71
"DOLPHD-5543","M",34,"Overseas","SinglePass",5,16,1,0,0,0,1,1,0,0,1,NA,3,4,0,"N","Y",96
"DOLPHD-5546","M",32,"Overseas","SinglePass",5,16,0,0,1,0,0,0,0,0,1,NA,3,3,0,"N","N",71
"DOLPHD-5548","M",30,"Local","MultiPass",5,16,1,1,1,1,0,0,1,0,3,NA,3,1,0,"N","Y",121
"DOLPHD-5549","M",26,"Local","MultiPass",5,16,1,0,1,0,0,0,1,0,2,NA,4,1,0,"N","Y",121
"DOLPHD-5555","M",28,"Overseas","MultiPass",5,16,1,0,0,0,0,1,1,0,3,NA,2,2,0,"N","N",121
"DOLPHD-5557","M",29,"Overseas","SinglePass",5,16,0,0,0,0,0,1,0,0,1,NA,4,4,0,"N","N",46
"DOLPHD-5559","M",33,"Local","MultiPass",5,16,1,0,0,0,0,0,0,0,1,NA,3,3,0,"N","N",121
"DOLPHD-5561","M",32,"Local","SinglePass",5,16,0,0,1,0,1,0,0,0,3,NA,3,2,0,"N","N",96
"DOLPHD-5563","M",30,"Local","MultiPass",5,16,1,0,0,0,0,0,0,0,2,NA,4,1,0,"N","Y",121
"DOLPHD-5564","M",33,"Overseas","SinglePass",5,16,0,0,0,0,0,0,0,0,1,NA,2,3,0,"N","N",21
"DOLPHD-5565","M",35,"Local","SinglePass",5,16,1,0,0,0,1,0,0,0,1,NA,4,3,0,"N","N",71
"DOLPHD-5566","M",28,"Local","MultiPass",5,16,1,0,0,0,0,0,0,0,1,NA,3,3,0,"N","N",121
"DOLPHD-5571","M",27,"Local","SinglePass",5,16,0,0,1,0,0,1,1,0,2,NA,3,2,0,"N","N",121
"DOLPHD-5572","M",26,"Local","SinglePass",5,16,0,0,0,0,1,1,1,0,1,NA,2,4,0,"N","N",96
"DOLPHD-5575","M",35,"Local","SinglePass",5,16,0,0,1,0,0,0,0,0,1,NA,4,4,0,"N","N",71
"DOLPHD-5578","M",29,"Local","SinglePass",5,16,1,0,0,0,0,1,1,0,1,NA,2,3,0,"N","N",121
"DOLPHD-5579","M",32,"Overseas","SinglePass",5,16,0,0,0,0,0,1,0,0,2,NA,4,2,0,"N","N",46
"DOLPHD-5581","M",30,"Overseas","SinglePass",5,16,1,0,1,0,1,0,0,0,1,NA,4,3,0,"N","N",121
"DOLPHD-5584","M",27,"Local","MultiPass",5,16,1,0,0,0,0,1,0,0,2,NA,2,2,0,"N","N",121
"DOLPHD-5587","M",27,"Local","MultiPass",5,16,0,0,0,0,1,1,0,0,2,NA,4,1,0,"Y","Y",121
"DOLPHD-5588","M",27,"Overseas","SinglePass",5,16,0,0,0,0,0,0,1,0,1,NA,2,3,0,"N","N",71
"DOLPHD-5590","M",30,"Local","MultiPass",5,16,1,0,0,0,0,1,1,0,3,NA,2,2,0,"N","N",121
"DOLPHD-5592","M",31,"Overseas","SinglePass",5,16,1,0,1,0,0,0,1,0,2,NA,2,2,0,"N","N",96
"DOLPHD-5593","M",28,"Overseas","SinglePass",5,16,1,1,0,0,0,0,0,0,1,NA,3,3,0,"N","N",71
"DOLPHD-5594","M",28,"Overseas","MultiPass",5,16,1,0,0,0,0,1,0,0,1,NA,3,4,0,"N","N",121
"DOLPHD-5600","M",26,"Overseas","SinglePass",5,16,0,0,0,0,0,1,1,0,1,NA,2,3,0,"N","N",96
"DOLPHD-5602","M",30,"Local","SinglePass",5,16,1,0,0,0,0,0,0,0,2,NA,4,1,0,"N","Y",46
"DOLPHD-5606","M",33,"Overseas","SinglePass",5,16,0,0,0,0,1,0,0,0,3,NA,4,2,0,"Y","Y",71
"DOLPHD-5613","M",34,"Local","SinglePass",5,16,1,0,1,0,1,0,1,0,3,NA,4,2,0,"N","N",146
"DOLPHD-5615","M",32,"Overseas","MultiPass",5,16,0,1,1,1,0,0,0,0,3,NA,2,1,0,"N","Y",121
"DOLPHD-5617","M",35,"Overseas","SinglePass",5,16,0,0,0,0,0,1,0,0,1,NA,4,4,0,"N","N",46
"DOLPHD-5618","M",28,"Overseas","MultiPass",5,16,0,0,0,1,0,0,0,0,2,NA,3,1,0,"N","N",121
"DOLPHD-5621","M",28,"Local","SinglePass",5,16,1,0,1,0,1,0,0,0,3,NA,3,1,0,"N","Y",121
"DOLPHD-5622","M",28,"Local","MultiPass",5,16,1,0,0,1,0,1,1,0,1,NA,2,3,0,"N","Y",121
"DOLPHD-5623","M",33,"Local","SinglePass",5,16,1,1,0,0,0,0,0,0,1,NA,3,4,0,"N","N",71
"DOLPHD-5625","M",30,"Local","MultiPass",5,16,0,0,1,1,0,0,0,0,3,NA,2,2,0,"N","N",121
"DOLPHD-5626","M",33,"Local","MultiPass",5,16,1,0,0,1,0,0,0,0,1,NA,3,3,0,"N","N",121
"DOLPHD-5627","M",28,"Overseas","SinglePass",5,16,1,0,0,0,0,0,0,0,2,NA,4,2,0,"Y","Y",71
"DOLPHD-5628","M",31,"Overseas","SinglePass",5,16,0,0,0,0,0,1,0,0,3,NA,2,1,0,"N","N",71
"DOLPHD-5629","M",34,"Overseas","MultiPass",5,16,1,0,1,0,0,1,0,0,2,NA,3,2,0,"N","N",121
"DOLPHD-5631","M",28,"Local","SinglePass",5,16,0,1,1,0,0,0,0,0,1,NA,2,4,0,"N","N",96
"DOLPHD-5633","M",29,"Local","MultiPass",5,16,1,0,1,1,0,1,0,0,3,NA,2,2,0,"Y","Y",121
"DOLPHD-5634","M",30,"Local","SinglePass",5,16,1,1,0,0,1,1,1,0,1,NA,3,3,0,"N","N",171
"DOLPHD-5635","M",31,"Local","SinglePass",5,16,1,1,0,0,0,0,0,0,2,NA,3,2,0,"N","N",96
"DOLPHD-5638","M",31,"Local","SinglePass",5,16,0,0,0,0,1,0,0,0,1,NA,2,3,0,"Y","Y",46
"DOLPHD-5639","M",33,"Overseas","MultiPass",5,16,1,0,0,0,0,0,0,0,3,NA,3,1,0,"N","N",121
"DOLPHD-5642","M",27,"Overseas","SinglePass",5,16,1,0,0,0,0,0,0,0,1,NA,3,4,0,"N","N",46
"DOLPHD-5643","M",26,"Local","MultiPass",5,16,0,0,1,0,1,0,1,0,1,NA,2,4,0,"N","N",121
"DOLPHD-5645","M",33,"Local","SinglePass",5,16,1,1,1,0,1,0,0,0,3,NA,3,2,0,"N","N",146
"DOLPHD-5648","M",32,"Overseas","SinglePass",5,16,0,0,0,0,0,1,0,0,1,NA,3,4,0,"N","N",71
"DOLPHD-5649","M",32,"Local","SinglePass",5,16,1,0,0,0,0,1,1,0,1,NA,2,4,0,"Y","N",121
"DOLPHD-5650","M",32,"Local","MultiPass",5,16,0,1,0,1,0,0,1,0,2,NA,2,1,0,"N","N",121
"DOLPHD-5651","M",31,"Overseas","SinglePass",5,16,0,0,0,0,0,0,1,0,3,NA,4,2,0,"Y","Y",71
"DOLPHD-5653","M",32,"Overseas","MultiPass",5,16,0,0,1,1,0,0,0,0,2,NA,3,1,0,"N","N",121
"DOLPHD-5656","M",27,"Local","SinglePass",5,16,0,0,0,0,0,0,1,0,3,NA,4,2,0,"N","N",71
"DOLPHD-5657","M",26,"Local","MultiPass",5,16,1,0,0,0,1,1,0,0,2,NA,4,1,0,"N","Y",121
"DOLPHD-5658","M",28,"Local","SinglePass",5,16,0,0,0,0,0,1,0,0,1,NA,2,4,0,"Y","Y",46
"DOLPHD-5661","M",30,"Local","MultiPass",5,16,1,0,1,1,0,0,0,0,3,NA,4,1,0,"N","N",121
"DOLPHD-5662","M",33,"Local","SinglePass",5,16,1,0,0,0,1,0,1,0,1,NA,2,3,0,"N","N",121
"DOLPHD-5664","M",26,"Overseas","MultiPass",5,16,1,0,0,0,0,1,1,0,2,NA,2,1,0,"N","Y",121
"DOLPHD-5673","M",33,"Local","SinglePass",5,16,1,0,1,0,1,1,1,0,3,NA,3,1,0,"N","N",146
"DOLPHD-5676","M",29,"Overseas","SinglePass",5,16,0,0,0,0,0,1,0,0,2,NA,2,1,0,"Y","Y",46
"DOLPHD-5677","M",26,"Overseas","SinglePass",5,16,0,0,1,0,0,0,1,0,2,NA,2,1,0,"N","N",96
"DOLPHD-5679","M",35,"Local","SinglePass",5,16,1,0,0,0,0,1,1,0,1,NA,3,3,0,"N","N",121
"DOLPHD-5681","M",34,"Local","MultiPass",5,16,1,0,0,1,0,1,0,0,3,NA,3,1,0,"N","N",121
"DOLPHD-5682","M",28,"Local","MultiPass",5,16,1,1,0,1,0,1,1,0,1,NA,4,3,0,"Y","N",121
"DOLPHD-5683","M",26,"Local","SinglePass",5,16,1,0,0,0,0,0,0,0,1,NA,4,3,0,"N","N",46
"DOLPHD-5685","M",29,"Local","MultiPass",5,16,1,0,0,1,0,0,1,0,2,NA,4,1,0,"N","N",121
"DOLPHD-5692","M",33,"Local","MultiPass",5,16,0,0,0,1,1,0,0,0,3,NA,4,1,0,"N","N",121
"DOLPHD-5693","M",31,"Local","SinglePass",5,16,0,0,0,0,0,1,0,0,2,NA,3,1,0,"N","N",46
"DOLPHD-5698","M",30,"Local","SinglePass",5,16,1,0,0,0,0,0,0,0,3,NA,3,2,0,"N","N",71
"DOLPHD-5702","M",33,"Overseas","MultiPass",5,16,0,0,0,1,1,1,0,0,3,NA,4,2,0,"N","N",121
"DOLPHD-5703","M",33,"Local","MultiPass",5,16,0,0,1,1,1,1,0,0,1,NA,3,3,0,"Y","Y",121
"DOLPHD-5706","M",26,"Local","MultiPass",5,16,0,0,1,1,0,0,0,0,2,NA,2,2,0,"N","N",121
"DOLPHD-5707","M",26,"Local","SinglePass",5,16,1,0,0,0,0,0,1,0,1,NA,2,3,0,"N","Y",71
"DOLPHD-5708","M",32,"Overseas","SinglePass",5,16,0,1,0,0,0,0,0,0,1,NA,4,3,0,"N","N",71
"DOLPHD-5709","M",34,"Local","MultiPass",5,16,1,1,0,0,0,0,0,0,1,NA,4,4,0,"N","N",121
"DOLPHD-5714","M",27,"Overseas","SinglePass",5,16,0,1,0,0,1,1,0,0,3,NA,3,1,0,"N","N",121
"DOLPHD-5721","M",34,"Local","SinglePass",5,16,1,0,0,0,0,1,1,0,1,NA,2,4,0,"N","N",96
"DOLPHD-5722","M",31,"Local","SinglePass",5,16,0,0,0,0,1,1,0,0,2,NA,2,2,0,"N","N",71
"DOLPHD-5724","M",28,"Overseas","MultiPass",5,16,1,0,0,0,0,0,0,0,1,NA,2,4,0,"N","Y",121
"DOLPHD-5727","M",33,"Local","MultiPass",5,16,1,0,1,0,0,1,0,0,3,NA,3,2,0,"N","N",121
"DOLPHD-5728","M",34,"Local","SinglePass",5,16,1,0,0,0,0,0,0,0,3,NA,4,2,0,"N","N",71
"DOLPHD-5729","M",35,"Local","SinglePass",5,16,0,0,1,0,0,1,0,0,2,NA,2,1,0,"N","N",96
"DOLPHD-5730","M",32,"Local","MultiPass",5,16,1,0,0,1,0,0,1,0,2,NA,4,2,0,"N","N",121
"DOLPHD-5733","M",31,"Local","SinglePass",5,16,0,0,1,0,1,1,0,0,3,NA,2,1,0,"N","N",96
"DOLPHD-5734","M",30,"Local","MultiPass",5,16,1,0,1,1,0,0,1,0,1,NA,2,4,0,"N","N",121
"DOLPHD-5736","M",31,"Overseas","SinglePass",5,16,0,0,0,0,0,1,0,0,1,NA,4,4,0,"N","N",71
"DOLPHD-5737","M",32,"Overseas","MultiPass",5,16,0,1,0,1,0,1,1,0,1,NA,4,4,0,"N","N",121
"DOLPHD-5738","M",29,"Overseas","MultiPass",5,16,1,0,1,0,0,1,0,0,2,NA,2,2,0,"N","N",121
"DOLPHD-5739","M",29,"Local","SinglePass",5,16,1,0,1,0,1,0,0,0,1,NA,3,4,0,"N","N",121
"DOLPHD-5741","M",35,"Local","MultiPass",5,16,1,1,1,1,0,1,1,0,1,NA,2,3,0,"N","Y",121
"DOLPHD-5742","M",33,"Local","SinglePass",5,16,1,0,1,0,0,1,1,0,3,NA,3,2,0,"N","N",146
"DOLPHD-5743","M",27,"Local","SinglePass",5,16,1,0,0,0,1,1,0,0,2,NA,2,2,0,"N","N",121
"DOLPHD-5745","M",32,"Local","MultiPass",5,16,1,0,1,1,0,0,0,0,1,NA,2,3,0,"N","Y",121
"DOLPHD-5750","M",27,"Overseas","SinglePass",5,16,0,0,1,0,0,1,1,0,2,NA,2,2,0,"N","N",121
"DOLPHD-5753","M",30,"Local","SinglePass",5,16,1,0,0,0,0,0,0,0,3,NA,3,2,0,"Y","Y",46
"DOLPHD-5754","M",31,"Local","SinglePass",5,16,0,0,0,0,0,0,0,0,1,NA,4,3,0,"N","N",46
"DOLPHD-5755","M",27,"Local","MultiPass",5,16,0,0,1,1,1,1,1,0,1,NA,3,3,0,"N","N",121
"DOLPHD-5758","M",30,"Local","MultiPass",5,16,1,0,0,1,0,0,0,0,2,NA,4,1,0,"N","N",121
"DOLPHD-5759","M",31,"Overseas","MultiPass",5,16,1,0,0,1,0,0,0,0,1,NA,4,3,0,"N","N",121
"DOLPHD-5762","M",35,"Overseas","MultiPass",5,16,1,0,1,1,0,0,0,0,1,NA,3,4,0,"Y","Y",121
"DOLPHD-5763","M",28,"Local","SinglePass",5,16,0,0,0,0,0,1,1,0,2,NA,3,2,0,"N","N",96
"DOLPHD-5767","M",33,"Local","SinglePass",5,16,1,0,1,0,0,1,1,0,1,NA,4,3,0,"N","N",121
"DOLPHD-5769","M",35,"Local","MultiPass",5,16,0,0,0,1,0,0,1,0,1,NA,2,3,0,"N","N",121
"DOLPHD-5770","M",32,"Local","SinglePass",5,16,1,1,1,0,0,0,0,0,1,NA,4,4,0,"N","N",121
"DOLPHD-5771","M",29,"Overseas","SinglePass",5,16,0,1,1,0,0,1,0,0,1,NA,3,4,0,"N","Y",96
"DOLPHD-5775","M",35,"Local","SinglePass",5,16,0,0,1,0,0,0,0,0,2,NA,4,1,0,"N","N",46
"DOLPHD-5776","M",32,"Local","MultiPass",5,16,0,1,0,1,1,0,1,0,1,NA,2,4,0,"N","N",121
"DOLPHD-5782","M",27,"Local","SinglePass",5,16,1,1,0,0,1,1,1,0,3,NA,2,1,0,"N","N",146
"DOLPHD-5784","M",26,"Overseas","SinglePass",5,16,1,0,0,0,1,1,1,0,1,NA,4,4,0,"N","Y",121
"DOLPHD-5786","M",29,"Overseas","MultiPass",5,16,1,1,0,1,0,0,0,0,1,NA,4,4,0,"N","Y",121
"DOLPHD-5792","M",27,"Overseas","SinglePass",5,16,0,0,0,0,1,0,0,0,1,NA,3,4,0,"N","Y",71
"DOLPHD-5793","M",31,"Local","MultiPass",5,16,1,0,1,0,0,0,0,0,2,NA,2,1,0,"Y","Y",121
"DOLPHD-5794","M",34,"Local","MultiPass",5,16,1,1,0,1,1,1,0,0,2,NA,3,2,0,"Y","Y",121
"DOLPHD-5796","M",33,"Overseas","SinglePass",5,16,0,0,0,0,0,0,1,0,2,NA,3,1,0,"Y","N",71
"DOLPHD-5797","M",35,"Overseas","MultiPass",5,16,1,0,0,0,0,1,1,0,3,NA,2,1,0,"N","Y",121
"DOLPHD-5801","M",26,"Local","MultiPass",5,16,0,0,0,0,0,1,0,0,2,NA,4,1,0,"Y","N",121
"DOLPHD-5807","M",32,"Overseas","MultiPass",5,16,0,0,0,0,0,0,0,0,3,NA,2,1,0,"N","Y",121
"DOLPHD-5809","M",27,"Overseas","SinglePass",5,16,0,0,1,0,0,1,0,0,3,NA,2,2,0,"N","Y",71
"DOLPHD-5812","M",31,"Local","SinglePass",5,16,0,0,0,0,1,1,1,0,1,NA,4,4,0,"N","N",121
"DOLPHD-5813","M",31,"Local","SinglePass",5,16,1,0,1,0,1,0,0,0,1,NA,4,4,0,"N","N",96
"DOLPHD-5814","M",26,"Local","MultiPass",5,16,0,1,0,1,1,0,1,0,1,NA,3,3,0,"N","Y",121
"DOLPHD-5817","M",34,"Local","SinglePass",5,16,1,1,0,0,0,0,0,0,1,NA,2,3,0,"N","Y",96
"DOLPHD-5818","M",29,"Local","MultiPass",5,16,1,0,0,0,0,0,1,0,2,NA,2,1,0,"N","N",121
"DOLPHD-5820","M",31,"Overseas","SinglePass",5,16,0,0,1,0,0,0,0,0,1,NA,2,4,0,"N","N",46
"DOLPHD-5821","M",29,"Overseas","MultiPass",5,16,1,0,1,1,0,1,0,0,3,NA,2,1,0,"N","Y",121
"DOLPHD-5823","M",34,"Local","SinglePass",5,16,0,1,0,0,0,1,0,0,2,NA,2,2,0,"N","N",71
"DOLPHD-5826","M",35,"Local","SinglePass",5,16,0,0,1,0,0,1,0,0,3,NA,4,2,0,"Y","Y",71
"DOLPHD-5828","M",34,"Overseas","MultiPass",5,16,1,1,0,1,1,1,0,0,1,NA,2,4,0,"N","N",121
"DOLPHD-5829","M",32,"Local","MultiPass",5,16,1,1,0,1,0,0,1,0,3,NA,2,1,0,"N","N",121
"DOLPHD-5830","M",34,"Local","SinglePass",5,16,1,0,0,0,0,0,0,0,2,NA,3,1,0,"N","N",46
"DOLPHD-5832","M",31,"Overseas","MultiPass",5,16,0,1,1,0,0,1,0,0,3,NA,4,2,0,"N","N",121
"DOLPHD-5834","M",31,"Overseas","SinglePass",5,16,1,0,0,0,0,0,0,0,2,NA,2,1,0,"Y","Y",71
"DOLPHD-5837","M",33,"Local","SinglePass",5,16,1,0,0,0,0,0,0,0,1,NA,3,3,0,"N","Y",46
"DOLPHD-5844","M",35,"Overseas","SinglePass",5,16,1,0,0,0,0,0,0,0,2,NA,2,2,0,"N","N",46
"DOLPHD-5845","M",27,"Overseas","SinglePass",5,16,0,0,1,0,1,0,0,0,3,NA,4,1,0,"N","N",96
"DOLPHD-5846","M",28,"Overseas","MultiPass",5,16,0,0,1,0,1,1,0,0,2,NA,2,1,0,"N","N",121
"DOLPHD-5847","M",30,"Local","SinglePass",5,16,0,0,1,0,1,0,1,0,1,NA,4,4,0,"N","N",121
"DOLPHD-5850","M",34,"Local","MultiPass",5,16,1,0,0,1,0,1,1,0,1,NA,2,4,0,"N","N",121
"DOLPHD-5852","M",34,"Overseas","SinglePass",5,16,1,0,1,0,1,0,0,0,1,NA,3,4,0,"N","N",121
"DOLPHD-5855","M",35,"Overseas","SinglePass",5,16,1,0,1,0,0,0,0,0,2,NA,2,1,0,"N","N",71
"DOLPHD-5857","M",30,"Overseas","MultiPass",5,16,1,0,0,0,0,1,0,0,3,NA,2,1,0,"N","Y",121
"DOLPHD-5862","M",35,"Local","SinglePass",5,16,1,1,1,0,0,0,1,0,1,NA,3,4,0,"Y","Y",146
"DOLPHD-5863","M",35,"Local","MultiPass",5,16,1,0,0,1,1,1,1,0,1,NA,4,4,0,"N","N",121
"DOLPHD-5864","M",35,"Overseas","MultiPass",5,16,1,0,1,1,0,1,0,0,1,NA,3,3,0,"N","N",121
"DOLPHD-5865","M",35,"Local","SinglePass",5,16,0,0,0,0,1,0,1,0,3,NA,3,1,0,"N","N",71
"DOLPHD-5872","M",35,"Local","SinglePass",5,16,0,1,0,0,0,1,1,0,2,NA,4,1,0,"N","Y",96
"DOLPHD-5878","M",27,"Local","MultiPass",5,16,1,0,1,1,0,0,0,0,1,NA,3,4,0,"Y","Y",121
"DOLPHD-5879","M",33,"Overseas","SinglePass",5,16,1,0,0,0,1,0,1,0,1,NA,2,4,0,"N","N",96
"DOLPHD-5882","M",26,"Overseas","SinglePass",5,16,1,0,0,0,0,1,0,0,2,NA,4,2,0,"N","N",71
"DOLPHD-5883","M",34,"Local","SinglePass",5,16,1,0,0,0,1,1,0,0,3,NA,4,1,0,"N","Y",121
"DOLPHD-5884","M",33,"Local","MultiPass",5,16,1,0,0,1,0,1,1,0,2,NA,2,2,0,"N","N",121
"DOLPHD-5885","M",35,"Local","MultiPass",5,16,0,1,0,0,0,0,0,0,1,NA,4,4,0,"N","N",121
"DOLPHD-5886","M",35,"Local","SinglePass",5,16,0,0,1,0,0,0,1,0,2,NA,4,1,0,"N","N",96
"DOLPHD-5888","M",32,"Overseas","MultiPass",5,16,0,0,1,0,1,0,0,0,3,NA,4,1,0,"N","N",121
"DOLPHD-5889","M",35,"Local","SinglePass",5,16,0,0,0,0,0,1,0,0,3,NA,2,1,0,"N","N",46
"DOLPHD-5890","M",35,"Local","SinglePass",5,16,0,0,1,0,0,1,0,0,3,NA,4,1,0,"N","N",71
"DOLPHD-5892","M",28,"Overseas","MultiPass",5,16,0,1,1,0,1,0,0,0,2,NA,2,2,0,"Y","Y",121
"DOLPHD-5894","M",27,"Overseas","SinglePass",5,16,0,0,0,0,1,0,1,0,3,NA,2,2,0,"N","N",96
"DOLPHD-5895","M",33,"Local","MultiPass",5,16,1,0,0,0,0,1,1,0,2,NA,4,1,0,"N","N",121
"DOLPHD-5902","M",27,"Local","MultiPass",5,16,0,0,0,1,1,0,0,0,1,NA,3,4,0,"N","N",121
"DOLPHD-5906","M",28,"Overseas","MultiPass",5,16,0,1,0,0,1,0,1,0,1,NA,3,3,0,"N","N",121
"DOLPHD-5908","M",30,"Local","SinglePass",5,16,1,1,0,0,0,1,0,0,1,NA,2,3,0,"N","N",121
"DOLPHD-5911","M",34,"Local","SinglePass",5,16,1,0,1,0,0,1,0,0,3,NA,2,2,0,"N","N",96
"DOLPHD-5912","M",26,"Overseas","MultiPass",5,16,1,0,0,0,0,0,0,0,2,NA,3,1,0,"N","N",121
"DOLPHD-5913","M",34,"Local","MultiPass",5,16,1,0,0,0,1,0,1,0,3,NA,4,1,0,"N","N",121
"DOLPHD-5914","M",33,"Local","SinglePass",5,16,1,0,0,0,0,0,0,0,3,NA,2,2,0,"N","N",46
"DOLPHD-5915","M",28,"Overseas","SinglePass",5,16,1,1,1,0,0,0,1,0,1,NA,2,3,0,"N","N",146
"DOLPHD-5916","M",26,"Overseas","MultiPass",5,16,0,1,0,1,0,0,0,0,2,NA,3,2,0,"N","N",121
"DOLPHD-5917","M",35,"Overseas","SinglePass",5,16,1,0,1,0,1,1,0,0,1,NA,4,3,0,"Y","Y",121
"DOLPHD-5918","M",32,"Overseas","SinglePass",5,16,0,0,1,0,0,0,1,0,1,NA,4,3,0,"N","Y",71
"DOLPHD-5919","M",32,"Local","MultiPass",5,16,1,0,1,1,0,0,0,0,3,NA,3,2,0,"N","N",121
"DOLPHD-5922","M",27,"Local","SinglePass",5,16,0,0,1,0,1,0,0,0,2,NA,2,2,0,"N","N",96
"DOLPHD-5923","M",27,"Local","MultiPass",5,16,0,0,1,1,0,1,0,0,1,NA,3,3,0,"N","N",121
"DOLPHD-5927","M",30,"Overseas","MultiPass",5,16,0,0,1,1,1,0,1,0,1,NA,4,3,0,"N","N",121
"DOLPHD-5928","M",29,"Overseas","SinglePass",5,16,1,0,1,0,0,1,0,0,1,NA,4,4,0,"Y","Y",96
"DOLPHD-5929","M",31,"Overseas","SinglePass",5,16,1,0,1,0,1,0,0,0,1,NA,3,4,0,"N","N",96
"DOLPHD-5934","M",30,"Local","MultiPass",5,16,0,0,1,0,1,0,1,0,2,NA,4,2,0,"N","N",121
"DOLPHD-5938","M",30,"Local","SinglePass",5,16,1,0,0,0,1,1,0,0,2,NA,4,1,0,"N","N",121
"DOLPHD-5941","M",33,"Overseas","MultiPass",5,16,0,0,0,1,0,1,1,0,1,NA,4,4,0,"N","Y",121
"DOLPHD-5944","M",35,"Local","MultiPass",5,16,0,0,0,0,0,1,0,0,1,NA,3,4,0,"N","N",121
"DOLPHD-5945","M",30,"Local","SinglePass",5,16,0,0,0,0,0,1,1,0,3,NA,2,2,0,"N","N",96
"DOLPHD-5946","M",34,"Local","SinglePass",5,16,1,0,0,0,0,0,1,0,1,NA,2,4,0,"N","Y",96
"DOLPHD-5948","M",26,"Overseas","MultiPass",5,16,0,0,0,0,0,1,0,0,2,NA,2,2,0,"N","N",121
"DOLPHD-5949","M",27,"Local","SinglePass",5,16,0,0,1,0,0,1,1,0,2,NA,4,1,0,"N","N",121
"DOLPHD-5951","M",31,"Overseas","MultiPass",5,16,1,1,0,0,0,1,0,0,2,NA,2,2,0,"Y","Y",121
"DOLPHD-5952","M",29,"Overseas","SinglePass",5,16,1,1,0,0,0,0,1,0,2,NA,4,1,0,"N","N",121
"DOLPHD-5953","M",35,"Overseas","SinglePass",5,16,1,0,0,0,1,0,1,0,3,NA,2,2,0,"N","N",121
"DOLPHD-5957","M",35,"Local","SinglePass",5,16,0,0,0,0,0,0,0,0,2,NA,3,2,0,"N","N",21
"DOLPHD-5959","M",27,"Local","SinglePass",5,16,1,0,1,0,1,1,0,0,1,NA,4,4,0,"N","N",121
"DOLPHD-5961","M",32,"Local","MultiPass",5,16,1,0,0,1,0,1,0,0,3,NA,4,1,0,"N","N",121
"DOLPHD-5963","M",35,"Overseas","SinglePass",5,16,1,0,1,0,0,1,0,0,3,NA,3,1,0,"N","N",121
"DOLPHD-5964","M",29,"Overseas","SinglePass",5,16,0,0,1,0,1,1,0,0,3,NA,4,2,0,"N","N",121
"DOLPHD-5966","M",28,"Overseas","SinglePass",5,16,1,0,0,0,1,0,0,0,2,NA,3,2,0,"N","Y",71
"DOLPHD-5968","M",30,"Local","MultiPass",5,16,1,0,0,1,0,1,0,0,3,NA,4,2,0,"N","N",121
"DOLPHD-5969","M",30,"Local","MultiPass",5,16,0,0,1,1,1,0,0,0,1,NA,2,3,0,"N","N",121
"DOLPHD-5970","M",32,"Local","SinglePass",5,16,1,0,0,0,0,0,0,0,1,NA,4,4,0,"N","N",71
"DOLPHD-5971","M",28,"Local","SinglePass",5,16,0,0,1,0,0,1,0,0,1,NA,4,3,0,"N","N",71
"DOLPHD-5973","M",31,"Local","SinglePass",5,16,1,0,0,0,0,0,1,0,2,NA,4,1,0,"N","N",96
"DOLPHD-5975","M",35,"Overseas","MultiPass",5,16,1,0,0,1,0,0,0,0,1,NA,4,3,0,"N","N",121
"DOLPHD-5976","M",45,"Overseas","MultiPass",5,18,1,0,0,0,1,0,1,0,1,NA,3,3,0,"N","N",123
"DOLPHD-5977","M",43,"Overseas","SinglePass",5,18,0,0,0,0,0,1,0,0,2,NA,4,2,0,"N","N",73
"DOLPHD-5978","M",44,"Overseas","SinglePass",5,18,0,0,0,0,0,1,1,0,1,NA,4,4,0,"N","N",98
"DOLPHD-5982","M",40,"Local","MultiPass",5,16,1,1,0,0,0,0,0,0,3,NA,3,1,0,"N","N",121
"DOLPHD-5983","M",39,"Local","MultiPass",5,16,1,0,0,1,0,0,0,0,3,NA,2,2,0,"N","N",121
"DOLPHD-5987","M",38,"Overseas","SinglePass",5,16,1,0,1,0,0,0,0,0,1,NA,2,3,0,"N","Y",96
"DOLPHD-5988","M",40,"Overseas","SinglePass",5,16,1,0,1,0,0,1,1,0,2,NA,3,1,0,"N","N",121
"DOLPHD-5989","M",36,"Overseas","MultiPass",5,16,1,1,1,0,0,0,0,0,2,NA,4,1,0,"N","N",121
"DOLPHD-5990","M",48,"Overseas","MultiPass",5,18,0,0,1,0,0,1,0,0,1,NA,2,3,0,"N","N",123
"DOLPHD-5991","M",44,"Local","SinglePass",5,18,1,1,0,0,1,0,0,0,1,NA,3,4,0,"N","N",98
"DOLPHD-5992","M",37,"Local","SinglePass",5,16,1,1,1,0,0,0,1,0,3,NA,2,2,0,"Y","Y",146
"DOLPHD-5993","M",47,"Local","MultiPass",5,18,1,0,1,0,0,0,1,0,1,NA,4,3,0,"N","Y",123
"DOLPHD-5994","M",45,"Local","SinglePass",5,18,1,1,0,0,0,0,1,0,3,NA,3,1,0,"N","N",123
"DOLPHD-5995","M",40,"Local","SinglePass",5,16,0,0,1,0,0,0,0,0,1,NA,3,3,0,"N","N",46
"DOLPHD-5996","M",44,"Overseas","MultiPass",5,18,0,0,1,0,1,1,0,0,2,NA,4,1,0,"N","N",123
"DOLPHD-5997","M",43,"Local","MultiPass",5,18,0,0,0,0,0,1,0,0,1,NA,4,3,0,"N","N",123
"DOLPHD-5998","M",43,"Local","SinglePass",5,18,0,0,0,0,1,1,0,0,1,NA,2,3,0,"Y","Y",98
"DOLPHD-6001","M",37,"Overseas","SinglePass",5,16,1,0,0,0,0,0,0,0,2,NA,2,2,0,"N","N",71
"DOLPHD-6002","M",40,"Overseas","SinglePass",5,16,1,0,0,0,0,1,0,0,3,NA,3,2,0,"N","N",71
"DOLPHD-6004","M",48,"Local","MultiPass",5,18,1,0,0,0,1,1,0,0,3,NA,2,1,0,"N","N",123
"DOLPHD-6006","M",47,"Local","SinglePass",5,18,1,1,0,0,0,1,1,0,2,NA,3,2,0,"N","N",148
"DOLPHD-6007","M",46,"Local","MultiPass",5,18,0,0,0,0,1,0,1,0,3,NA,3,2,0,"N","N",123
"DOLPHD-6008","M",48,"Overseas","SinglePass",5,18,0,0,0,0,0,0,0,0,1,NA,3,3,0,"N","N",48
"DOLPHD-6009","M",41,"Local","SinglePass",5,18,1,1,0,0,0,0,0,0,1,NA,4,3,0,"N","Y",73
"DOLPHD-6010","M",42,"Local","MultiPass",5,18,1,0,0,0,1,0,0,0,3,NA,3,1,0,"N","N",123
"DOLPHD-6011","M",38,"Overseas","MultiPass",5,16,0,0,1,1,0,0,0,0,3,NA,2,2,0,"N","N",121
"DOLPHD-6012","M",46,"Overseas","SinglePass",5,18,0,0,1,0,1,0,0,0,2,NA,2,2,0,"N","N",73
"DOLPHD-6015","M",38,"Local","SinglePass",5,16,0,0,0,0,0,0,0,0,3,NA,4,2,0,"N","Y",21
"DOLPHD-6016","M",47,"Local","SinglePass",5,18,0,0,0,0,1,1,1,0,1,NA,4,4,0,"N","Y",123
"DOLPHD-6017","M",43,"Local","MultiPass",5,18,1,0,1,0,1,0,1,0,3,NA,2,2,0,"N","N",123
"DOLPHD-6022","M",46,"Local","SinglePass",5,18,1,0,0,0,0,0,1,0,1,NA,4,4,0,"N","N",73
"DOLPHD-6023","M",43,"Overseas","SinglePass",5,18,1,1,0,0,0,0,0,0,1,NA,2,4,0,"N","N",98
"DOLPHD-6025","M",41,"Overseas","MultiPass",5,18,0,0,0,0,1,1,1,0,1,NA,3,4,0,"N","N",123
"DOLPHD-6026","M",43,"Overseas","SinglePass",5,18,0,0,0,0,1,1,0,0,1,NA,4,4,0,"N","N",73
"DOLPHD-6027","M",36,"Local","SinglePass",5,16,0,0,0,0,0,0,1,0,3,NA,3,1,0,"N","N",71
"DOLPHD-6031","M",41,"Local","MultiPass",5,18,1,0,0,0,0,0,0,0,1,NA,3,4,0,"N","N",123
"DOLPHD-6032","M",45,"Overseas","MultiPass",5,18,1,0,1,0,0,1,1,0,1,NA,3,3,0,"N","N",123
"DOLPHD-6034","M",39,"Local","SinglePass",5,16,0,0,1,0,0,1,0,0,3,NA,3,1,0,"N","Y",96
"DOLPHD-6037","M",42,"Overseas","SinglePass",5,18,1,0,0,0,0,1,0,0,1,NA,3,4,0,"N","Y",73
"DOLPHD-6040","M",41,"Local","SinglePass",5,18,0,1,1,0,0,0,1,0,2,NA,4,2,0,"N","N",123
"DOLPHD-6043","M",36,"Local","SinglePass",5,16,1,0,1,0,0,0,0,0,2,NA,4,2,0,"N","N",71
"DOLPHD-6044","M",46,"Overseas","SinglePass",5,18,0,0,1,0,0,0,0,0,1,NA,3,3,0,"N","Y",48
"DOLPHD-6045","M",41,"Local","MultiPass",5,18,1,1,0,0,0,1,0,0,3,NA,4,1,0,"Y","Y",123
"DOLPHD-6046","M",48,"Local","MultiPass",5,18,0,0,0,0,1,0,1,0,1,NA,4,4,0,"N","N",123
"DOLPHD-6048","M",45,"Overseas","SinglePass",5,18,1,0,1,0,0,1,0,0,1,NA,2,3,0,"N","N",98
"DOLPHD-6053","M",47,"Local","MultiPass",5,18,1,1,0,0,0,1,0,0,2,NA,3,2,0,"Y","Y",123
"DOLPHD-6054","M",39,"Local","SinglePass",5,16,1,0,1,0,0,1,0,0,2,NA,4,1,0,"N","N",121
"DOLPHD-6057","M",41,"Local","SinglePass",5,18,1,0,1,0,0,1,0,0,3,NA,2,2,0,"N","Y",98
"DOLPHD-6058","M",39,"Local","SinglePass",5,16,0,0,0,0,0,0,0,0,2,NA,2,2,0,"N","Y",21
"DOLPHD-6059","M",40,"Overseas","MultiPass",5,16,0,0,1,1,1,0,0,0,3,NA,2,2,0,"N","N",121
"DOLPHD-6060","M",39,"Overseas","MultiPass",5,16,1,0,0,0,0,0,0,0,1,NA,3,3,0,"N","N",121
"DOLPHD-6062","M",42,"Overseas","SinglePass",5,18,1,0,0,0,1,1,1,0,1,NA,2,4,0,"N","Y",148
"DOLPHD-6065","M",41,"Local","SinglePass",5,18,1,0,0,0,1,0,0,0,3,NA,3,2,0,"N","N",98
"DOLPHD-6068","M",38,"Overseas","SinglePass",5,16,0,0,0,0,1,0,0,0,1,NA,4,4,0,"N","N",46
"DOLPHD-6070","M",43,"Local","MultiPass",5,18,0,0,0,0,0,0,0,0,3,NA,2,2,0,"N","N",123
"DOLPHD-6072","M",40,"Overseas","SinglePass",5,16,1,0,1,0,0,1,1,0,2,NA,3,2,0,"N","Y",121
"DOLPHD-6074","M",47,"Overseas","MultiPass",5,18,1,1,1,0,0,0,0,0,2,NA,4,2,0,"N","N",123
"DOLPHD-6075","M",43,"Local","SinglePass",5,18,1,0,0,0,0,0,0,0,1,NA,4,4,0,"N","N",73
"DOLPHD-6077","M",44,"Local","MultiPass",5,18,1,0,0,0,0,0,1,0,2,NA,4,1,0,"Y","N",123
"DOLPHD-6078","M",44,"Local","SinglePass",5,18,1,0,0,0,0,0,0,0,1,NA,4,3,0,"N","N",73
"DOLPHD-6082","M",45,"Local","SinglePass",5,18,0,0,0,0,0,0,0,0,2,NA,2,2,0,"N","N",23
"DOLPHD-6084","M",37,"Overseas","MultiPass",5,16,0,1,0,1,0,1,0,0,3,NA,2,1,0,"N","N",121
"DOLPHD-6086","M",45,"Overseas","SinglePass",5,18,0,1,1,0,0,1,0,0,1,NA,2,3,0,"Y","Y",123
"DOLPHD-6094","M",43,"Local","MultiPass",5,18,0,0,1,0,1,1,1,0,2,NA,4,2,0,"N","N",123
"DOLPHD-6098","M",46,"Overseas","MultiPass",5,18,1,1,1,0,0,1,0,0,1,NA,2,3,0,"N","N",123
"DOLPHD-6100","M",36,"Local","SinglePass",5,16,1,0,1,0,0,1,1,0,1,NA,3,3,0,"N","N",146
"DOLPHD-6101","M",38,"Local","MultiPass",5,16,1,0,1,1,0,0,0,0,3,NA,4,2,0,"Y","Y",121
"DOLPHD-6103","M",38,"Local","SinglePass",5,16,1,0,0,0,0,0,0,0,3,NA,3,2,0,"Y","Y",46
"DOLPHD-6104","M",47,"Overseas","SinglePass",5,18,0,0,1,0,0,0,1,0,2,NA,4,2,0,"N","Y",98
"DOLPHD-6107","M",38,"Overseas","SinglePass",5,16,0,0,0,0,1,1,1,0,1,NA,3,4,0,"N","Y",121
"DOLPHD-6108","M",42,"Overseas","MultiPass",5,18,0,0,1,0,1,0,1,0,3,NA,4,1,0,"N","Y",123
"DOLPHD-6113","M",40,"Local","SinglePass",5,16,0,0,0,0,0,0,0,0,1,NA,3,3,0,"N","N",46
"DOLPHD-6115","M",40,"Local","MultiPass",5,16,1,0,0,1,0,0,1,0,1,NA,3,3,0,"N","Y",121
"DOLPHD-6116","M",37,"Overseas","MultiPass",5,16,1,0,1,1,1,0,0,0,2,NA,4,2,0,"N","N",121
"DOLPHD-6117","M",46,"Local","SinglePass",5,18,1,0,0,0,1,1,1,0,1,NA,2,4,0,"N","Y",123
"DOLPHD-6119","M",41,"Overseas","MultiPass",5,18,1,1,1,0,1,1,0,0,3,NA,3,2,0,"N","N",123
"DOLPHD-6120","M",38,"Overseas","SinglePass",5,16,1,1,0,0,0,1,0,0,2,NA,3,2,0,"N","N",121
"DOLPHD-6121","M",39,"Overseas","SinglePass",5,16,0,0,1,0,0,0,0,0,1,NA,4,4,0,"N","N",71
"DOLPHD-6122","M",41,"Overseas","MultiPass",5,18,1,0,1,0,0,1,0,0,3,NA,4,1,0,"N","N",123
"DOLPHD-6128","M",43,"Overseas","SinglePass",5,18,0,0,1,0,0,1,0,0,2,NA,3,2,0,"N","N",98
"DOLPHD-6131","M",44,"Overseas","SinglePass",5,18,1,0,0,0,0,0,0,0,3,NA,2,2,0,"N","N",73
"DOLPHD-6133","M",39,"Overseas","MultiPass",5,16,1,0,0,0,0,1,0,0,3,NA,3,2,0,"N","N",121
"DOLPHD-6134","M",46,"Overseas","SinglePass",5,18,0,0,0,0,1,1,0,0,2,NA,3,2,0,"N","N",98
"DOLPHD-6135","M",40,"Local","SinglePass",5,16,0,0,0,0,0,0,1,0,1,NA,3,4,0,"N","Y",71
"DOLPHD-6136","M",45,"Local","MultiPass",5,18,0,0,1,0,0,1,1,0,3,NA,3,2,0,"N","N",123
"DOLPHD-6138","M",36,"Local","SinglePass",5,16,0,0,0,0,0,1,0,0,2,NA,2,2,0,"N","N",71
"DOLPHD-6142","M",45,"Local","SinglePass",5,18,0,0,1,0,1,1,1,0,1,NA,3,4,0,"N","N",123
"DOLPHD-6143","M",47,"Overseas","MultiPass",5,18,0,0,0,0,0,0,1,0,2,NA,2,1,0,"Y","Y",123
"DOLPHD-6144","M",45,"Overseas","MultiPass",5,18,1,0,1,0,0,1,0,0,3,NA,4,2,0,"Y","Y",123
"DOLPHD-6149","M",43,"Local","SinglePass",5,18,0,0,1,0,0,1,1,0,1,NA,4,4,0,"N","Y",123
"DOLPHD-6152","M",44,"Overseas","SinglePass",5,18,1,0,1,0,1,1,1,0,3,NA,4,2,0,"N","N",173
"DOLPHD-6153","M",37,"Local","SinglePass",5,16,0,0,0,0,0,1,0,0,1,NA,4,3,0,"Y","Y",71
"DOLPHD-6155","M",48,"Overseas","SinglePass",5,18,0,1,0,0,0,0,1,0,1,NA,3,4,0,"N","N",73
"DOLPHD-6158","M",42,"Overseas","MultiPass",5,18,0,0,1,0,1,0,0,0,1,NA,2,3,0,"N","Y",123
"DOLPHD-6159","M",37,"Local","SinglePass",5,16,1,0,1,0,0,1,0,0,2,NA,3,1,0,"Y","Y",121
"DOLPHD-6163","M",47,"Local","SinglePass",5,18,0,0,0,0,1,1,0,0,1,NA,4,3,0,"N","N",73
"DOLPHD-6165","M",40,"Local","MultiPass",5,16,0,0,1,1,0,1,1,0,1,NA,3,3,0,"N","N",121
"DOLPHD-6166","M",38,"Local","SinglePass",5,16,0,1,0,0,1,1,0,0,2,NA,2,1,0,"N","Y",96
"DOLPHD-6168","M",42,"Overseas","MultiPass",5,18,1,1,1,0,0,0,1,0,3,NA,4,2,0,"Y","Y",123
"DOLPHD-6171","M",55,"Local","MultiPass",5,18,NA,NA,NA,0,NA,NA,NA,0,1,NA,4,3,0,"N","N",123
"DOLPHD-6172","M",51,"Local","MultiPass",5,18,NA,NA,NA,0,NA,NA,NA,0,2,NA,3,1,0,"N","Y",123
"DOLPHD-6176","M",49,"Overseas","SinglePass",5,18,1,0,0,0,0,1,1,0,3,NA,3,1,0,"N","Y",123
"DOLPHD-6177","M",53,"Local","SinglePass",5,18,NA,NA,NA,0,NA,NA,NA,1,1,NA,4,3,0,"N","Y",48
"DOLPHD-6179","M",55,"Overseas","MultiPass",5,18,NA,NA,NA,0,NA,NA,NA,0,2,NA,3,1,0,"N","Y",123
"DOLPHD-6180","M",54,"Overseas","SinglePass",5,18,NA,NA,NA,0,NA,NA,NA,0,1,NA,3,3,0,"N","N",23
"DOLPHD-6181","M",55,"Overseas","SinglePass",5,18,NA,NA,NA,0,NA,NA,NA,0,2,NA,4,2,0,"N","N",23
"DOLPHD-6183","M",54,"Local","SinglePass",5,18,NA,NA,NA,0,NA,NA,NA,0,1,NA,2,4,0,"N","N",23
"DOLPHD-6185","M",54,"Local","MultiPass",5,18,NA,NA,NA,0,NA,NA,NA,1,1,NA,4,3,0,"N","Y",123
"DOLPHD-6186","M",54,"Local","MultiPass",5,18,NA,NA,NA,0,NA,NA,NA,0,2,NA,3,2,0,"N","N",123
"DOLPHD-6191","M",50,"Overseas","SinglePass",5,18,NA,NA,NA,0,NA,NA,NA,1,1,NA,4,3,0,"N","N",48
"DOLPHD-6193","M",50,"Overseas","MultiPass",5,18,NA,NA,NA,0,NA,NA,NA,1,2,NA,3,2,0,"N","N",123
"DOLPHD-6195","M",54,"Local","SinglePass",5,18,NA,NA,NA,0,NA,NA,NA,1,1,NA,3,4,0,"N","N",48
"DOLPHD-6197","M",54,"Local","SinglePass",5,18,NA,NA,NA,0,NA,NA,NA,1,3,NA,4,1,0,"N","N",48
"DOLPHD-6199","M",49,"Local","MultiPass",5,18,0,0,1,0,1,1,1,0,1,NA,3,3,0,"N","Y",123
"DOLPHD-6205","M",54,"Overseas","SinglePass",5,18,NA,NA,NA,0,NA,NA,NA,1,1,NA,3,4,0,"N","N",48
"DOLPHD-6208","M",51,"Local","SinglePass",5,18,NA,NA,NA,0,NA,NA,NA,1,2,NA,4,1,0,"N","N",48
"DOLPHD-6211","M",53,"Local","SinglePass",5,18,NA,NA,NA,0,NA,NA,NA,1,2,NA,3,2,0,"N","N",48
"DOLPHD-6216","M",49,"Overseas","SinglePass",5,18,1,0,0,0,0,0,0,0,3,NA,3,2,0,"N","N",48
"DOLPHD-6217","M",52,"Overseas","MultiPass",5,18,NA,NA,NA,0,NA,NA,NA,1,3,NA,2,2,0,"N","N",123
"DOLPHD-6219","M",54,"Local","SinglePass",5,18,NA,NA,NA,0,NA,NA,NA,1,2,NA,4,2,0,"N","N",48
"DOLPHD-6221","M",51,"Local","MultiPass",5,18,NA,NA,NA,0,NA,NA,NA,0,3,NA,4,2,0,"Y","Y",123
"DOLPHD-6223","M",51,"Local","SinglePass",5,18,NA,NA,NA,0,NA,NA,NA,1,2,NA,4,2,0,"N","N",48
"DOLPHD-6225","M",52,"Local","SinglePass",5,18,NA,NA,NA,0,NA,NA,NA,1,1,NA,4,3,0,"N","N",48
"DOLPHD-6228","M",52,"Overseas","MultiPass",5,18,NA,NA,NA,0,NA,NA,NA,1,1,NA,3,3,0,"N","Y",123
"DOLPHD-6229","M",50,"Overseas","SinglePass",5,18,NA,NA,NA,0,NA,NA,NA,0,1,NA,2,3,0,"N","N",23
"DOLPHD-6230","M",52,"Overseas","SinglePass",5,18,NA,NA,NA,0,NA,NA,NA,0,1,NA,4,3,0,"Y","Y",23
"DOLPHD-6231","M",53,"Local","MultiPass",5,18,NA,NA,NA,0,NA,NA,NA,1,1,NA,2,4,0,"Y","N",123
"DOLPHD-6236","M",52,"Overseas","SinglePass",5,18,NA,NA,NA,0,NA,NA,NA,1,3,NA,3,1,0,"N","Y",48
"DOLPHD-6240","M",49,"Overseas","SinglePass",5,18,1,0,0,0,0,0,0,0,1,NA,3,4,0,"N","N",48
"DOLPHD-6242","M",49,"Overseas","MultiPass",5,18,0,0,0,0,0,1,0,0,3,NA,4,1,0,"N","Y",123
"DOLPHD-6243","M",54,"Local","SinglePass",5,18,NA,NA,NA,0,NA,NA,NA,0,3,NA,3,2,0,"N","N",23
"DOLPHD-6246","M",54,"Local","SinglePass",5,18,NA,NA,NA,0,NA,NA,NA,1,1,NA,3,4,0,"N","N",48
"DOLPHD-6247","M",51,"Local","SinglePass",5,18,NA,NA,NA,0,NA,NA,NA,0,1,NA,4,4,0,"N","N",23
"DOLPHD-6248","M",53,"Overseas","MultiPass",5,18,NA,NA,NA,0,NA,NA,NA,0,1,NA,2,3,0,"N","N",123
"DOLPHD-6252","M",52,"Overseas","MultiPass",5,18,NA,NA,NA,0,NA,NA,NA,0,1,NA,4,3,0,"N","N",123
"DOLPHD-6255","M",55,"Local","MultiPass",5,18,NA,NA,NA,0,NA,NA,NA,0,1,NA,2,3,0,"N","N",123
"DOLPHD-6256","M",52,"Local","MultiPass",5,18,NA,NA,NA,0,NA,NA,NA,0,1,NA,3,3,0,"N","N",123
"DOLPHD-6257","M",54,"Local","SinglePass",5,18,NA,NA,NA,0,NA,NA,NA,0,3,NA,4,2,0,"N","N",23
"DOLPHD-6258","M",53,"Local","SinglePass",5,18,NA,NA,NA,0,NA,NA,NA,1,3,NA,4,2,0,"N","N",48
"DOLPHD-6259","M",54,"Local","MultiPass",5,18,NA,NA,NA,0,NA,NA,NA,0,1,NA,4,4,0,"N","N",123
"DOLPHD-6264","M",49,"Overseas","SinglePass",5,18,1,0,0,0,1,1,1,0,1,NA,2,4,0,"N","Y",123
"DOLPHD-6266","M",54,"Overseas","MultiPass",5,18,NA,NA,NA,0,NA,NA,NA,1,3,NA,4,2,0,"N","Y",123
"DOLPHD-6270","M",55,"Local","MultiPass",5,18,NA,NA,NA,0,NA,NA,NA,1,1,NA,2,3,0,"N","N",123
"DOLPHD-6272","M",50,"Overseas","SinglePass",5,18,NA,NA,NA,0,NA,NA,NA,1,3,NA,2,2,0,"N","N",48
"DOLPHD-6276","M",53,"Overseas","MultiPass",5,18,NA,NA,NA,0,NA,NA,NA,1,2,NA,4,2,0,"N","N",123
"DOLPHD-6286","M",56,"Local","SinglePass",5,18,NA,NA,NA,0,NA,NA,NA,0,2,NA,2,2,0,"N","N",23
"DOLPHD-6290","M",59,"Overseas","MultiPass",5,18,NA,NA,NA,0,NA,NA,NA,1,1,NA,3,3,0,"N","Y",123
"DOLPHD-6292","M",57,"Local","SinglePass",5,18,NA,NA,NA,0,NA,NA,NA,0,1,NA,2,3,0,"N","N",23
"DOLPHD-6293","M",58,"Local","SinglePass",5,18,NA,NA,NA,0,NA,NA,NA,1,3,NA,3,2,0,"N","Y",48
"DOLPHD-6294","M",65,"Local","MultiPass",5,18,NA,NA,NA,0,NA,NA,NA,1,2,NA,3,2,0,"N","N",123
"DOLPHD-6295","M",64,"Local","SinglePass",5,18,NA,NA,NA,0,NA,NA,NA,0,2,NA,3,2,0,"N","N",23
"DOLPHD-6298","M",65,"Local","MultiPass",5,18,NA,NA,NA,0,NA,NA,NA,0,2,NA,3,1,0,"N","N",123
"DOLPHD-6300","M",56,"Overseas","SinglePass",5,18,NA,NA,NA,0,NA,NA,NA,0,1,NA,4,4,0,"N","Y",23
"DOLPHD-6302","M",59,"Overseas","SinglePass",5,18,NA,NA,NA,0,NA,NA,NA,0,1,NA,2,3,0,"N","Y",23
"DOLPHD-6304","M",60,"Local","MultiPass",5,18,NA,NA,NA,0,NA,NA,NA,0,2,NA,3,2,0,"N","N",123
"DOLPHD-6305","M",58,"Local","MultiPass",5,18,NA,NA,NA,0,NA,NA,NA,1,1,NA,4,4,0,"N","N",123
"DOLPHD-6306","M",65,"Local","SinglePass",5,18,NA,NA,NA,0,NA,NA,NA,0,1,NA,3,4,0,"N","N",23
"DOLPHD-6307","M",64,"Local","SinglePass",5,18,NA,NA,NA,0,NA,NA,NA,0,1,NA,2,3,0,"N","N",23
"DOLPHD-6308","M",57,"Overseas","MultiPass",5,18,NA,NA,NA,0,NA,NA,NA,1,3,NA,3,1,0,"N","Y",123
"DOLPHD-6311","M",66,"Overseas","MultiPass",5,18,NA,NA,NA,0,NA,NA,NA,1,1,NA,2,3,0,"N","N",123
"DOLPHD-6312","M",58,"Overseas","MultiPass",5,18,NA,NA,NA,0,NA,NA,NA,0,1,NA,3,4,0,"N","N",123
"DOLPHD-6315","M",59,"Local","MultiPass",5,18,NA,NA,NA,0,NA,NA,NA,0,1,NA,4,4,0,"N","N",123
"DOLPHD-6316","M",56,"Local","SinglePass",5,18,NA,NA,NA,0,NA,NA,NA,0,2,NA,2,1,0,"Y","Y",23
"DOLPHD-6317","M",56,"Local","SinglePass",5,18,NA,NA,NA,0,NA,NA,NA,1,3,NA,4,2,0,"N","N",48
"DOLPHD-6319","M",64,"Local","MultiPass",5,18,NA,NA,NA,0,NA,NA,NA,1,2,NA,3,2,0,"N","N",123
"DOLPHD-6321","M",64,"Local","SinglePass",5,18,NA,NA,NA,0,NA,NA,NA,1,1,NA,2,4,0,"N","N",48
"DOLPHD-6322","M",64,"Local","MultiPass",5,18,NA,NA,NA,0,NA,NA,NA,1,2,NA,3,1,0,"N","Y",123
"DOLPHD-6326","M",63,"Overseas","MultiPass",5,18,NA,NA,NA,0,NA,NA,NA,1,1,NA,2,3,0,"N","N",123
"DOLPHD-6330","M",57,"Local","SinglePass",5,18,NA,NA,NA,0,NA,NA,NA,0,3,NA,3,2,0,"N","N",23
"DOLPHD-6331","M",66,"Local","SinglePass",5,18,NA,NA,NA,0,NA,NA,NA,0,1,NA,3,4,0,"Y","Y",23
"DOLPHD-6332","M",56,"Overseas","MultiPass",5,18,NA,NA,NA,0,NA,NA,NA,0,2,NA,2,2,0,"N","N",123
"DOLPHD-6333","M",61,"Local","MultiPass",5,18,NA,NA,NA,0,NA,NA,NA,1,3,NA,4,1,0,"N","N",123
"DOLPHD-6334","M",64,"Local","SinglePass",5,18,NA,NA,NA,0,NA,NA,NA,1,1,NA,3,4,0,"N","Y",48
"DOLPHD-6339","M",64,"Local","MultiPass",5,18,NA,NA,NA,0,NA,NA,NA,1,2,NA,2,2,0,"N","N",123
"DOLPHD-6340","M",56,"Local","MultiPass",5,18,NA,NA,NA,0,NA,NA,NA,1,3,NA,4,2,0,"N","N",123
"DOLPHD-6341","M",61,"Local","SinglePass",5,18,NA,NA,NA,0,NA,NA,NA,0,1,NA,2,4,0,"N","N",23
"DOLPHD-6346","M",64,"Local","MultiPass",5,18,NA,NA,NA,0,NA,NA,NA,1,2,NA,2,1,0,"N","N",123
"DOLPHD-6350","M",63,"Overseas","MultiPass",5,18,NA,NA,NA,0,NA,NA,NA,1,3,NA,4,1,0,"N","N",123
"DOLPHD-6351","M",62,"Local","SinglePass",5,18,NA,NA,NA,0,NA,NA,NA,1,1,NA,3,3,0,"N","N",48
"DOLPHD-6354","M",65,"Local","MultiPass",5,18,NA,NA,NA,0,NA,NA,NA,1,1,NA,4,4,0,"N","N",123
"DOLPHD-6355","M",59,"Local","SinglePass",5,18,NA,NA,NA,0,NA,NA,NA,0,1,NA,3,3,0,"N","N",23
"DOLPHD-6360","M",65,"Overseas","MultiPass",5,18,NA,NA,NA,0,NA,NA,NA,1,2,NA,2,1,0,"N","N",123
"DOLPHD-6365","M",66,"Local","SinglePass",5,18,NA,NA,NA,0,NA,NA,NA,0,1,NA,4,4,0,"N","N",23
"DOLPHD-6367","M",64,"Local","MultiPass",5,18,NA,NA,NA,0,NA,NA,NA,0,3,NA,2,2,0,"N","Y",123
"DOLPHD-6372","M",57,"Overseas","SinglePass",5,18,NA,NA,NA,0,NA,NA,NA,0,2,NA,4,1,0,"N","N",23
"DOLPHD-6377","M",57,"Local","SinglePass",5,18,NA,NA,NA,0,NA,NA,NA,1,3,NA,4,1,0,"N","Y",48
"DOLPHD-6379","M",60,"Local","SinglePass",5,18,NA,NA,NA,0,NA,NA,NA,1,3,NA,3,1,0,"N","N",48
"DOLPHD-6381","M",63,"Local","MultiPass",5,18,NA,NA,NA,0,NA,NA,NA,1,2,NA,3,2,0,"N","Y",123
"DOLPHD-6382","M",59,"Local","MultiPass",5,18,NA,NA,NA,0,NA,NA,NA,0,3,NA,4,2,0,"Y","Y",123
"DOLPHD-6386","M",58,"Overseas","SinglePass",5,18,NA,NA,NA,0,NA,NA,NA,0,2,NA,2,2,0,"N","N",23
"DOLPHD-6389","M",66,"Local","MultiPass",5,18,NA,NA,NA,0,NA,NA,NA,1,1,NA,2,4,0,"N","N",123
"DOLPHD-6394","M",57,"Local","SinglePass",5,18,NA,NA,NA,0,NA,NA,NA,0,3,NA,4,2,0,"N","N",23
"DOLPHD-6398","M",59,"Overseas","SinglePass",5,18,NA,NA,NA,0,NA,NA,NA,1,3,NA,3,2,0,"N","N",48
"DOLPHD-6400","M",65,"Local","SinglePass",5,18,NA,NA,NA,0,NA,NA,NA,0,1,NA,2,4,0,"Y","Y",23
"DOLPHD-6401","M",56,"Local","SinglePass",5,18,NA,NA,NA,0,NA,NA,NA,0,1,NA,3,4,0,"Y","Y",23
"DOLPHD-6403","M",66,"Local","MultiPass",5,18,NA,NA,NA,0,NA,NA,NA,0,2,NA,3,2,0,"N","N",123
"DOLPHD-6404","M",61,"Overseas","SinglePass",5,18,NA,NA,NA,0,NA,NA,NA,1,1,NA,2,3,0,"N","Y",48
"DOLPHD-6410","M",66,"Overseas","MultiPass",5,18,NA,NA,NA,0,NA,NA,NA,0,3,NA,3,1,0,"N","N",123
"DOLPHD-6412","M",59,"Local","SinglePass",5,18,NA,NA,NA,0,NA,NA,NA,0,2,NA,4,2,0,"N","N",23
"DOLPHD-6413","M",59,"Local","MultiPass",5,18,NA,NA,NA,0,NA,NA,NA,0,1,NA,4,3,0,"N","N",123
"DOLPHD-6414","M",57,"Local","SinglePass",5,18,NA,NA,NA,0,NA,NA,NA,1,1,NA,2,3,0,"N","Y",48
"DOLPHD-6419","M",66,"Overseas","SinglePass",5,18,NA,NA,NA,0,NA,NA,NA,0,1,NA,2,3,0,"N","N",23
"DOLPHD-6420","M",63,"Overseas","MultiPass",5,18,NA,NA,NA,0,NA,NA,NA,1,2,NA,4,2,0,"N","N",123
"DOLPHD-6421","M",58,"Overseas","SinglePass",5,18,NA,NA,NA,0,NA,NA,NA,0,3,NA,4,2,0,"N","N",23
"DOLPHD-6422","M",64,"Overseas","SinglePass",5,18,NA,NA,NA,0,NA,NA,NA,1,2,NA,2,2,0,"N","N",48
"DOLPHD-6424","M",59,"Local","MultiPass",5,18,NA,NA,NA,0,NA,NA,NA,0,2,NA,4,1,0,"N","N",123
"DOLPHD-6427","M",64,"Local","MultiPass",5,18,NA,NA,NA,0,NA,NA,NA,0,1,NA,4,3,0,"N","N",123
"DOLPHD-6429","M",64,"Local","SinglePass",5,18,NA,NA,NA,0,NA,NA,NA,1,3,NA,2,2,0,"N","N",48
"DOLPHD-6430","M",66,"Local","MultiPass",5,18,NA,NA,NA,0,NA,NA,NA,1,3,NA,3,2,0,"N","N",123
"DOLPHD-6432","M",62,"Overseas","SinglePass",5,18,NA,NA,NA,0,NA,NA,NA,1,3,NA,4,1,0,"N","Y",48
"DOLPHD-6434","M",60,"Overseas","MultiPass",5,18,NA,NA,NA,0,NA,NA,NA,1,1,NA,4,4,0,"Y","N",123
"DOLPHD-6436","M",62,"Local","SinglePass",5,18,NA,NA,NA,0,NA,NA,NA,0,3,NA,4,2,0,"N","Y",23
"DOLPHD-6437","M",57,"Local","MultiPass",5,18,NA,NA,NA,0,NA,NA,NA,0,1,NA,3,3,0,"N","N",123
"DOLPHD-6438","M",64,"Local","MultiPass",5,18,NA,NA,NA,0,NA,NA,NA,1,2,NA,3,1,0,"N","N",123
"DOLPHD-6440","M",65,"Overseas","SinglePass",5,18,NA,NA,NA,0,NA,NA,NA,0,2,NA,3,1,0,"N","N",23
"DOLPHD-6443","M",56,"Overseas","SinglePass",5,18,NA,NA,NA,0,NA,NA,NA,1,2,NA,2,2,0,"N","N",48
"DOLPHD-6444","M",62,"Overseas","MultiPass",5,18,NA,NA,NA,0,NA,NA,NA,0,2,NA,2,1,0,"N","Y",123
"DOLPHD-6446","M",57,"Overseas","SinglePass",5,18,NA,NA,NA,0,NA,NA,NA,0,3,NA,2,2,0,"N","N",23
"DOLPHD-6449","M",56,"Local","SinglePass",5,18,NA,NA,NA,0,NA,NA,NA,1,2,NA,3,1,0,"N","Y",48
"DOLPHD-6452","M",64,"Overseas","MultiPass",5,18,NA,NA,NA,0,NA,NA,NA,1,2,NA,2,2,0,"Y","Y",123
"DOLPHD-6454","M",56,"Local","SinglePass",5,18,NA,NA,NA,0,NA,NA,NA,1,3,NA,3,2,0,"N","N",48
"DOLPHD-6455","M",63,"Overseas","MultiPass",5,18,NA,NA,NA,0,NA,NA,NA,0,2,NA,2,1,0,"N","Y",123
"DOLPHD-6457","M",62,"Overseas","SinglePass",5,18,NA,NA,NA,0,NA,NA,NA,0,3,NA,4,2,0,"N","N",23
"DOLPHD-6459","M",58,"Local","MultiPass",5,18,NA,NA,NA,0,NA,NA,NA,1,1,NA,3,4,0,"N","Y",123
"DOLPHD-6461","M",7,"Local","SinglePass",3,6,1,0,0,0,0,1,0,1,1,NA,4,4,0,"Y","Y",84
"DOLPHD-6462","M",7,"Local","MultiPass",3,6,0,0,0,0,0,1,0,1,1,NA,2,3,0,"N","N",109
"DOLPHD-6464","M",11,"Overseas","SinglePass",3,6,1,0,1,0,0,1,1,1,2,NA,3,1,0,"N","N",134
"DOLPHD-6468","M",11,"Overseas","SinglePass",3,6,1,0,1,0,0,1,0,0,3,NA,4,1,0,"N","N",109
"DOLPHD-6469","M",7,"Overseas","MultiPass",3,6,1,1,1,0,0,1,0,0,1,NA,2,4,0,"Y","Y",109
"DOLPHD-6470","M",5,"Overseas","SinglePass",3,6,1,1,0,0,1,1,0,0,1,NA,3,3,0,"Y","Y",109
"DOLPHD-6472","M",5,"Local","MultiPass",3,6,1,0,1,0,0,1,0,1,2,NA,3,2,0,"N","N",109
"DOLPHD-6473","M",11,"Local","MultiPass",3,6,0,1,0,0,0,0,0,0,1,NA,3,4,0,"N","N",109
"DOLPHD-6474","M",5,"Local","SinglePass",3,6,1,0,0,0,0,1,0,1,3,NA,4,1,0,"N","N",109
"DOLPHD-6475","M",7,"Local","SinglePass",3,6,1,0,0,0,0,0,0,1,1,NA,4,4,0,"N","N",84
"DOLPHD-6477","M",11,"Local","SinglePass",3,6,0,0,1,0,0,0,0,1,1,NA,2,3,0,"N","N",84
"DOLPHD-6479","M",5,"Overseas","MultiPass",3,6,0,1,0,0,0,1,0,0,2,NA,2,1,0,"N","N",109
"DOLPHD-6486","M",7,"Local","MultiPass",3,6,1,0,0,0,1,1,0,0,1,NA,2,4,0,"N","N",109
"DOLPHD-6494","M",5,"Overseas","MultiPass",3,6,0,0,0,0,1,1,0,1,2,NA,4,2,0,"Y","N",109
"DOLPHD-6497","M",7,"Local","MultiPass",3,6,1,1,1,1,0,0,0,1,2,NA,2,2,0,"N","N",109
"DOLPHD-6500","M",10,"Overseas","MultiPass",3,6,0,1,0,1,0,0,0,1,1,NA,2,4,0,"N","N",109
"DOLPHD-6504","M",10,"Overseas","MultiPass",3,6,0,1,0,1,0,1,0,1,2,NA,2,2,0,"N","N",109
"DOLPHD-6505","M",12,"Overseas","SinglePass",3,NA,1,0,0,0,1,1,0,0,3,NA,2,2,0,"N","N",103
"DOLPHD-6507","M",10,"Local","MultiPass",3,6,0,0,1,1,0,1,0,0,2,NA,4,1,0,"N","N",109
"DOLPHD-6519","M",11,"Overseas","SinglePass",3,6,1,1,0,0,0,0,0,0,2,NA,4,1,0,"N","N",84
"DOLPHD-6520","M",10,"Overseas","SinglePass",3,6,1,0,1,0,0,1,1,1,3,NA,2,1,0,"N","N",159
"DOLPHD-6521","M",11,"Overseas","MultiPass",3,6,0,1,0,0,0,1,0,1,2,NA,4,1,0,"N","Y",109
"DOLPHD-6523","M",10,"Local","SinglePass",3,6,1,1,1,0,1,0,1,0,3,NA,4,1,0,"N","Y",134
"DOLPHD-6526","M",10,"Local","SinglePass",3,6,1,0,1,0,0,0,0,0,2,NA,3,1,0,"N","N",84
"DOLPHD-6527","M",9,"Overseas","SinglePass",3,6,0,0,0,0,0,0,1,1,2,NA,4,2,0,"N","N",59
"DOLPHD-6534","M",7,"Local","SinglePass",3,6,1,0,1,0,1,0,0,0,2,NA,4,2,0,"N","N",109
"DOLPHD-6535","M",12,"Local","MultiPass",3,NA,0,0,1,1,0,1,0,0,3,NA,4,1,0,"N","N",103
"DOLPHD-6536","M",10,"Overseas","MultiPass",3,6,1,0,0,1,0,1,0,1,2,NA,4,2,0,"N","N",109
"DOLPHD-6539","M",8,"Overseas","MultiPass",3,6,1,0,0,1,0,0,0,0,3,NA,4,2,0,"N","N",109
"DOLPHD-6541","M",6,"Local","SinglePass",3,6,0,0,0,0,0,0,0,0,3,NA,4,1,0,"N","N",34
"DOLPHD-6542","M",7,"Local","MultiPass",3,6,1,0,0,0,0,0,1,0,1,NA,4,4,0,"N","Y",109
"DOLPHD-6543","M",9,"Local","MultiPass",3,6,0,1,1,1,0,0,1,0,2,NA,2,2,0,"N","Y",109
"DOLPHD-6552","M",8,"Local","SinglePass",3,6,0,0,0,0,0,1,1,0,2,NA,4,1,0,"N","N",84
"DOLPHD-6557","M",6,"Overseas","MultiPass",3,6,1,0,1,1,0,1,0,1,3,NA,2,1,0,"N","N",109
"DOLPHD-6558","M",10,"Local","SinglePass",3,6,1,1,0,0,1,0,0,1,2,NA,2,1,0,"Y","Y",109
"DOLPHD-6560","M",5,"Local","MultiPass",3,6,1,0,0,1,1,0,0,0,3,NA,2,1,0,"N","Y",109
"DOLPHD-6561","M",9,"Local","SinglePass",3,6,1,0,0,0,0,1,1,1,1,NA,4,3,0,"N","Y",109
"DOLPHD-6566","M",6,"Overseas","SinglePass",3,6,1,0,1,0,0,1,0,1,2,NA,3,1,0,"N","Y",109
"DOLPHD-6567","M",8,"Local","MultiPass",3,6,0,1,0,1,1,1,1,1,1,NA,2,4,0,"N","N",109
"DOLPHD-6569","M",5,"Local","SinglePass",3,6,0,1,0,0,0,0,0,1,3,NA,4,2,0,"Y","Y",84
"DOLPHD-6570","M",5,"Local","MultiPass",3,6,0,0,1,0,1,1,0,0,1,NA,3,3,0,"N","N",109
"DOLPHD-6571","M",6,"Local","MultiPass",3,6,0,0,1,1,0,1,0,1,1,NA,3,4,0,"N","N",109
"DOLPHD-6574","M",10,"Overseas","MultiPass",3,6,0,0,1,1,0,0,0,0,2,NA,3,1,0,"N","N",109
"DOLPHD-6577","M",9,"Local","MultiPass",3,6,0,1,1,1,0,0,0,0,2,NA,2,2,0,"Y","Y",109
"DOLPHD-6578","M",8,"Local","MultiPass",3,6,1,0,1,1,0,0,0,1,2,NA,4,2,0,"N","N",109
"DOLPHD-6579","M",7,"Local","SinglePass",3,6,0,1,0,0,0,0,0,0,3,NA,3,1,0,"N","Y",59
"DOLPHD-6581","M",6,"Overseas","MultiPass",3,6,1,0,0,1,0,1,0,0,1,NA,4,3,0,"N","N",109
"DOLPHD-6583","M",5,"Overseas","SinglePass",3,6,0,1,0,0,0,0,0,1,1,NA,4,4,0,"Y","Y",59
"DOLPHD-6584","M",9,"Overseas","MultiPass",3,6,1,1,0,1,0,1,1,0,2,NA,4,2,0,"N","N",109
"DOLPHD-6588","M",10,"Local","MultiPass",3,6,0,1,0,0,0,0,0,0,2,NA,2,2,0,"N","N",109
"DOLPHD-6589","M",7,"Local","SinglePass",3,6,0,0,1,0,0,0,1,0,2,NA,3,1,0,"N","N",59
"DOLPHD-6590","M",5,"Overseas","SinglePass",3,6,0,0,0,0,0,1,0,1,1,NA,2,3,0,"N","N",84
"DOLPHD-6592","M",9,"Overseas","MultiPass",3,6,1,1,0,0,1,1,0,0,1,NA,4,3,0,"Y","N",109
"DOLPHD-6594","M",8,"Local","SinglePass",3,6,1,0,1,0,1,0,0,1,1,NA,3,4,0,"N","N",134
"DOLPHD-6596","M",6,"Local","SinglePass",3,6,0,0,1,0,0,0,0,0,2,NA,2,1,0,"N","Y",59
"DOLPHD-6600","M",9,"Overseas","SinglePass",3,6,1,0,0,0,0,0,1,1,1,NA,3,4,0,"N","N",109
"DOLPHD-6601","M",5,"Overseas","SinglePass",3,6,0,0,0,0,0,0,1,0,2,NA,4,1,0,"N","N",59
"DOLPHD-6602","M",10,"Overseas","MultiPass",3,6,0,0,1,1,1,1,0,1,2,NA,2,1,0,"N","Y",109
"DOLPHD-6603","M",10,"Local","SinglePass",3,6,1,1,0,0,0,1,0,1,1,NA,4,3,0,"N","N",109
"DOLPHD-6605","M",10,"Local","MultiPass",3,6,0,0,0,0,1,1,0,0,3,NA,4,2,0,"N","N",109
"DOLPHD-6609","M",7,"Overseas","MultiPass",3,6,0,0,0,1,0,0,1,1,3,NA,2,2,0,"N","N",109
"DOLPHD-6610","M",5,"Overseas","SinglePass",3,6,1,0,0,0,0,0,0,0,1,NA,3,3,0,"Y","Y",34
"DOLPHD-6613","M",12,"Local","MultiPass",3,NA,0,0,0,0,0,0,0,0,1,NA,2,3,0,"N","N",103
"DOLPHD-6615","M",9,"Local","SinglePass",3,6,1,1,0,0,0,0,0,0,2,NA,3,2,0,"N","N",84
"DOLPHD-6620","M",11,"Overseas","MultiPass",3,6,1,1,0,0,0,0,0,0,2,NA,4,2,0,"N","N",109
"DOLPHD-6621","M",6,"Local","SinglePass",3,6,0,0,0,0,0,1,0,0,1,NA,3,4,0,"N","N",59
"DOLPHD-6622","M",8,"Local","SinglePass",3,6,1,0,1,0,1,0,1,1,1,NA,4,4,0,"N","N",159
"DOLPHD-6623","M",12,"Local","MultiPass",3,NA,1,1,1,1,0,0,0,1,1,NA,4,4,0,"N","N",103
"DOLPHD-6625","M",8,"Local","SinglePass",3,6,1,0,0,0,0,1,1,1,2,NA,4,1,0,"N","Y",134
"DOLPHD-6627","M",6,"Overseas","MultiPass",3,6,1,0,0,1,0,1,0,0,2,NA,4,1,0,"N","N",109
"DOLPHD-6628","M",5,"Overseas","SinglePass",3,6,1,0,0,0,0,1,0,1,3,NA,4,2,0,"N","N",109
"DOLPHD-6629","M",11,"Overseas","SinglePass",3,6,1,1,0,0,0,1,0,0,1,NA,3,3,0,"N","N",84
"DOLPHD-6631","M",6,"Local","SinglePass",3,6,1,0,1,0,0,0,0,1,2,NA,4,1,0,"N","N",109
"DOLPHD-6632","M",9,"Local","SinglePass",3,6,1,0,1,0,0,1,1,1,3,NA,2,2,0,"N","N",159
"DOLPHD-6633","M",7,"Local","MultiPass",3,6,1,0,0,1,0,1,0,0,1,NA,3,3,0,"N","N",109
"DOLPHD-6634","M",10,"Local","MultiPass",3,6,1,0,0,1,0,0,0,0,1,NA,4,4,0,"N","Y",109
"DOLPHD-6636","M",7,"Overseas","SinglePass",3,6,1,0,0,0,0,1,0,1,1,NA,3,4,0,"N","N",84
"DOLPHD-6637","M",6,"Overseas","MultiPass",3,6,0,0,1,1,1,1,0,0,1,NA,4,3,0,"N","Y",109
"DOLPHD-6638","M",5,"Overseas","SinglePass",3,6,0,0,1,0,0,1,0,0,3,NA,3,2,0,"Y","Y",84
"DOLPHD-6639","F",5,"Local","SinglePass",3,6,0,1,0,0,1,0,1,0,1,NA,2,3,0,"N","N",109
"DOLPHD-6640","F",12,"Local","MultiPass",3,NA,1,0,1,1,0,0,0,1,1,NA,3,4,0,"N","Y",103
"DOLPHD-6643","F",8,"Local","SinglePass",3,6,1,0,0,0,0,0,0,1,3,NA,2,2,0,"Y","Y",84
"DOLPHD-6645","F",7,"Overseas","SinglePass",3,6,1,1,0,0,0,0,1,0,3,NA,3,1,0,"N","N",84
"DOLPHD-6650","F",8,"Local","SinglePass",3,6,0,0,0,0,0,0,1,1,2,NA,3,1,0,"N","N",59
"DOLPHD-6656","F",5,"Overseas","SinglePass",3,6,0,0,0,0,1,0,1,0,1,NA,2,3,0,"N","Y",59
"DOLPHD-6659","F",9,"Local","SinglePass",3,6,0,0,1,0,0,1,0,0,3,NA,3,2,0,"N","Y",59
"DOLPHD-6662","F",6,"Overseas","MultiPass",3,6,1,0,0,1,1,0,0,0,3,NA,3,1,0,"N","Y",109
"DOLPHD-6663","F",5,"Overseas","SinglePass",3,6,1,0,0,0,0,1,0,1,3,NA,4,1,0,"N","N",109
"DOLPHD-6664","F",6,"Overseas","SinglePass",3,6,0,1,0,0,1,1,0,0,1,NA,3,4,0,"N","N",109
"DOLPHD-6665","F",5,"Overseas","MultiPass",3,6,1,0,0,0,1,0,0,1,3,NA,2,2,0,"N","N",109
"DOLPHD-6667","F",6,"Local","SinglePass",3,6,1,1,1,0,0,0,1,1,2,NA,4,1,0,"N","N",134
"DOLPHD-6672","F",9,"Overseas","MultiPass",3,6,0,1,0,0,0,0,0,1,1,NA,2,4,0,"N","N",109
"DOLPHD-6673","F",12,"Overseas","SinglePass",3,NA,1,0,0,0,0,1,0,0,1,NA,3,4,0,"N","Y",78
"DOLPHD-6674","F",10,"Overseas","SinglePass",3,6,1,1,1,0,0,1,0,0,2,NA,4,1,0,"N","N",134
"DOLPHD-6675","F",8,"Local","MultiPass",3,6,0,0,0,0,1,1,0,0,3,NA,4,2,0,"N","N",109
"DOLPHD-6676","F",5,"Local","MultiPass",3,6,0,1,1,0,0,0,0,1,3,NA,2,1,0,"N","N",109
"DOLPHD-6678","F",10,"Local","SinglePass",3,6,1,0,0,0,0,0,1,0,1,NA,4,3,0,"N","N",84
"DOLPHD-6679","F",9,"Local","MultiPass",3,6,1,1,0,0,0,0,0,0,1,NA,4,4,0,"N","Y",109
"DOLPHD-6682","F",11,"Overseas","MultiPass",3,6,0,1,1,0,1,1,0,0,3,NA,4,2,0,"N","N",109
"DOLPHD-6685","F",12,"Local","SinglePass",3,NA,1,0,1,0,0,0,0,0,2,NA,2,2,0,"N","N",53
"DOLPHD-6687","F",9,"Local","SinglePass",3,6,0,1,0,0,0,0,1,0,3,NA,2,1,0,"N","N",84
"DOLPHD-6688","F",11,"Local","SinglePass",3,6,0,1,0,0,1,0,0,0,3,NA,2,2,0,"N","Y",59
"DOLPHD-6696","F",8,"Local","MultiPass",3,6,0,0,1,1,0,0,1,0,3,NA,2,2,0,"N","Y",109
"DOLPHD-6703","F",11,"Local","MultiPass",3,6,1,0,0,0,0,0,0,0,1,NA,3,4,0,"N","Y",109
"DOLPHD-6705","F",12,"Local","SinglePass",3,NA,0,0,0,0,1,1,1,1,2,NA,3,1,0,"Y","Y",128
"DOLPHD-6706","F",8,"Local","SinglePass",3,6,1,0,0,0,0,0,0,1,1,NA,2,4,0,"N","N",84
"DOLPHD-6710","F",11,"Overseas","MultiPass",3,6,1,1,0,0,1,0,1,0,3,NA,2,1,0,"N","N",109
"DOLPHD-6712","F",11,"Local","SinglePass",3,6,1,0,1,0,0,0,0,1,1,NA,4,4,0,"N","Y",109
"DOLPHD-6713","F",12,"Local","SinglePass",3,NA,0,0,1,0,1,0,0,1,3,NA,4,1,0,"N","N",103
"DOLPHD-6714","F",10,"Local","MultiPass",3,6,1,0,0,1,0,0,0,1,1,NA,4,4,0,"N","N",109
"DOLPHD-6717","F",7,"Overseas","MultiPass",3,6,1,1,0,1,0,0,1,0,2,NA,2,2,0,"N","N",109
"DOLPHD-6718","F",6,"Overseas","MultiPass",3,6,1,0,1,0,1,1,0,0,1,NA,3,4,0,"N","Y",109
"DOLPHD-6719","F",11,"Overseas","SinglePass",3,6,0,0,1,0,0,0,0,1,2,NA,3,1,0,"N","N",84
"DOLPHD-6720","F",10,"Local","SinglePass",3,6,1,0,1,0,1,1,1,1,3,NA,2,1,0,"N","Y",159
"DOLPHD-6721","F",6,"Local","MultiPass",3,6,1,0,0,1,1,0,0,1,2,NA,3,1,0,"N","N",109
"DOLPHD-6722","F",8,"Local","SinglePass",3,6,1,0,0,0,0,1,1,0,1,NA,4,3,0,"N","N",84
"DOLPHD-6723","F",6,"Local","SinglePass",3,6,0,0,0,0,0,0,0,1,1,NA,2,4,0,"N","N",59
"DOLPHD-6731","F",8,"Local","MultiPass",3,6,1,1,0,0,0,1,0,0,1,NA,2,3,0,"Y","Y",109
"DOLPHD-6734","F",8,"Overseas","SinglePass",3,6,0,1,0,0,1,1,0,1,2,NA,3,2,0,"N","N",109
"DOLPHD-6735","F",8,"Overseas","MultiPass",3,6,0,0,0,0,0,1,0,0,1,NA,4,4,0,"N","N",109
"DOLPHD-6737","F",9,"Overseas","SinglePass",3,6,1,0,1,0,1,1,0,1,2,NA,2,2,0,"N","N",134
"DOLPHD-6744","F",11,"Overseas","SinglePass",3,6,1,0,1,0,0,1,1,0,3,NA,3,2,0,"N","N",134
"DOLPHD-6745","F",7,"Overseas","MultiPass",3,6,1,0,0,1,0,1,0,0,2,NA,3,1,0,"N","N",109
"DOLPHD-6746","F",12,"Overseas","MultiPass",3,NA,0,0,0,0,0,1,0,1,3,NA,3,1,0,"Y","Y",103
"DOLPHD-6749","F",9,"Local","MultiPass",3,6,1,0,0,1,0,1,0,1,1,NA,4,3,0,"N","N",109
"DOLPHD-6753","F",6,"Overseas","MultiPass",3,6,1,1,0,1,0,1,1,1,1,NA,4,4,0,"N","N",109
"DOLPHD-6757","F",11,"Local","SinglePass",3,6,1,0,0,0,1,0,0,1,3,NA,4,2,0,"N","N",84
"DOLPHD-6759","F",11,"Local","MultiPass",3,6,1,0,0,1,1,1,1,1,2,NA,3,2,0,"N","N",109
"DOLPHD-6761","F",11,"Overseas","SinglePass",3,6,1,0,1,0,1,0,0,0,1,NA,4,3,0,"N","N",109
"DOLPHD-6762","F",9,"Overseas","SinglePass",3,6,1,0,1,0,1,0,0,1,1,NA,2,3,0,"N","Y",134
"DOLPHD-6763","F",10,"Overseas","MultiPass",3,6,1,0,0,1,0,0,1,0,3,NA,4,2,0,"Y","Y",109
"DOLPHD-6765","F",8,"Local","SinglePass",3,6,0,1,1,0,0,0,0,1,2,NA,4,1,0,"N","N",109
"DOLPHD-6767","F",7,"Local","MultiPass",3,6,1,0,1,1,0,1,0,0,3,NA,4,2,0,"N","N",109
"DOLPHD-6773","F",11,"Overseas","MultiPass",3,6,1,1,1,1,0,0,0,0,2,NA,4,2,0,"N","N",109
"DOLPHD-6774","F",7,"Local","MultiPass",3,6,0,1,0,1,0,1,1,0,2,NA,3,2,0,"Y","Y",109
"DOLPHD-6779","F",12,"Overseas","SinglePass",3,NA,0,1,0,0,1,1,0,1,1,NA,2,4,0,"N","N",128
"DOLPHD-6780","F",7,"Overseas","MultiPass",3,6,1,1,0,0,0,1,0,0,2,NA,2,2,0,"Y","Y",109
"DOLPHD-6786","F",9,"Local","SinglePass",3,6,0,0,0,0,0,0,0,1,1,NA,2,3,0,"N","N",34
"DOLPHD-6787","F",9,"Local","MultiPass",3,6,1,1,0,0,1,1,0,1,1,NA,3,3,0,"N","Y",109
"DOLPHD-6791","F",12,"Overseas","MultiPass",3,NA,1,0,1,0,0,1,1,1,1,NA,3,3,0,"N","Y",103
"DOLPHD-6793","F",6,"Local","SinglePass",3,6,0,0,1,0,1,1,0,1,1,NA,2,4,0,"N","N",134
"DOLPHD-6795","F",7,"Local","MultiPass",3,6,0,0,1,0,1,0,1,0,2,NA,2,2,0,"N","N",109
"DOLPHD-6796","F",5,"Local","SinglePass",3,6,0,0,1,0,0,1,0,0,1,NA,3,3,0,"N","N",59
"DOLPHD-6797","F",12,"Overseas","SinglePass",3,NA,1,0,0,0,1,1,0,1,3,NA,3,2,0,"N","N",128
"DOLPHD-6798","F",11,"Overseas","MultiPass",3,6,1,1,1,1,0,0,0,0,1,NA,4,4,0,"N","N",109
"DOLPHD-6799","F",8,"Overseas","SinglePass",3,6,0,0,1,0,0,0,1,1,2,NA,4,1,0,"N","Y",109
"DOLPHD-6801","F",5,"Local","MultiPass",3,6,1,0,0,1,0,0,1,0,1,NA,4,3,0,"N","N",109
"DOLPHD-6802","F",8,"Local","MultiPass",3,6,0,1,0,1,0,0,1,0,1,NA,4,3,0,"N","N",109
"DOLPHD-6803","F",7,"Local","SinglePass",3,6,0,1,1,0,1,0,1,0,2,NA,2,2,0,"N","N",109
"DOLPHD-6804","F",9,"Local","SinglePass",3,6,1,1,0,0,0,0,1,0,2,NA,2,1,0,"N","N",109
"DOLPHD-6806","F",11,"Overseas","SinglePass",3,6,1,0,1,0,0,0,0,1,2,NA,3,1,0,"N","N",84
"DOLPHD-6807","F",7,"Overseas","SinglePass",3,6,1,0,1,0,1,1,1,1,1,NA,3,3,0,"Y","Y",159
"DOLPHD-6808","F",9,"Overseas","MultiPass",3,6,0,0,1,1,0,0,0,0,3,NA,2,2,0,"N","N",109
"DOLPHD-6809","F",8,"Overseas","MultiPass",3,6,0,0,0,0,0,1,0,0,2,NA,4,1,0,"Y","Y",109
"DOLPHD-6813","F",12,"Local","SinglePass",3,NA,1,0,0,0,0,1,0,0,1,NA,3,4,0,"N","N",78
"DOLPHD-6815","F",12,"Overseas","MultiPass",3,NA,1,1,1,1,0,0,0,1,3,NA,3,2,0,"N","N",103
"DOLPHD-6816","F",7,"Overseas","MultiPass",3,6,1,0,1,0,0,1,0,1,1,NA,2,4,0,"N","N",109
"DOLPHD-6817","F",9,"Overseas","SinglePass",3,6,0,0,0,0,0,1,1,0,1,NA,4,3,0,"N","N",59
"DOLPHD-6819","F",10,"Local","MultiPass",3,6,1,0,1,0,0,0,0,1,2,NA,2,2,0,"N","N",109
"DOLPHD-6824","F",8,"Overseas","SinglePass",3,6,0,0,1,0,0,0,0,1,3,NA,4,1,0,"N","N",84
"DOLPHD-6826","F",8,"Overseas","MultiPass",3,6,1,0,0,1,1,0,0,1,3,NA,2,2,0,"N","N",109
"DOLPHD-6827","F",11,"Overseas","SinglePass",3,6,0,0,0,0,0,1,0,1,2,NA,4,2,0,"N","Y",84
"DOLPHD-6828","F",5,"Local","SinglePass",3,6,1,0,0,0,0,1,0,0,2,NA,4,1,0,"N","N",84
"DOLPHD-6833","F",10,"Overseas","MultiPass",3,6,1,0,0,1,0,1,0,1,3,NA,3,2,0,"N","N",109
"DOLPHD-6834","F",5,"Overseas","SinglePass",3,6,1,0,1,0,0,1,0,0,3,NA,4,2,0,"N","N",109
"DOLPHD-6835","F",9,"Overseas","SinglePass",3,6,0,1,0,0,0,1,0,1,2,NA,2,2,0,"N","N",109
"DOLPHD-6838","F",12,"Local","SinglePass",3,NA,0,1,0,0,0,0,0,1,3,NA,4,1,0,"N","N",78
"DOLPHD-6840","F",8,"Local","MultiPass",3,6,0,0,0,1,0,0,0,0,1,NA,4,4,0,"N","N",109
"DOLPHD-6842","F",10,"Overseas","SinglePass",3,6,1,0,0,0,1,1,0,1,1,NA,4,3,0,"N","N",134
"DOLPHD-6846","F",6,"Local","SinglePass",3,6,0,0,0,0,0,1,0,0,1,NA,2,3,0,"N","N",59
"DOLPHD-6851","F",11,"Overseas","MultiPass",3,6,1,1,1,1,0,1,0,1,1,NA,4,4,0,"N","N",109
"DOLPHD-6853","F",11,"Overseas","SinglePass",3,6,1,1,1,0,0,0,0,1,3,NA,2,1,0,"N","N",134
"DOLPHD-6855","F",11,"Local","SinglePass",3,6,1,0,0,0,0,0,0,1,2,NA,4,1,0,"N","N",84
"DOLPHD-6857","F",12,"Local","MultiPass",3,NA,1,0,1,0,0,1,0,1,3,NA,3,1,0,"N","N",103
"DOLPHD-6859","F",11,"Local","SinglePass",3,6,0,1,0,0,0,0,1,0,3,NA,3,1,0,"N","N",59
"DOLPHD-6862","F",10,"Overseas","SinglePass",3,6,0,0,0,0,0,0,1,1,2,NA,4,1,0,"N","Y",59
"DOLPHD-6863","F",11,"Overseas","SinglePass",3,6,1,1,0,0,0,1,0,1,2,NA,2,2,0,"N","N",134
"DOLPHD-6864","F",5,"Local","MultiPass",3,6,1,0,0,1,1,0,0,0,2,NA,2,1,0,"N","N",109
"DOLPHD-6865","F",9,"Local","MultiPass",3,6,1,1,0,0,0,0,1,1,1,NA,4,4,0,"N","Y",109
"DOLPHD-6866","F",9,"Local","SinglePass",3,6,0,0,1,0,0,1,1,0,1,NA,3,3,0,"Y","Y",84
"DOLPHD-6868","F",5,"Local","MultiPass",3,6,1,0,1,0,0,1,1,0,3,NA,4,1,0,"N","N",109
"DOLPHD-6870","F",5,"Overseas","SinglePass",3,6,1,0,0,0,1,0,1,1,2,NA,2,2,0,"Y","Y",109
"DOLPHD-6871","F",10,"Overseas","MultiPass",3,6,0,1,0,0,1,1,1,0,1,NA,2,3,0,"N","Y",109
"DOLPHD-6873","F",7,"Local","SinglePass",3,6,1,0,0,0,0,0,0,0,1,NA,2,4,0,"N","Y",59
"DOLPHD-6875","F",5,"Local","MultiPass",3,6,1,1,1,1,0,1,0,1,2,NA,3,2,0,"N","Y",109
"DOLPHD-6880","F",6,"Overseas","SinglePass",3,6,1,0,0,0,0,1,0,0,2,NA,2,1,0,"N","N",59
"DOLPHD-6881","F",6,"Overseas","SinglePass",3,6,1,0,0,0,0,1,0,0,2,NA,4,1,0,"N","N",59
"DOLPHD-6884","F",7,"Local","SinglePass",3,6,0,0,0,0,1,1,1,1,1,NA,2,3,0,"N","N",134
"DOLPHD-6885","F",12,"Local","MultiPass",3,NA,1,0,0,1,0,1,0,1,1,NA,2,4,0,"N","N",103
"DOLPHD-6888","F",7,"Overseas","SinglePass",3,6,1,1,0,0,0,0,0,1,3,NA,4,1,0,"N","N",84
"DOLPHD-6890","F",8,"Overseas","SinglePass",3,6,0,0,1,0,0,1,1,0,1,NA,4,4,0,"Y","Y",109
"DOLPHD-6891","F",9,"Local","SinglePass",3,6,1,0,0,0,0,1,1,1,3,NA,4,2,0,"N","Y",109
"DOLPHD-6894","F",9,"Local","SinglePass",3,6,0,0,0,0,0,0,1,0,2,NA,2,1,0,"N","N",34
"DOLPHD-6896","F",5,"Overseas","MultiPass",3,6,1,0,0,0,1,1,0,0,2,NA,3,1,0,"Y","Y",109
"DOLPHD-6898","F",5,"Overseas","SinglePass",3,6,1,0,0,0,0,0,1,0,1,NA,4,3,0,"N","N",59
"DOLPHD-6901","F",5,"Local","SinglePass",3,6,1,0,0,0,0,1,0,0,3,NA,4,1,0,"N","N",59
"DOLPHD-6906","F",5,"Overseas","MultiPass",3,6,0,1,0,0,0,0,1,1,2,NA,2,1,0,"N","Y",109
"DOLPHD-6907","F",7,"Overseas","MultiPass",3,6,1,0,0,1,0,0,1,1,1,NA,4,4,0,"N","N",109
"DOLPHD-6910","F",9,"Local","MultiPass",3,6,1,1,1,1,0,0,1,1,2,NA,4,2,0,"N","N",109
"DOLPHD-6912","F",8,"Local","SinglePass",3,6,0,0,0,0,0,0,1,0,3,NA,2,1,0,"N","Y",34
"DOLPHD-6914","F",11,"Overseas","MultiPass",3,6,0,0,1,1,0,1,0,0,2,NA,3,2,0,"N","N",109
"DOLPHD-6915","F",11,"Overseas","SinglePass",3,6,0,0,0,0,0,0,0,1,1,NA,4,4,0,"N","N",34
"DOLPHD-6920","F",11,"Local","MultiPass",3,6,0,1,0,1,0,0,0,1,2,NA,3,1,0,"N","N",109
"DOLPHD-6922","F",9,"Local","SinglePass",3,6,0,0,0,0,0,1,0,1,1,NA,4,4,0,"N","N",84
"DOLPHD-6923","F",6,"Overseas","SinglePass",3,6,1,0,0,0,0,1,0,0,2,NA,2,2,0,"N","Y",84
"DOLPHD-6924","F",5,"Overseas","MultiPass",3,6,1,0,0,1,1,0,0,1,1,NA,3,3,0,"N","N",109
"DOLPHD-6925","F",12,"Overseas","SinglePass",3,NA,1,0,1,0,0,1,1,0,1,NA,4,3,0,"N","N",128
"DOLPHD-6926","F",5,"Overseas","SinglePass",3,6,0,0,1,0,0,1,0,1,2,NA,3,1,0,"Y","N",109
"DOLPHD-6928","F",7,"Local","MultiPass",3,6,1,1,0,1,0,0,1,1,1,NA,3,4,0,"N","N",109
"DOLPHD-6929","F",9,"Local","SinglePass",3,6,0,0,0,0,0,0,1,0,3,NA,4,1,0,"N","N",34
"DOLPHD-6931","F",9,"Local","MultiPass",3,6,0,1,1,1,0,0,1,1,2,NA,4,2,0,"N","N",109
"DOLPHD-6932","F",8,"Overseas","SinglePass",3,6,1,0,0,0,0,0,0,1,2,NA,3,1,0,"N","Y",59
"DOLPHD-6933","F",5,"Overseas","SinglePass",3,6,1,1,0,0,0,1,0,0,2,NA,2,1,0,"N","N",84
"DOLPHD-6934","F",6,"Overseas","MultiPass",3,6,1,0,0,1,1,1,0,1,3,NA,4,2,0,"Y","Y",109
"DOLPHD-6937","F",9,"Local","SinglePass",3,6,1,0,1,0,0,1,1,0,3,NA,2,2,0,"N","N",134
"DOLPHD-6938","F",8,"Local","MultiPass",3,6,1,0,1,1,0,1,0,0,3,NA,4,1,0,"N","N",109
"DOLPHD-6939","F",11,"Local","SinglePass",3,6,1,0,0,0,0,0,1,0,1,NA,3,3,0,"N","N",59
"DOLPHD-6940","F",10,"Local","SinglePass",3,6,1,0,1,0,0,0,1,0,3,NA,3,1,0,"N","N",109
"DOLPHD-6942","F",6,"Overseas","MultiPass",3,6,1,1,0,0,0,1,0,1,1,NA,4,3,0,"N","Y",109
"DOLPHD-6944","F",9,"Overseas","SinglePass",3,6,1,0,0,0,0,1,1,0,3,NA,3,1,0,"Y","N",109
"DOLPHD-6945","F",5,"Local","MultiPass",3,6,1,0,0,0,0,0,0,1,2,NA,3,2,0,"N","N",109
"DOLPHD-6951","F",6,"Overseas","SinglePass",3,6,1,1,0,0,0,1,0,0,2,NA,4,1,0,"N","N",109
"DOLPHD-6952","F",7,"Overseas","MultiPass",3,6,0,0,1,1,0,1,0,1,1,NA,2,3,0,"Y","Y",109
"DOLPHD-6954","F",10,"Local","SinglePass",3,6,1,0,1,0,0,0,0,1,1,NA,3,4,0,"N","N",109
"DOLPHD-6955","F",7,"Local","MultiPass",3,6,1,0,1,1,1,1,0,1,3,NA,3,2,0,"N","Y",109
"DOLPHD-6960","F",8,"Overseas","SinglePass",3,6,1,0,1,0,0,0,0,1,3,NA,4,1,0,"N","N",109
"DOLPHD-6964","F",10,"Local","SinglePass",3,6,1,1,0,0,0,1,0,0,1,NA,3,3,0,"N","Y",109
"DOLPHD-6969","F",6,"Overseas","MultiPass",3,6,1,0,0,1,1,1,0,1,3,NA,4,1,0,"N","N",109
"DOLPHD-6970","F",12,"Overseas","MultiPass",3,NA,0,1,1,1,0,1,1,1,1,NA,4,3,0,"N","N",103
"DOLPHD-6971","F",12,"Overseas","SinglePass",3,NA,1,0,0,0,1,1,0,1,1,NA,2,4,0,"N","Y",103
"DOLPHD-6973","F",6,"Local","MultiPass",3,6,1,0,1,1,1,1,0,0,3,NA,4,2,0,"Y","Y",109
"DOLPHD-6975","F",12,"Local","SinglePass",3,NA,0,1,0,0,0,1,0,0,3,NA,2,2,0,"N","N",78
"DOLPHD-6980","F",6,"Overseas","MultiPass",3,6,1,1,0,1,0,0,1,1,1,NA,4,4,0,"N","N",109
"DOLPHD-6982","F",5,"Local","SinglePass",3,6,1,0,1,0,0,0,1,0,3,NA,2,2,0,"Y","Y",109
"DOLPHD-6985","F",7,"Local","SinglePass",3,6,1,0,1,0,0,1,1,0,2,NA,2,2,0,"N","N",134
"DOLPHD-6987","F",7,"Overseas","MultiPass",3,6,0,1,0,0,1,1,1,0,2,NA,4,2,0,"N","N",109
"DOLPHD-6988","F",9,"Overseas","SinglePass",3,6,1,0,1,0,0,1,1,0,1,NA,4,4,0,"N","N",134
"DOLPHD-6990","F",8,"Local","MultiPass",3,6,1,1,0,1,0,1,0,0,1,NA,4,4,0,"Y","Y",109
"DOLPHD-6992","F",10,"Local","SinglePass",3,6,1,0,0,0,1,0,0,0,2,NA,4,2,0,"N","Y",84
"DOLPHD-6993","F",10,"Local","SinglePass",3,6,0,1,0,0,0,0,1,1,2,NA,3,2,0,"Y","Y",109
"DOLPHD-6995","F",8,"Overseas","SinglePass",3,6,1,1,0,0,0,1,1,0,2,NA,4,1,0,"N","N",109
"DOLPHD-6997","F",12,"Overseas","MultiPass",3,NA,1,0,0,0,0,0,1,1,2,NA,3,2,0,"N","N",103
"DOLPHD-7000","F",12,"Local","SinglePass",3,NA,0,0,0,0,1,0,1,0,3,NA,4,1,0,"N","N",53
"DOLPHD-7002","F",11,"Local","SinglePass",3,6,1,0,0,0,0,0,0,1,3,NA,4,1,0,"N","N",59
"DOLPHD-7003","F",5,"Local","SinglePass",3,6,0,1,0,0,1,1,1,1,1,NA,4,3,0,"N","N",134
"DOLPHD-7005","F",8,"Overseas","MultiPass",3,6,0,0,0,1,0,1,0,0,1,NA,4,3,0,"N","N",109
"DOLPHD-7006","F",5,"Overseas","SinglePass",3,6,1,1,1,0,1,1,1,0,1,NA,2,3,0,"N","N",159
"DOLPHD-7008","F",6,"Local","MultiPass",3,6,0,0,0,0,0,1,1,0,3,NA,3,1,0,"N","Y",109
"DOLPHD-7015","F",9,"Overseas","MultiPass",3,6,1,0,0,1,1,0,0,0,1,NA,3,4,0,"N","N",109
"DOLPHD-7016","F",12,"Overseas","SinglePass",3,NA,1,0,0,0,0,1,1,1,1,NA,2,4,0,"N","N",128
"DOLPHD-7018","F",7,"Local","MultiPass",3,6,0,0,0,1,0,0,0,1,1,NA,2,3,0,"N","Y",109
"DOLPHD-7020","F",12,"Local","SinglePass",3,NA,1,0,1,0,1,1,1,0,2,NA,4,1,0,"N","N",153
"DOLPHD-7026","F",6,"Local","MultiPass",3,6,1,0,0,1,0,1,1,0,3,NA,3,1,0,"N","N",109
"DOLPHD-7028","F",8,"Local","SinglePass",3,6,1,0,0,0,0,1,0,1,3,NA,4,1,0,"Y","Y",109
"DOLPHD-7029","F",8,"Local","MultiPass",3,6,1,0,1,1,0,0,0,0,1,NA,4,4,0,"N","Y",109
"DOLPHD-7030","F",9,"Local","SinglePass",3,6,0,1,1,0,1,1,0,1,2,NA,4,1,0,"N","N",159
"DOLPHD-7031","F",8,"Overseas","SinglePass",3,6,1,1,0,0,0,0,0,1,2,NA,3,1,0,"N","N",109
"DOLPHD-7032","F",8,"Overseas","MultiPass",3,6,0,1,0,0,0,0,0,0,1,NA,3,3,0,"N","N",109
"DOLPHD-7033","F",11,"Overseas","MultiPass",3,6,0,0,1,1,0,1,1,0,2,NA,4,1,0,"N","N",109
"DOLPHD-7034","F",12,"Overseas","SinglePass",3,NA,0,0,1,0,1,0,0,0,3,NA,3,1,0,"N","Y",78
"DOLPHD-7036","F",12,"Local","MultiPass",3,NA,1,0,0,1,0,1,0,0,1,NA,2,3,0,"N","N",103
"DOLPHD-7037","F",9,"Local","SinglePass",3,6,0,0,1,0,0,1,1,0,3,NA,3,1,0,"N","N",109
"DOLPHD-7038","F",7,"Local","SinglePass",3,6,1,0,0,0,0,0,1,1,1,NA,2,3,0,"Y","Y",109
"DOLPHD-7040","F",5,"Overseas","MultiPass",3,6,1,0,0,0,0,0,0,1,1,NA,3,3,0,"N","N",109
"DOLPHD-7042","F",11,"Overseas","SinglePass",3,6,0,0,1,0,0,1,0,1,2,NA,4,2,0,"N","N",84
"DOLPHD-7045","F",5,"Local","SinglePass",3,6,0,0,0,0,1,0,1,1,3,NA,4,1,0,"N","Y",109
"DOLPHD-7049","F",12,"Overseas","SinglePass",3,NA,0,1,0,0,0,1,1,0,2,NA,3,2,0,"N","Y",103
"DOLPHD-7054","F",6,"Local","MultiPass",3,6,1,0,0,0,0,1,0,0,1,NA,2,3,0,"N","N",109
"DOLPHD-7055","F",5,"Local","SinglePass",3,6,1,0,1,0,0,1,0,1,1,NA,4,3,0,"Y","Y",134
"DOLPHD-7058","F",11,"Overseas","SinglePass",3,6,0,0,1,0,0,0,0,1,3,NA,4,2,0,"N","N",84
"DOLPHD-7059","F",7,"Overseas","SinglePass",3,6,1,0,0,0,0,1,0,1,1,NA,3,4,0,"N","N",84
"DOLPHD-7060","F",9,"Overseas","MultiPass",3,6,0,0,1,0,0,1,0,0,3,NA,2,2,0,"N","N",109
"DOLPHD-7064","F",15,"Local","MultiPass",10,11,0,1,1,0,0,1,0,0,1,NA,3,4,0,"N","N",121
"DOLPHD-7067","F",16,"Overseas","MultiPass",10,11,0,0,0,0,0,1,0,0,3,NA,4,1,0,"N","N",121
"DOLPHD-7068","F",18,"Overseas","MultiPass",10,11,0,0,0,0,1,1,0,0,1,NA,2,3,0,"N","Y",121
"DOLPHD-7069","F",19,"Overseas","SinglePass",10,11,1,0,1,0,1,0,1,0,2,NA,3,2,0,"N","N",121
"DOLPHD-7071","F",15,"Local","MultiPass",10,11,1,0,0,2,0,1,1,0,1,NA,2,4,0,"N","Y",121
"DOLPHD-7082","F",13,"Local","MultiPass",10,11,0,0,0,1,0,0,0,0,1,NA,3,4,0,"N","N",121
"DOLPHD-7083","F",16,"Local","SinglePass",10,11,0,0,0,1,1,1,0,0,1,NA,3,3,0,"N","Y",96
"DOLPHD-7085","F",18,"Overseas","MultiPass",10,11,1,0,0,1,1,0,1,0,3,NA,4,2,0,"N","N",121
"DOLPHD-7090","F",15,"Local","SinglePass",10,11,0,0,1,1,0,0,0,0,3,NA,4,1,0,"N","N",71
"DOLPHD-7095","F",15,"Overseas","MultiPass",10,11,1,0,0,2,0,0,0,0,3,NA,3,2,0,"N","Y",121
"DOLPHD-7096","F",19,"Overseas","MultiPass",10,11,0,1,1,2,0,1,0,0,1,NA,4,4,0,"N","N",121
"DOLPHD-7097","F",19,"Overseas","SinglePass",10,11,0,1,1,2,1,1,0,0,1,NA,4,3,0,"N","N",146
"DOLPHD-7103","F",16,"Overseas","MultiPass",10,11,0,0,1,2,0,1,1,0,3,NA,2,2,0,"N","Y",121
"DOLPHD-7104","F",14,"Overseas","SinglePass",10,11,1,0,1,2,0,1,0,0,1,NA,4,4,0,"N","N",121
"DOLPHD-7105","F",15,"Overseas","SinglePass",10,11,1,0,0,2,1,1,0,0,2,NA,2,1,0,"N","N",121
"DOLPHD-7107","F",14,"Local","SinglePass",10,11,1,1,1,1,0,1,1,0,2,NA,2,2,0,"N","N",171
"DOLPHD-7108","F",18,"Local","SinglePass",10,11,1,1,1,1,0,1,0,0,1,NA,4,4,0,"N","N",146
"DOLPHD-7111","F",15,"Local","SinglePass",10,11,1,0,1,1,0,0,0,0,2,NA,3,1,0,"N","N",71
"DOLPHD-7113","F",18,"Overseas","MultiPass",10,11,1,1,0,1,0,1,1,0,1,NA,2,4,0,"N","N",121
"DOLPHD-7114","F",14,"Overseas","SinglePass",10,11,1,0,1,1,0,1,0,0,2,NA,3,2,0,"N","N",96
"DOLPHD-7116","F",14,"Local","MultiPass",10,11,1,0,0,2,0,0,0,0,1,NA,3,3,0,"N","N",121
"DOLPHD-7119","F",16,"Local","SinglePass",10,11,1,0,1,2,0,1,1,0,2,NA,4,1,0,"N","Y",121
"DOLPHD-7129","F",16,"Local","SinglePass",10,11,1,0,0,1,0,1,0,0,1,NA,2,4,0,"N","Y",96
"DOLPHD-7132","F",17,"Overseas","SinglePass",10,11,1,1,1,2,0,0,1,0,2,NA,2,2,0,"N","N",121
"DOLPHD-7133","F",15,"Overseas","SinglePass",10,11,0,0,1,1,0,0,0,0,2,NA,2,2,0,"Y","Y",71
"DOLPHD-7135","F",19,"Local","SinglePass",10,11,0,0,0,1,0,0,0,0,2,NA,2,1,0,"N","N",46
"DOLPHD-7138","F",15,"Local","MultiPass",10,11,0,0,0,1,1,0,0,0,1,NA,4,4,0,"N","N",121
"DOLPHD-7139","F",19,"Overseas","SinglePass",10,11,1,1,0,1,1,1,0,0,1,NA,4,3,0,"N","N",146
"DOLPHD-7141","F",18,"Overseas","MultiPass",10,11,0,0,1,1,0,1,0,0,2,NA,2,1,0,"N","N",121
"DOLPHD-7144","F",19,"Local","MultiPass",10,11,0,1,0,1,0,1,1,0,1,NA,2,3,0,"N","N",121
"DOLPHD-7145","F",17,"Local","MultiPass",10,11,0,0,0,1,0,1,0,0,2,NA,4,1,0,"N","N",121
"DOLPHD-7147","F",18,"Local","SinglePass",10,11,0,1,1,1,0,0,1,0,2,NA,4,1,0,"N","N",121
"DOLPHD-7149","F",15,"Overseas","SinglePass",10,11,1,0,0,2,1,1,0,0,1,NA,3,4,0,"N","N",121
"DOLPHD-7154","F",17,"Local","SinglePass",10,11,1,0,1,2,0,1,0,0,3,NA,2,1,0,"N","N",96
"DOLPHD-7156","F",14,"Local","SinglePass",10,11,0,0,0,2,1,1,1,0,2,NA,3,1,0,"N","N",121
"DOLPHD-7158","F",13,"Overseas","MultiPass",10,11,0,0,0,2,1,1,0,0,1,NA,3,4,0,"N","Y",121
"DOLPHD-7160","F",13,"Overseas","SinglePass",10,11,1,1,0,2,0,1,1,0,3,NA,3,1,0,"N","N",146
"DOLPHD-7162","F",15,"Local","MultiPass",10,11,1,0,1,2,1,1,1,0,1,NA,2,4,0,"N","Y",121
"DOLPHD-7164","F",19,"Local","SinglePass",10,11,0,0,0,2,0,0,0,0,3,NA,2,1,0,"N","N",46
"DOLPHD-7167","F",13,"Overseas","SinglePass",10,11,1,0,0,2,0,1,1,0,3,NA,3,1,0,"N","Y",96
"DOLPHD-7172","F",14,"Local","MultiPass",10,11,1,0,0,1,0,1,1,0,1,NA,3,4,0,"N","Y",121
"DOLPHD-7173","F",13,"Local","MultiPass",10,11,1,1,1,1,1,1,0,0,2,NA,3,2,0,"N","N",121
"DOLPHD-7174","F",16,"Local","SinglePass",10,11,0,0,0,1,0,1,0,0,2,NA,2,2,0,"N","N",46
"DOLPHD-7175","F",18,"Overseas","SinglePass",10,11,0,0,0,1,0,0,0,0,2,NA,2,2,0,"N","N",21
"DOLPHD-7176","F",19,"Overseas","MultiPass",10,11,0,1,0,2,1,0,0,0,2,NA,3,2,0,"N","N",121
"DOLPHD-7177","F",13,"Overseas","SinglePass",10,11,1,1,1,1,0,1,0,0,2,NA,4,1,0,"N","N",146
"DOLPHD-7181","F",17,"Local","SinglePass",10,11,1,0,1,2,0,1,0,0,2,NA,3,2,0,"N","N",121
"DOLPHD-7183","F",15,"Local","MultiPass",10,11,0,1,0,1,1,1,0,0,1,NA,3,4,0,"Y","Y",121
"DOLPHD-7185","F",18,"Overseas","SinglePass",10,11,1,1,0,2,0,0,1,0,1,NA,3,4,0,"N","N",96
"DOLPHD-7186","F",13,"Overseas","MultiPass",10,11,1,0,1,2,1,1,0,0,3,NA,4,1,0,"N","Y",121
"DOLPHD-7187","F",18,"Overseas","MultiPass",10,11,1,0,0,2,0,0,0,0,3,NA,4,1,0,"N","Y",121
"DOLPHD-7188","F",13,"Local","SinglePass",10,11,0,0,0,2,0,0,1,0,3,NA,3,1,0,"N","N",46
"DOLPHD-7190","F",18,"Local","MultiPass",10,11,0,0,1,2,0,1,0,0,2,NA,4,2,0,"N","N",121
"DOLPHD-7191","F",13,"Local","SinglePass",10,11,1,0,1,2,1,0,0,0,1,NA,4,3,0,"N","N",96
"DOLPHD-7192","F",13,"Local","SinglePass",10,11,1,0,0,1,0,0,1,0,3,NA,4,1,0,"N","N",71
"DOLPHD-7193","F",17,"Overseas","MultiPass",10,11,0,0,0,2,0,1,0,0,3,NA,4,1,0,"N","N",121
"DOLPHD-7196","F",15,"Overseas","SinglePass",10,11,0,1,0,2,0,1,0,0,3,NA,2,1,0,"N","N",96
"DOLPHD-7197","F",13,"Local","MultiPass",10,11,0,0,0,1,0,0,0,0,3,NA,3,1,0,"N","Y",121
"DOLPHD-7202","F",19,"Overseas","SinglePass",10,11,0,0,0,2,0,1,0,0,1,NA,2,4,0,"N","N",71
"DOLPHD-7204","F",16,"Overseas","MultiPass",10,11,0,0,0,1,0,0,0,0,3,NA,2,2,0,"N","N",121
"DOLPHD-7206","F",18,"Local","SinglePass",10,11,1,1,0,1,0,0,0,0,1,NA,3,4,0,"N","Y",96
"DOLPHD-7208","F",16,"Local","MultiPass",10,11,0,0,1,2,0,0,0,0,2,NA,2,1,0,"N","N",121
"DOLPHD-7209","F",15,"Local","SinglePass",10,11,1,1,0,2,0,1,0,0,1,NA,4,3,0,"N","N",121
"DOLPHD-7212","F",13,"Overseas","SinglePass",10,11,1,0,1,1,0,0,0,0,3,NA,3,1,0,"N","Y",96
"DOLPHD-7213","F",16,"Overseas","SinglePass",10,11,1,0,1,2,0,0,1,0,3,NA,4,2,0,"Y","Y",121
"DOLPHD-7215","F",16,"Local","MultiPass",10,11,0,0,0,1,1,1,0,0,2,NA,4,1,0,"N","Y",121
"DOLPHD-7221","F",19,"Overseas","MultiPass",10,11,1,0,1,2,0,0,0,0,3,NA,2,1,0,"N","Y",121
"DOLPHD-7222","F",17,"Overseas","MultiPass",10,11,0,0,1,2,0,0,0,0,1,NA,4,4,0,"Y","Y",121
"DOLPHD-7226","F",15,"Local","SinglePass",10,11,1,0,0,1,0,1,0,0,2,NA,3,1,0,"N","N",71
"DOLPHD-7230","F",13,"Overseas","SinglePass",10,11,1,0,0,2,0,1,1,0,2,NA,3,1,0,"N","N",121
"DOLPHD-7231","F",18,"Overseas","SinglePass",10,11,0,0,1,2,1,1,0,0,1,NA,3,4,0,"N","N",96
"DOLPHD-7232","F",13,"Overseas","MultiPass",10,11,0,1,1,2,0,1,0,0,3,NA,3,1,0,"N","N",121
"DOLPHD-7235","F",15,"Local","MultiPass",10,11,0,1,0,2,0,1,0,0,3,NA,3,2,0,"N","N",121
"DOLPHD-7236","F",13,"Local","MultiPass",10,11,0,0,1,1,0,0,0,0,2,NA,4,2,0,"Y","Y",121
"DOLPHD-7237","F",16,"Local","SinglePass",10,11,0,0,1,1,0,0,1,0,1,NA,2,4,0,"Y","Y",71
"DOLPHD-7238","F",14,"Overseas","SinglePass",10,11,1,1,1,1,1,1,0,0,2,NA,2,2,0,"N","N",146
"DOLPHD-7246","F",15,"Local","MultiPass",10,11,0,1,1,2,0,1,0,0,1,NA,2,4,0,"Y","Y",121
"DOLPHD-7248","F",16,"Overseas","SinglePass",10,11,0,0,0,1,1,1,0,0,2,NA,2,2,0,"N","N",96
"DOLPHD-7249","F",18,"Overseas","MultiPass",10,11,1,0,0,2,1,0,0,0,1,NA,3,3,0,"Y","Y",121
"DOLPHD-7251","F",16,"Local","SinglePass",10,11,0,0,0,1,0,1,0,0,1,NA,4,3,0,"Y","N",71
"DOLPHD-7252","F",15,"Local","SinglePass",10,11,0,0,0,1,0,0,0,0,3,NA,4,1,0,"N","N",21
"DOLPHD-7253","F",13,"Local","MultiPass",10,11,0,0,0,2,0,1,1,0,2,NA,3,1,0,"N","N",121
"DOLPHD-7254","F",13,"Local","SinglePass",10,11,1,1,0,2,1,0,0,0,1,NA,3,4,0,"N","N",121
"DOLPHD-7257","F",13,"Overseas","MultiPass",10,11,1,0,0,2,0,1,1,0,1,NA,3,3,0,"N","N",121
"DOLPHD-7262","F",18,"Local","SinglePass",10,11,0,0,0,2,0,0,0,0,2,NA,3,2,0,"N","N",46
"DOLPHD-7263","F",15,"Local","MultiPass",10,11,1,0,0,2,1,1,0,0,2,NA,2,1,0,"N","N",121
"DOLPHD-7264","F",15,"Local","MultiPass",10,11,1,0,0,1,0,1,0,0,2,NA,3,2,0,"N","Y",121
"DOLPHD-7267","F",18,"Overseas","MultiPass",10,11,1,0,0,2,1,0,0,0,2,NA,4,2,0,"N","N",121
"DOLPHD-7269","F",15,"Local","SinglePass",10,11,1,0,0,1,0,1,0,0,3,NA,2,1,0,"N","N",71
"DOLPHD-7270","F",17,"Local","MultiPass",10,11,1,0,0,2,0,0,0,0,1,NA,2,3,0,"N","Y",121
"DOLPHD-7272","F",15,"Local","SinglePass",10,11,0,0,0,2,1,1,0,0,3,NA,4,1,0,"N","N",96
"DOLPHD-7275","F",18,"Overseas","SinglePass",10,11,0,0,0,1,0,1,1,0,1,NA,2,4,0,"Y","Y",96
"DOLPHD-7276","F",16,"Overseas","SinglePass",10,11,1,0,0,2,0,1,1,0,2,NA,3,1,0,"N","N",121
"DOLPHD-7277","F",15,"Overseas","MultiPass",10,11,1,0,0,1,0,1,0,0,1,NA,4,3,0,"N","Y",121
"DOLPHD-7279","F",18,"Local","SinglePass",10,11,1,0,0,1,0,0,0,0,2,NA,4,1,0,"Y","Y",46
"DOLPHD-7281","F",15,"Local","MultiPass",10,11,1,0,0,1,1,1,0,0,3,NA,4,1,0,"N","N",121
"DOLPHD-7282","F",18,"Local","SinglePass",10,11,0,1,0,2,0,1,0,0,1,NA,2,3,0,"N","N",96
"DOLPHD-7283","F",19,"Overseas","SinglePass",10,11,0,1,0,1,0,1,0,0,1,NA,4,4,0,"N","N",71
"DOLPHD-7284","F",14,"Overseas","MultiPass",10,11,1,1,0,2,0,1,0,0,2,NA,4,2,0,"N","N",121
"DOLPHD-7285","F",13,"Overseas","MultiPass",10,11,0,0,0,1,0,0,0,0,1,NA,2,3,0,"N","N",121
"DOLPHD-7287","F",16,"Local","SinglePass",10,11,1,1,0,2,0,0,0,0,3,NA,3,2,0,"N","N",96
"DOLPHD-7288","F",16,"Local","MultiPass",10,11,0,1,0,1,0,1,0,0,3,NA,4,2,0,"N","N",121
"DOLPHD-7290","F",15,"Local","SinglePass",10,11,1,0,0,1,0,1,0,0,2,NA,4,1,0,"N","Y",96
"DOLPHD-7293","F",16,"Overseas","SinglePass",10,11,1,1,0,2,0,1,0,0,1,NA,2,3,0,"N","N",96
"DOLPHD-7294","F",13,"Overseas","SinglePass",10,11,1,0,1,1,0,1,0,0,2,NA,2,2,0,"N","Y",121
"DOLPHD-7297","F",14,"Local","SinglePass",10,11,1,0,1,1,0,1,0,0,2,NA,3,2,0,"N","Y",96
"DOLPHD-7298","F",15,"Local","MultiPass",10,11,1,0,1,1,0,1,1,0,3,NA,4,1,0,"N","N",121
"DOLPHD-7299","F",19,"Local","MultiPass",10,11,1,1,0,1,1,0,1,0,3,NA,4,2,0,"N","N",121
"DOLPHD-7300","F",17,"Local","SinglePass",10,11,0,0,0,2,1,1,0,0,3,NA,3,2,0,"N","N",71
"DOLPHD-7301","F",17,"Overseas","SinglePass",10,11,1,1,0,2,1,0,0,0,1,NA,2,4,0,"N","N",121
"DOLPHD-7302","F",17,"Overseas","MultiPass",10,11,0,0,1,2,0,0,0,0,3,NA,4,1,0,"N","N",121
"DOLPHD-7310","F",15,"Overseas","SinglePass",10,11,1,0,0,2,1,1,0,0,1,NA,2,3,0,"N","N",96
"DOLPHD-7311","F",14,"Overseas","SinglePass",10,11,0,1,1,1,0,0,0,0,3,NA,3,1,0,"N","N",71
"DOLPHD-7312","F",17,"Overseas","MultiPass",10,11,1,0,0,1,1,0,1,0,2,NA,3,1,0,"Y","Y",121
"DOLPHD-7320","F",17,"Overseas","MultiPass",10,11,1,0,1,1,1,1,0,0,1,NA,3,3,0,"N","N",121
"DOLPHD-7322","F",17,"Overseas","SinglePass",10,11,1,0,0,2,0,1,0,0,2,NA,2,2,0,"N","N",71
"DOLPHD-7324","F",13,"Local","SinglePass",10,11,0,0,1,2,0,0,0,0,1,NA,4,3,0,"Y","Y",71
"DOLPHD-7325","F",18,"Local","SinglePass",10,11,1,0,1,1,0,1,0,0,3,NA,2,2,0,"N","Y",121
"DOLPHD-7326","F",17,"Local","MultiPass",10,11,0,0,0,2,1,0,0,0,3,NA,4,2,0,"Y","Y",121
"DOLPHD-7327","F",19,"Local","MultiPass",10,11,1,0,1,1,1,1,0,0,3,NA,2,1,0,"N","N",121
"DOLPHD-7328","F",15,"Overseas","SinglePass",10,11,0,0,0,2,0,0,0,0,2,NA,3,2,0,"N","N",21
"DOLPHD-7331","F",19,"Overseas","SinglePass",10,11,0,0,1,2,0,1,1,0,2,NA,3,2,0,"Y","Y",121
"DOLPHD-7332","F",13,"Local","SinglePass",10,11,0,0,0,2,1,0,1,0,1,NA,3,4,0,"N","N",71
"DOLPHD-7333","F",14,"Local","MultiPass",10,11,0,0,0,2,1,1,1,0,1,NA,2,4,0,"N","N",121
"DOLPHD-7334","F",15,"Local","MultiPass",10,11,0,0,0,2,0,0,1,0,1,NA,3,4,0,"N","N",121
"DOLPHD-7337","F",13,"Overseas","MultiPass",10,11,0,0,0,2,1,1,0,0,1,NA,4,4,0,"N","Y",121
"DOLPHD-7338","F",19,"Overseas","SinglePass",10,11,1,0,1,1,0,1,0,0,1,NA,3,3,0,"N","N",96
"DOLPHD-7340","F",17,"Overseas","MultiPass",10,11,1,0,1,2,0,0,1,0,1,NA,3,4,0,"N","N",121
"DOLPHD-7342","F",18,"Local","SinglePass",10,11,1,0,0,1,0,0,1,0,3,NA,2,1,0,"N","N",96
"DOLPHD-7343","F",13,"Local","SinglePass",10,11,0,0,0,1,1,0,1,0,2,NA,3,2,0,"N","N",96
"DOLPHD-7344","F",14,"Local","MultiPass",10,11,0,0,1,2,0,0,0,0,2,NA,3,1,0,"N","N",121
"DOLPHD-7346","F",15,"Overseas","SinglePass",10,11,0,0,0,1,0,1,1,0,3,NA,4,2,0,"N","Y",96
"DOLPHD-7350","F",16,"Local","SinglePass",10,11,0,1,1,2,1,1,1,0,3,NA,4,1,0,"Y","Y",171
"DOLPHD-7352","F",15,"Local","SinglePass",10,11,1,0,0,1,0,0,1,0,2,NA,4,2,0,"N","N",96
"DOLPHD-7353","F",13,"Local","SinglePass",10,11,0,0,1,2,0,0,1,0,2,NA,3,1,0,"N","N",96
"DOLPHD-7355","F",16,"Overseas","MultiPass",10,11,0,0,0,1,0,1,1,0,3,NA,3,2,0,"N","Y",121
"DOLPHD-7356","F",19,"Overseas","SinglePass",10,11,0,0,0,2,0,1,1,0,2,NA,2,1,0,"Y","Y",71
"DOLPHD-7359","F",18,"Local","SinglePass",10,11,0,0,0,1,0,0,1,0,2,NA,4,1,0,"N","Y",46
"DOLPHD-7360","F",19,"Local","SinglePass",10,11,1,0,1,1,0,0,1,0,2,NA,3,2,0,"Y","Y",121
"DOLPHD-7361","F",19,"Local","MultiPass",10,11,1,0,1,2,0,0,1,0,1,NA,3,4,0,"N","N",121
"DOLPHD-7362","F",19,"Local","MultiPass",10,11,1,0,0,2,0,0,0,0,2,NA,2,2,0,"N","N",121
"DOLPHD-7365","F",17,"Overseas","MultiPass",10,11,1,1,0,2,0,1,0,0,1,NA,3,4,0,"N","N",121
"DOLPHD-7369","F",13,"Local","MultiPass",10,11,1,0,0,1,0,0,0,0,2,NA,2,1,0,"Y","Y",121
"DOLPHD-7370","F",18,"Local","SinglePass",10,11,0,1,0,2,1,0,1,0,3,NA,3,1,0,"N","N",96
"DOLPHD-7371","F",19,"Local","SinglePass",10,11,1,0,0,2,0,1,0,0,3,NA,4,2,0,"N","N",96
"DOLPHD-7376","F",16,"Overseas","MultiPass",10,11,0,0,1,2,0,1,0,0,1,NA,3,3,0,"N","N",121
"DOLPHD-7378","F",13,"Local","SinglePass",10,11,1,0,1,1,1,1,0,0,1,NA,2,3,0,"N","N",146
"DOLPHD-7380","F",14,"Local","SinglePass",10,11,1,0,0,2,0,0,0,0,1,NA,4,4,0,"N","Y",46
"DOLPHD-7382","F",13,"Overseas","MultiPass",10,11,1,0,1,1,0,0,0,0,3,NA,3,1,0,"N","N",121
"DOLPHD-7383","F",14,"Overseas","MultiPass",10,11,0,0,0,2,1,1,0,0,3,NA,3,2,0,"N","Y",121
"DOLPHD-7388","F",14,"Local","SinglePass",10,11,1,0,0,2,0,0,0,0,3,NA,4,2,0,"N","N",71
"DOLPHD-7392","F",14,"Overseas","SinglePass",10,11,0,0,1,1,0,0,0,0,1,NA,3,3,0,"N","N",46
"DOLPHD-7395","F",17,"Local","SinglePass",10,11,0,0,0,1,1,1,1,0,2,NA,4,1,0,"Y","N",121
"DOLPHD-7401","F",19,"Overseas","SinglePass",10,11,1,0,0,2,0,0,0,0,3,NA,4,2,0,"N","N",46
"DOLPHD-7403","F",17,"Overseas","MultiPass",10,11,1,0,1,2,0,1,1,0,1,NA,2,3,0,"Y","Y",121
"DOLPHD-7406","F",19,"Local","SinglePass",10,11,1,0,0,1,0,1,1,0,2,NA,2,1,0,"N","Y",121
"DOLPHD-7407","F",17,"Local","MultiPass",10,11,1,0,0,1,0,0,0,0,1,NA,3,3,0,"N","N",121
"DOLPHD-7409","F",16,"Overseas","SinglePass",10,11,0,0,1,1,1,1,0,0,1,NA,4,3,0,"N","N",121
"DOLPHD-7415","F",15,"Local","SinglePass",10,11,0,1,0,1,1,0,0,0,1,NA,4,4,0,"N","N",71
"DOLPHD-7421","F",19,"Overseas","MultiPass",10,11,1,1,1,1,0,1,0,0,3,NA,4,1,0,"N","Y",121
"DOLPHD-7423","F",19,"Local","SinglePass",10,11,0,0,0,1,1,1,1,0,1,NA,2,3,0,"N","N",121
"DOLPHD-7424","F",16,"Local","MultiPass",10,11,1,0,0,1,0,0,1,0,2,NA,4,2,0,"N","N",121
"DOLPHD-7427","F",17,"Overseas","SinglePass",10,11,1,1,1,2,0,1,0,0,2,NA,3,2,0,"N","N",146
"DOLPHD-7428","F",19,"Overseas","MultiPass",10,11,1,1,1,1,0,0,1,0,2,NA,3,2,0,"N","N",121
"DOLPHD-7429","F",19,"Overseas","SinglePass",10,11,0,1,0,2,0,1,0,0,1,NA,4,4,0,"N","N",71
"DOLPHD-7432","F",16,"Local","MultiPass",10,11,1,0,1,2,0,1,1,0,1,NA,3,4,0,"N","N",121
"DOLPHD-7434","F",15,"Local","SinglePass",10,11,0,0,1,2,0,1,0,0,3,NA,4,1,0,"Y","Y",71
"DOLPHD-7436","F",14,"Overseas","SinglePass",10,11,0,0,0,2,0,1,1,0,3,NA,3,2,0,"N","Y",71
"DOLPHD-7441","F",19,"Local","SinglePass",10,11,0,0,1,1,0,0,0,0,1,NA,3,3,0,"N","N",71
"DOLPHD-7444","F",18,"Local","SinglePass",10,11,0,0,0,2,0,0,1,0,1,NA,2,3,0,"N","N",46
"DOLPHD-7447","F",19,"Overseas","SinglePass",10,11,0,1,1,1,0,1,1,0,3,NA,4,1,0,"N","Y",146
"DOLPHD-7450","F",19,"Local","SinglePass",10,11,1,0,0,2,0,1,0,0,3,NA,2,1,0,"N","N",71
"DOLPHD-7451","F",15,"Local","SinglePass",10,11,0,1,0,2,0,0,1,0,3,NA,2,1,0,"N","N",96
"DOLPHD-7452","F",14,"Local","MultiPass",10,11,1,0,0,1,0,1,0,0,3,NA,2,2,0,"N","N",121
"DOLPHD-7453","F",14,"Local","MultiPass",10,11,0,0,0,2,0,1,0,0,3,NA,4,2,0,"N","Y",121
"DOLPHD-7454","F",18,"Overseas","SinglePass",10,11,1,0,1,2,0,1,0,0,2,NA,2,2,0,"N","N",121
"DOLPHD-7457","F",19,"Overseas","SinglePass",10,11,0,0,0,1,0,1,0,0,2,NA,4,2,0,"Y","Y",71
"DOLPHD-7459","F",16,"Local","MultiPass",10,11,0,0,0,2,0,0,0,0,2,NA,4,2,0,"N","N",121
"DOLPHD-7460","F",15,"Local","MultiPass",10,11,1,0,0,1,0,1,0,0,3,NA,4,2,0,"N","N",121
"DOLPHD-7461","F",18,"Local","SinglePass",10,11,0,0,1,2,0,0,1,0,2,NA,2,2,0,"N","N",71
"DOLPHD-7462","F",16,"Local","SinglePass",10,11,1,1,1,2,0,1,0,0,2,NA,2,1,0,"N","Y",146
"DOLPHD-7464","F",18,"Overseas","SinglePass",10,11,1,0,0,2,1,0,0,0,3,NA,2,1,0,"N","N",96
"DOLPHD-7467","F",17,"Local","MultiPass",10,11,0,0,1,1,0,1,0,0,1,NA,3,3,0,"N","N",121
"DOLPHD-7472","F",18,"Overseas","SinglePass",10,11,0,0,0,2,0,0,1,0,1,NA,3,3,0,"N","N",46
"DOLPHD-7474","F",19,"Overseas","MultiPass",10,11,1,1,0,2,0,1,1,0,1,NA,4,3,0,"N","Y",121
"DOLPHD-7475","F",16,"Overseas","SinglePass",10,11,0,0,0,1,0,1,0,0,1,NA,3,3,0,"N","Y",71
"DOLPHD-7478","F",18,"Local","SinglePass",10,11,1,0,1,2,0,1,0,0,2,NA,3,1,0,"N","N",121
"DOLPHD-7479","F",15,"Local","SinglePass",10,11,0,0,0,1,0,0,0,0,3,NA,3,1,0,"N","N",46
"DOLPHD-7481","F",13,"Overseas","MultiPass",10,11,0,1,0,2,0,1,0,0,2,NA,2,1,0,"N","N",121
"DOLPHD-7482","F",19,"Overseas","SinglePass",10,11,1,0,0,1,0,0,0,0,1,NA,4,3,0,"N","Y",46
"DOLPHD-7484","F",18,"Overseas","MultiPass",10,11,1,0,1,1,0,1,0,0,1,NA,4,3,0,"N","N",121
"DOLPHD-7486","F",14,"Local","SinglePass",10,11,1,0,1,1,0,0,1,0,1,NA,3,4,0,"N","N",121
"DOLPHD-7488","F",19,"Local","MultiPass",10,11,0,0,0,1,1,1,0,0,1,NA,2,3,0,"N","N",121
"DOLPHD-7497","F",19,"Local","SinglePass",10,11,1,1,1,1,0,0,0,0,3,NA,3,2,0,"N","N",121
"DOLPHD-7501","F",19,"Overseas","MultiPass",10,11,0,0,1,1,0,0,0,0,1,NA,4,4,0,"Y","Y",121
"DOLPHD-7502","F",18,"Overseas","MultiPass",10,11,0,0,0,2,0,1,0,0,1,NA,3,4,0,"N","N",121
"DOLPHD-7503","F",16,"Local","SinglePass",10,11,0,0,0,2,0,1,1,0,3,NA,2,1,0,"Y","Y",96
"DOLPHD-7505","F",17,"Local","MultiPass",10,11,0,0,0,2,0,1,0,0,2,NA,4,1,0,"Y","Y",121
"DOLPHD-7506","F",16,"Local","SinglePass",10,11,1,1,0,1,0,0,0,0,1,NA,3,4,0,"N","N",96
"DOLPHD-7507","F",15,"Local","SinglePass",10,11,1,0,0,2,0,1,0,0,3,NA,4,1,0,"N","Y",96
"DOLPHD-7514","F",13,"Local","SinglePass",10,11,1,1,1,2,0,0,0,0,2,NA,4,1,0,"N","N",96
"DOLPHD-7515","F",15,"Local","MultiPass",10,11,1,0,1,2,1,1,0,0,2,NA,4,1,0,"N","Y",121
"DOLPHD-7516","F",17,"Local","MultiPass",10,11,0,0,1,2,0,1,0,0,2,NA,4,1,0,"N","N",121
"DOLPHD-7518","F",15,"Overseas","SinglePass",10,11,1,0,0,1,0,0,0,0,3,NA,2,1,0,"N","N",71
"DOLPHD-7519","F",16,"Overseas","MultiPass",10,11,1,0,0,2,1,0,0,0,2,NA,3,1,0,"Y","Y",121
"DOLPHD-7520","F",16,"Overseas","SinglePass",10,11,1,0,0,1,0,0,0,0,3,NA,2,1,0,"Y","Y",46
"DOLPHD-7521","F",17,"Local","SinglePass",10,11,0,1,0,1,0,0,0,0,1,NA,4,3,0,"N","N",71
"DOLPHD-7522","F",19,"Local","MultiPass",10,11,0,0,0,2,0,1,1,0,2,NA,4,2,0,"N","N",121
"DOLPHD-7525","F",19,"Local","SinglePass",10,11,1,0,1,1,0,0,0,0,2,NA,4,2,0,"N","Y",96
"DOLPHD-7526","F",16,"Overseas","MultiPass",10,11,1,0,1,2,0,1,0,0,2,NA,2,1,0,"Y","N",121
"DOLPHD-7528","F",16,"Overseas","SinglePass",10,11,1,0,0,2,0,0,1,0,3,NA,2,1,0,"N","N",71
"DOLPHD-7534","F",13,"Local","SinglePass",10,11,0,0,1,2,1,0,0,0,1,NA,4,3,0,"N","N",96
"DOLPHD-7540","F",18,"Local","MultiPass",10,11,1,0,1,1,0,1,1,0,1,NA,3,4,0,"N","N",121
"DOLPHD-7544","F",15,"Overseas","MultiPass",10,11,1,0,0,2,0,1,0,0,3,NA,2,1,0,"N","N",121
"DOLPHD-7545","F",13,"Overseas","SinglePass",10,11,1,0,1,2,0,0,1,0,2,NA,4,1,0,"N","N",96
"DOLPHD-7548","F",15,"Local","SinglePass",10,11,0,0,1,1,0,0,1,0,1,NA,2,4,0,"N","Y",71
"DOLPHD-7549","F",17,"Local","SinglePass",10,11,0,0,1,2,0,1,0,0,2,NA,2,1,0,"N","N",71
"DOLPHD-7550","F",14,"Local","MultiPass",10,11,1,1,0,1,0,0,0,0,1,NA,3,3,0,"N","N",121
"DOLPHD-7552","F",15,"Local","SinglePass",10,11,0,0,0,1,0,0,0,0,3,NA,3,2,0,"N","N",46
"DOLPHD-7555","F",14,"Overseas","SinglePass",10,11,1,0,0,1,0,0,0,0,3,NA,3,1,0,"N","Y",71
"DOLPHD-7559","F",19,"Local","SinglePass",10,11,1,0,0,2,1,1,0,0,3,NA,4,2,0,"N","N",96
"DOLPHD-7563","F",15,"Overseas","SinglePass",10,11,0,1,0,1,1,1,1,0,1,NA,4,3,0,"N","N",121
"DOLPHD-7565","F",19,"Overseas","MultiPass",10,11,1,0,0,1,0,1,1,0,3,NA,3,2,0,"N","N",121
"DOLPHD-7567","F",18,"Local","SinglePass",10,11,1,1,1,2,1,0,0,0,2,NA,3,1,0,"Y","Y",121
"DOLPHD-757","M",9,"Overseas","MultiPass",10,7,1,0,1,0,1,1,1,1,2,NA,4,1,1,"N","N",117
"DOLPHD-7570","F",15,"Local","SinglePass",10,11,1,0,0,2,0,1,0,0,3,NA,2,1,0,"N","Y",96
"DOLPHD-7571","F",13,"Overseas","MultiPass",10,11,1,0,1,1,1,1,0,0,2,NA,2,1,0,"Y","Y",121
"DOLPHD-7572","F",13,"Overseas","MultiPass",10,11,0,1,1,1,0,0,1,0,3,NA,4,2,0,"N","N",121
"DOLPHD-7577","F",19,"Local","SinglePass",10,11,1,0,0,1,0,1,1,0,3,NA,4,1,0,"N","N",121
"DOLPHD-7579","F",13,"Local","MultiPass",10,11,1,0,0,1,0,0,0,0,2,NA,4,2,0,"N","N",121
"DOLPHD-758","M",8,"Overseas","MultiPass",10,7,1,0,1,1,1,0,1,1,2,NA,4,1,1,"N","N",117
"DOLPHD-7580","F",14,"Overseas","SinglePass",10,11,1,0,0,2,1,1,0,0,1,NA,2,4,0,"N","N",121
"DOLPHD-7582","F",15,"Overseas","MultiPass",10,11,1,1,0,1,0,1,0,0,1,NA,3,4,0,"N","N",121
"DOLPHD-7588","F",16,"Local","SinglePass",10,11,1,1,0,1,1,0,1,0,3,NA,2,1,0,"Y","N",146
"DOLPHD-7589","F",19,"Overseas","MultiPass",10,11,0,0,0,2,0,0,0,0,3,NA,2,1,0,"N","N",121
"DOLPHD-759","F",9,"Overseas","MultiPass",10,13,1,0,1,1,1,1,1,0,2,NA,2,1,1,"N","N",123
"DOLPHD-7593","F",16,"Local","MultiPass",10,11,0,0,0,2,0,1,0,0,1,NA,3,4,0,"Y","Y",121
"DOLPHD-7594","F",14,"Local","SinglePass",10,11,0,0,1,1,0,1,1,0,1,NA,3,4,0,"N","N",121
"DOLPHD-7595","F",13,"Local","SinglePass",10,11,1,0,0,1,0,0,0,0,1,NA,2,4,0,"N","N",46
"DOLPHD-7596","F",14,"Local","MultiPass",10,11,1,0,0,1,0,0,1,0,2,NA,3,1,0,"N","N",121
"DOLPHD-7598","F",13,"Overseas","SinglePass",10,11,0,1,1,1,0,0,0,0,2,NA,2,2,0,"N","N",71
"DOLPHD-760","M",14,"Overseas","MultiPass",25,12,1,0,0,1,1,1,0,0,3,NA,3,1,1,"N","N",137
"DOLPHD-7601","F",18,"Overseas","SinglePass",10,11,1,0,0,1,0,1,1,0,1,NA,2,3,0,"N","Y",96
"DOLPHD-7604","F",16,"Local","SinglePass",10,11,0,1,1,1,0,0,0,0,1,NA,4,4,0,"N","N",71
"DOLPHD-7605","F",16,"Local","SinglePass",10,11,1,1,1,1,0,1,1,0,1,NA,4,4,0,"N","N",171
"DOLPHD-7608","F",18,"Overseas","SinglePass",10,11,1,0,0,2,1,0,0,0,1,NA,3,3,0,"N","Y",96
"DOLPHD-7609","F",18,"Overseas","SinglePass",10,11,0,0,0,2,1,0,1,0,2,NA,4,1,0,"N","Y",71
"DOLPHD-761","M",12,"Overseas","MultiPass",19,10,1,0,0,0,1,0,0,0,3,NA,4,1,1,"N","N",129
"DOLPHD-7610","F",15,"Overseas","MultiPass",10,11,0,0,1,1,1,0,0,0,1,NA,4,4,0,"N","N",121
"DOLPHD-7611","F",17,"Local","SinglePass",10,11,1,1,0,1,0,1,0,0,3,NA,3,2,0,"N","Y",96
"DOLPHD-7612","F",13,"Local","SinglePass",10,11,1,1,0,1,0,0,0,0,1,NA,3,3,0,"N","Y",96
"DOLPHD-7613","F",15,"Local","MultiPass",10,11,1,0,1,2,0,0,0,0,1,NA,3,4,0,"Y","Y",121
"DOLPHD-7616","F",17,"Overseas","SinglePass",10,11,1,0,0,2,1,1,1,0,1,NA,2,4,0,"N","Y",121
"DOLPHD-7617","F",13,"Overseas","MultiPass",10,11,0,0,1,2,0,1,0,0,2,NA,4,2,0,"N","N",121
"DOLPHD-7618","F",17,"Overseas","SinglePass",10,11,0,0,1,1,0,0,0,0,2,NA,4,2,0,"N","N",71
"DOLPHD-762","F",13,"Overseas","MultiPass",18,11,1,0,0,1,0,0,0,0,3,NA,2,2,1,"N","N",129
"DOLPHD-7620","F",16,"Local","MultiPass",10,11,1,0,1,1,0,0,0,0,3,NA,4,2,0,"N","N",121
"DOLPHD-7624","F",18,"Local","MultiPass",10,11,0,0,0,1,0,0,0,0,3,NA,2,2,0,"N","N",121
"DOLPHD-763","M",12,"Overseas","MultiPass",21,5,1,0,0,0,1,1,0,0,2,NA,3,1,1,"N","Y",126
"DOLPHD-7636","F",19,"Overseas","SinglePass",10,11,1,0,1,2,1,0,0,0,1,NA,4,3,0,"N","Y",96
"DOLPHD-7637","F",17,"Overseas","SinglePass",10,11,0,0,0,1,0,1,0,0,1,NA,2,4,0,"N","N",71
"DOLPHD-7638","F",16,"Local","MultiPass",10,11,1,0,0,2,0,0,0,0,2,NA,2,1,0,"N","N",121
"DOLPHD-764","M",10,"Overseas","MultiPass",10,11,1,0,0,1,1,0,0,1,3,NA,3,2,1,"N","N",121
"DOLPHD-7640","F",19,"Local","SinglePass",10,11,0,0,0,1,0,1,0,0,2,NA,4,1,0,"Y","Y",46
"DOLPHD-7641","F",19,"Local","MultiPass",10,11,1,0,1,1,0,0,0,0,3,NA,2,2,0,"N","N",121
"DOLPHD-7643","F",16,"Overseas","SinglePass",10,11,0,1,0,2,0,0,0,0,1,NA,2,3,0,"Y","Y",46
"DOLPHD-7645","F",17,"Overseas","MultiPass",10,11,0,0,0,1,1,0,1,0,1,NA,4,4,0,"N","N",121
"DOLPHD-765","F",9,"Overseas","MultiPass",10,13,1,0,1,0,0,0,1,1,2,NA,4,1,1,"N","N",123
"DOLPHD-7650","F",14,"Local","SinglePass",10,11,0,1,0,1,0,0,0,0,1,NA,3,4,0,"N","N",46
"DOLPHD-7651","F",17,"Local","SinglePass",10,11,0,0,1,1,1,1,1,0,2,NA,2,2,0,"N","Y",121
"DOLPHD-7656","F",13,"Local","MultiPass",10,11,0,1,1,2,1,0,1,0,3,NA,4,2,0,"N","Y",121
"DOLPHD-7657","F",15,"Local","SinglePass",10,11,0,0,0,2,0,0,0,0,1,NA,4,4,0,"N","N",21
"DOLPHD-7659","F",13,"Local","MultiPass",10,11,1,0,0,2,0,1,1,0,1,NA,4,3,0,"Y","Y",121
"DOLPHD-766","M",9,"Overseas","MultiPass",10,12,1,0,1,0,0,1,1,1,2,NA,2,1,1,"N","N",122
"DOLPHD-7664","F",18,"Overseas","SinglePass",10,11,1,0,1,1,0,1,0,0,1,NA,3,4,0,"N","N",121
"DOLPHD-7665","F",17,"Local","SinglePass",10,11,0,0,1,2,0,1,0,0,2,NA,4,2,0,"N","N",71
"DOLPHD-7667","F",17,"Local","SinglePass",10,11,1,0,0,1,1,1,0,0,1,NA,3,4,0,"N","Y",121
"DOLPHD-7669","F",13,"Local","MultiPass",10,11,1,0,1,1,1,1,0,0,1,NA,2,3,0,"N","N",121
"DOLPHD-767","M",11,"Overseas","MultiPass",10,8,1,0,0,0,0,1,0,1,2,NA,4,2,1,"Y","Y",118
"DOLPHD-7671","F",19,"Overseas","SinglePass",10,11,1,1,0,1,0,0,1,0,1,NA,2,4,0,"N","N",121
"DOLPHD-7672","F",16,"Overseas","SinglePass",10,11,0,0,0,2,1,1,1,0,1,NA,3,3,0,"N","N",96
"DOLPHD-7673","F",15,"Overseas","MultiPass",10,11,1,1,0,1,1,1,0,0,2,NA,4,2,0,"N","N",121
"DOLPHD-7677","F",18,"Local","MultiPass",10,11,1,1,0,1,0,0,0,0,3,NA,2,2,0,"N","N",121
"DOLPHD-7678","F",18,"Local","SinglePass",10,11,1,0,0,2,0,0,0,0,3,NA,2,2,0,"N","N",71
"DOLPHD-768","F",6,"Overseas","MultiPass",10,6,1,0,1,0,0,0,1,1,3,NA,3,2,1,"N","N",116
"DOLPHD-7683","F",19,"Local","MultiPass",10,11,1,1,0,2,0,1,0,0,1,NA,2,4,0,"N","N",121
"DOLPHD-7684","F",18,"Local","MultiPass",10,11,1,0,0,2,1,1,0,0,1,NA,3,3,0,"N","N",121
"DOLPHD-7686","F",15,"Local","SinglePass",10,11,0,0,1,1,0,1,0,0,2,NA,4,2,0,"N","N",96
"DOLPHD-7687","F",14,"Local","MultiPass",10,11,1,0,0,2,0,1,0,0,3,NA,2,2,0,"N","N",121
"DOLPHD-7689","F",19,"Overseas","SinglePass",10,11,1,0,0,1,0,0,0,0,2,NA,2,1,0,"N","N",71
"DOLPHD-769","M",14,"Overseas","MultiPass",32,14,1,0,0,1,1,1,0,0,2,NA,4,1,1,"N","Y",146
"DOLPHD-7698","F",13,"Overseas","MultiPass",10,11,1,0,0,2,0,1,0,0,1,NA,4,3,0,"N","N",121
"DOLPHD-7699","F",13,"Overseas","SinglePass",10,11,0,0,1,2,0,1,0,0,3,NA,4,1,0,"N","N",96
"DOLPHD-770","M",11,"Overseas","MultiPass",10,13,1,0,0,1,0,0,0,1,2,NA,4,1,1,"N","N",123
"DOLPHD-7706","F",19,"Overseas","SinglePass",10,11,0,0,0,1,0,0,1,0,1,NA,3,3,0,"N","N",71
"DOLPHD-7707","F",16,"Overseas","SinglePass",10,11,1,0,0,2,0,0,0,0,3,NA,4,2,0,"N","N",71
"DOLPHD-7709","F",18,"Overseas","SinglePass",10,11,1,0,1,2,1,1,0,0,2,NA,4,1,0,"N","Y",146
"DOLPHD-771","F",6,"Overseas","MultiPass",10,10,1,0,1,0,1,0,1,1,2,NA,4,1,1,"N","N",120
"DOLPHD-7710","F",15,"Local","SinglePass",10,11,0,0,1,1,0,0,0,0,1,NA,4,3,0,"N","N",46
"DOLPHD-7713","F",19,"Local","SinglePass",10,11,0,0,0,2,0,1,1,0,3,NA,2,2,0,"N","Y",71
"DOLPHD-7715","F",14,"Overseas","MultiPass",10,11,1,0,0,2,1,1,0,0,3,NA,3,1,0,"N","N",121
"DOLPHD-772","M",6,"Overseas","MultiPass",10,7,1,0,1,0,0,0,1,1,3,NA,4,2,1,"Y","Y",117
"DOLPHD-7720","F",13,"Local","SinglePass",10,11,1,0,0,2,0,0,0,0,1,NA,4,3,0,"N","N",71
"DOLPHD-7723","F",16,"Local","SinglePass",10,11,1,1,0,2,0,0,1,0,1,NA,4,4,0,"N","N",121
"DOLPHD-7725","F",16,"Overseas","MultiPass",10,11,1,0,1,2,0,1,0,0,1,NA,2,4,0,"N","N",121
"DOLPHD-7726","F",13,"Overseas","MultiPass",10,11,1,0,0,2,0,0,0,0,1,NA,2,4,0,"N","N",121
"DOLPHD-7727","F",16,"Overseas","SinglePass",10,11,1,1,0,1,0,0,0,0,1,NA,4,4,0,"N","N",96
"DOLPHD-7729","F",18,"Local","MultiPass",10,11,1,0,1,1,1,0,1,0,1,NA,2,3,0,"N","N",121
"DOLPHD-773","M",6,"Overseas","MultiPass",10,14,1,0,1,0,1,1,1,1,2,NA,2,2,1,"N","N",124
"DOLPHD-7730","F",16,"Local","SinglePass",10,11,1,0,1,2,1,1,1,0,1,NA,4,3,0,"N","N",146
"DOLPHD-7735","F",16,"Overseas","SinglePass",10,11,0,0,1,2,0,0,0,0,1,NA,2,4,0,"N","N",71
"DOLPHD-7737","F",19,"Local","SinglePass",10,11,1,1,0,2,0,0,0,0,1,NA,2,4,0,"N","N",96
"DOLPHD-7738","F",13,"Local","SinglePass",10,11,1,0,0,1,0,0,0,0,1,NA,3,4,0,"N","N",46
"DOLPHD-774","F",10,"Overseas","MultiPass",10,9,1,0,0,1,0,1,0,1,3,NA,2,1,1,"N","N",119
"DOLPHD-7741","F",17,"Local","SinglePass",10,11,1,0,0,2,1,1,1,0,1,NA,4,4,0,"Y","Y",121
"DOLPHD-7742","F",19,"Overseas","SinglePass",10,11,1,0,1,1,0,1,0,0,1,NA,2,4,0,"Y","Y",96
"DOLPHD-7747","F",14,"Local","MultiPass",10,11,1,1,0,2,1,1,0,0,1,NA,2,4,0,"N","Y",121
"DOLPHD-7748","F",16,"Local","SinglePass",10,11,0,0,1,1,0,0,0,0,1,NA,2,3,0,"N","N",71
"DOLPHD-775","M",7,"Overseas","MultiPass",10,15,1,0,1,1,1,0,1,1,2,NA,4,2,1,"Y","Y",125
"DOLPHD-7750","F",16,"Local","MultiPass",10,11,0,1,1,2,0,0,0,0,1,NA,4,4,0,"N","Y",121
"DOLPHD-7752","F",17,"Overseas","SinglePass",10,11,1,1,1,2,1,1,0,0,1,NA,2,4,0,"N","Y",171
"DOLPHD-776","M",11,"Overseas","MultiPass",10,14,1,0,0,1,0,1,0,1,2,NA,2,1,1,"N","N",124
"DOLPHD-7760","F",14,"Overseas","MultiPass",10,11,1,0,1,2,0,1,0,0,1,NA,4,4,0,"Y","Y",121
"DOLPHD-7761","F",13,"Overseas","MultiPass",10,11,0,0,0,1,0,1,0,0,1,NA,4,3,0,"Y","Y",121
"DOLPHD-7764","F",19,"Local","MultiPass",10,11,0,0,0,2,0,0,0,0,1,NA,3,3,0,"N","N",121
"DOLPHD-7765","F",19,"Local","SinglePass",10,11,1,0,0,1,0,1,0,0,1,NA,3,4,0,"N","Y",96
"DOLPHD-7766","F",16,"Local","SinglePass",10,11,1,1,0,1,0,1,1,0,1,NA,3,4,0,"N","N",121
"DOLPHD-777","F",7,"Overseas","MultiPass",10,14,1,0,1,0,1,0,1,1,2,NA,3,2,1,"N","N",124
"DOLPHD-7775","F",16,"Local","MultiPass",10,11,1,0,0,2,0,1,1,0,1,NA,4,4,0,"N","N",121
"DOLPHD-7776","F",13,"Local","SinglePass",10,11,1,0,1,1,0,0,0,0,1,NA,2,4,0,"N","N",71
"DOLPHD-778","M",14,"Overseas","MultiPass",30,12,1,0,0,1,0,1,0,0,2,NA,2,2,1,"N","Y",142
"DOLPHD-7783","F",17,"Local","SinglePass",10,11,1,1,1,1,0,1,1,0,1,NA,2,4,0,"N","N",146
"DOLPHD-7786","F",13,"Local","SinglePass",10,11,0,0,0,1,1,1,0,0,1,NA,3,3,0,"N","N",71
"DOLPHD-7787","F",13,"Overseas","SinglePass",10,11,1,0,1,1,0,0,1,0,1,NA,2,3,0,"N","N",96
"DOLPHD-7789","F",17,"Overseas","MultiPass",10,11,1,0,1,1,0,0,1,0,1,NA,3,3,0,"N","N",121
"DOLPHD-779","M",8,"Overseas","MultiPass",10,12,1,0,1,1,0,0,1,0,2,NA,2,2,1,"N","Y",122
"DOLPHD-7790","F",16,"Overseas","SinglePass",10,11,0,1,0,1,1,0,0,0,1,NA,4,3,0,"Y","Y",96
"DOLPHD-7792","F",16,"Local","MultiPass",10,11,0,0,0,1,1,0,0,0,1,NA,4,4,0,"N","N",121
"DOLPHD-7793","F",14,"Local","SinglePass",10,11,1,0,0,1,0,0,1,0,1,NA,3,3,0,"N","N",96
"DOLPHD-7794","F",15,"Local","SinglePass",10,11,1,0,0,2,0,1,1,0,1,NA,3,4,0,"N","N",121
"DOLPHD-7795","F",13,"Local","MultiPass",10,11,0,0,0,2,0,1,1,0,1,NA,2,3,0,"N","Y",121
"DOLPHD-780","F",12,"Overseas","MultiPass",23,5,1,0,0,1,1,1,0,0,2,NA,4,1,1,"N","N",128
"DOLPHD-7801","F",19,"Local","SinglePass",10,11,1,1,0,1,0,1,0,0,1,NA,2,4,0,"N","N",96
"DOLPHD-7807","F",17,"Overseas","SinglePass",10,11,1,0,1,1,1,1,0,0,1,NA,4,4,0,"N","N",121
"DOLPHD-7809","F",16,"Local","MultiPass",10,11,1,0,1,1,0,0,0,0,1,NA,3,4,0,"N","N",121
"DOLPHD-781","M",9,"Overseas","MultiPass",10,13,1,0,1,0,0,1,1,1,3,NA,2,1,1,"N","N",123
"DOLPHD-7811","F",16,"Local","SinglePass",10,11,0,0,0,2,0,1,1,0,1,NA,2,3,0,"Y","Y",71
"DOLPHD-7817","F",18,"Overseas","MultiPass",10,11,0,0,1,1,0,0,0,0,1,NA,4,4,0,"Y","Y",121
"DOLPHD-7819","F",18,"Local","SinglePass",10,11,1,0,1,1,1,0,0,0,1,NA,2,3,0,"N","N",96
"DOLPHD-782","M",14,"Overseas","MultiPass",30,6,1,0,0,1,1,0,0,0,2,NA,2,2,1,"N","Y",136
"DOLPHD-7822","F",14,"Local","SinglePass",10,11,0,0,1,1,0,1,0,0,1,NA,4,4,0,"N","Y",96
"DOLPHD-7823","F",14,"Overseas","MultiPass",10,11,0,0,1,2,0,0,0,0,1,NA,3,3,0,"N","N",121
"DOLPHD-7825","F",13,"Overseas","SinglePass",10,11,1,1,0,2,0,0,0,0,1,NA,2,4,0,"N","N",71
"DOLPHD-783","F",11,"Overseas","MultiPass",10,13,1,0,0,0,0,0,0,1,2,NA,4,1,1,"N","N",123
"DOLPHD-7831","F",14,"Local","MultiPass",10,11,1,1,0,2,0,0,1,0,1,NA,2,3,0,"N","N",121
"DOLPHD-7835","F",14,"Overseas","SinglePass",10,11,1,1,0,2,0,0,1,0,1,NA,4,3,0,"Y","Y",96
"DOLPHD-7837","F",17,"Local","MultiPass",10,11,1,1,0,1,0,0,0,0,1,NA,4,4,0,"N","N",121
"DOLPHD-7839","F",18,"Local","SinglePass",10,11,0,0,0,1,0,1,0,0,1,NA,4,4,0,"N","N",46
"DOLPHD-784","M",11,"Overseas","MultiPass",10,14,1,0,0,0,0,0,0,1,3,NA,4,1,1,"N","N",124
"DOLPHD-7840","F",18,"Local","SinglePass",10,11,1,1,1,1,1,0,0,0,1,NA,4,3,0,"N","N",121
"DOLPHD-7842","F",15,"Overseas","SinglePass",10,11,1,1,0,1,1,1,0,0,1,NA,2,4,0,"Y","Y",121
"DOLPHD-7843","F",13,"Overseas","SinglePass",10,11,1,0,1,2,0,1,1,0,1,NA,3,4,0,"N","N",146
"DOLPHD-7845","F",15,"Local","MultiPass",10,11,0,0,1,2,0,1,0,0,1,NA,3,3,0,"N","N",121
"DOLPHD-785","M",11,"Overseas","MultiPass",10,15,1,0,0,0,1,1,0,1,2,NA,2,2,1,"N","N",125
"DOLPHD-7851","F",16,"Overseas","MultiPass",10,11,0,0,1,2,0,0,1,0,1,NA,3,4,0,"N","N",121
"DOLPHD-7852","F",16,"Overseas","MultiPass",10,11,0,0,0,1,0,0,0,0,1,NA,3,4,0,"N","N",121
"DOLPHD-7857","F",13,"Local","SinglePass",10,11,1,0,1,2,1,0,0,0,1,NA,3,4,0,"N","N",121
"DOLPHD-7858","F",14,"Local","MultiPass",10,11,1,0,0,2,0,0,0,0,1,NA,4,4,0,"N","Y",121
"DOLPHD-786","F",7,"Overseas","MultiPass",10,6,1,0,1,0,1,0,1,0,3,NA,3,2,1,"N","N",116
"DOLPHD-7865","F",19,"Local","MultiPass",10,11,1,0,0,1,1,1,0,0,1,NA,3,3,0,"N","N",121
"DOLPHD-7866","F",15,"Local","MultiPass",10,11,1,0,0,1,1,0,1,0,1,NA,3,4,0,"N","Y",121
"DOLPHD-7867","F",18,"Local","SinglePass",10,11,1,1,0,2,0,1,0,0,1,NA,4,3,0,"Y","Y",121
"DOLPHD-7868","F",17,"Overseas","SinglePass",10,11,1,0,1,2,0,1,0,0,1,NA,2,4,0,"Y","Y",121
"DOLPHD-7869","F",17,"Overseas","MultiPass",10,11,1,1,1,2,0,0,0,0,1,NA,4,4,0,"N","Y",121
"DOLPHD-787","M",12,"Overseas","MultiPass",28,12,1,0,0,0,1,1,0,0,2,NA,2,1,1,"N","N",140
"DOLPHD-7871","F",17,"Overseas","SinglePass",10,11,0,0,1,2,0,0,1,0,1,NA,2,3,0,"N","N",96
"DOLPHD-7872","F",19,"Local","MultiPass",10,11,0,0,1,1,1,1,0,0,1,NA,3,3,0,"N","N",121
"DOLPHD-7876","F",17,"Local","MultiPass",10,11,1,0,1,2,1,0,1,0,1,NA,3,4,0,"Y","Y",121
"DOLPHD-7877","F",18,"Overseas","SinglePass",10,11,0,0,1,1,0,1,0,0,1,NA,2,3,0,"N","N",96
"DOLPHD-7879","F",13,"Overseas","MultiPass",10,11,0,0,1,2,0,0,0,0,1,NA,2,3,0,"N","Y",121
"DOLPHD-788","M",6,"Overseas","MultiPass",10,12,1,0,1,0,0,0,1,0,3,NA,3,1,1,"N","N",122
"DOLPHD-7880","F",15,"Overseas","MultiPass",10,11,1,0,0,2,0,1,0,0,1,NA,2,4,0,"N","Y",121
"DOLPHD-7883","F",19,"Local","MultiPass",10,11,1,0,0,2,0,0,0,0,1,NA,2,3,0,"N","N",121
"DOLPHD-7888","F",15,"Overseas","SinglePass",10,11,1,0,1,1,0,1,0,0,1,NA,2,3,0,"N","N",121
"DOLPHD-789","F",13,"Overseas","MultiPass",22,5,1,0,0,0,1,1,0,0,3,NA,2,1,1,"N","Y",127
"DOLPHD-7892","F",18,"Local","SinglePass",10,11,0,0,1,1,0,0,0,0,1,NA,3,4,0,"N","N",71
"DOLPHD-7896","F",18,"Overseas","SinglePass",10,11,0,0,1,2,0,1,0,0,1,NA,3,4,0,"N","N",96
"DOLPHD-7897","F",13,"Overseas","MultiPass",10,11,0,0,1,2,0,1,0,0,1,NA,2,3,0,"N","N",121
"DOLPHD-790","M",10,"Overseas","MultiPass",10,10,1,0,0,0,1,0,0,0,2,NA,4,1,1,"N","N",120
"DOLPHD-7906","F",18,"Overseas","SinglePass",10,11,1,0,0,2,1,1,1,0,1,NA,2,4,0,"Y","Y",121
"DOLPHD-791","M",12,"Overseas","MultiPass",30,6,1,0,0,0,1,1,0,0,2,NA,2,2,1,"N","N",136
"DOLPHD-7913","F",13,"Overseas","SinglePass",10,11,1,0,0,2,1,1,0,0,1,NA,3,4,0,"N","N",96
"DOLPHD-7914","F",18,"Overseas","MultiPass",10,11,0,0,1,1,1,1,0,0,1,NA,2,4,0,"N","N",121
"DOLPHD-7915","F",18,"Overseas","MultiPass",10,11,1,0,1,2,0,1,0,0,1,NA,4,4,0,"N","N",121
"DOLPHD-7916","F",14,"Overseas","SinglePass",10,11,0,0,0,2,1,0,0,0,1,NA,2,4,0,"Y","Y",71
"DOLPHD-7917","F",18,"Local","SinglePass",10,11,1,0,0,2,1,1,0,0,1,NA,3,3,0,"N","Y",96
"DOLPHD-7918","F",18,"Local","MultiPass",10,11,0,0,0,1,0,0,0,0,1,NA,2,3,0,"N","N",121
"DOLPHD-7919","F",17,"Local","SinglePass",10,11,1,0,0,2,1,0,1,0,1,NA,2,3,0,"Y","Y",96
"DOLPHD-792","F",9,"Overseas","MultiPass",10,12,1,0,1,0,0,0,1,0,3,NA,2,1,1,"N","N",122
"DOLPHD-7925","F",13,"Overseas","MultiPass",10,11,1,0,0,2,1,0,1,0,1,NA,3,4,0,"N","Y",121
"DOLPHD-793","M",7,"Overseas","MultiPass",10,6,1,0,1,0,0,0,1,0,3,NA,4,1,1,"N","N",116
"DOLPHD-7930","F",13,"Local","SinglePass",10,11,1,0,0,1,0,1,0,0,1,NA,2,4,0,"N","N",96
"DOLPHD-7933","F",17,"Overseas","SinglePass",10,11,0,0,0,2,1,1,0,0,1,NA,3,4,0,"Y","Y",71
"DOLPHD-7937","F",16,"Local","SinglePass",10,11,0,1,0,2,0,0,0,0,1,NA,4,4,0,"N","N",71
"DOLPHD-7939","F",18,"Local","MultiPass",10,11,0,0,0,1,0,1,1,0,1,NA,3,3,0,"N","Y",121
"DOLPHD-794","M",10,"Overseas","MultiPass",10,13,1,0,0,1,1,0,0,0,3,NA,2,2,1,"N","Y",123
"DOLPHD-7942","F",19,"Overseas","MultiPass",10,11,1,0,1,1,1,0,0,0,1,NA,2,3,0,"N","N",121
"DOLPHD-7943","F",13,"Overseas","MultiPass",10,11,1,0,0,2,0,1,1,0,1,NA,2,4,0,"N","N",121
"DOLPHD-7945","F",13,"Local","SinglePass",10,11,0,0,1,1,1,0,0,0,1,NA,4,3,0,"N","N",96
"DOLPHD-7946","F",17,"Local","MultiPass",10,11,1,0,0,1,0,1,1,0,1,NA,2,4,0,"N","N",121
"DOLPHD-7947","F",18,"Local","SinglePass",10,11,1,0,1,1,0,1,0,0,1,NA,3,3,0,"N","N",96
"DOLPHD-7948","F",15,"Local","SinglePass",10,11,1,0,0,2,1,0,0,0,1,NA,2,3,0,"N","N",71
"DOLPHD-795","F",12,"Overseas","MultiPass",30,6,1,0,0,1,1,1,0,0,2,NA,4,2,1,"N","N",136
"DOLPHD-7951","F",19,"Overseas","SinglePass",10,11,0,0,0,2,0,0,0,0,1,NA,3,4,0,"N","N",21
"DOLPHD-7956","F",16,"Local","MultiPass",10,11,0,0,0,1,1,0,0,0,1,NA,4,4,0,"N","N",121
"DOLPHD-7957","F",14,"Local","MultiPass",10,11,1,0,0,1,0,1,0,0,1,NA,3,3,0,"N","Y",121
"DOLPHD-7958","F",19,"Overseas","SinglePass",10,11,1,0,0,1,0,1,0,0,1,NA,2,3,0,"N","N",71
"DOLPHD-796","M",11,"Overseas","MultiPass",10,15,1,0,0,0,1,1,0,0,2,NA,4,1,1,"N","N",125
"DOLPHD-7960","F",13,"Overseas","MultiPass",10,11,1,0,1,2,0,0,0,0,1,NA,4,3,0,"Y","Y",121
"DOLPHD-7961","F",15,"Overseas","SinglePass",10,11,1,0,1,1,0,1,1,0,1,NA,3,3,0,"N","Y",121
"DOLPHD-7962","F",16,"Local","SinglePass",10,11,1,0,0,2,0,0,1,0,1,NA,2,3,0,"N","Y",96
"DOLPHD-7963","F",16,"Local","MultiPass",10,11,1,0,0,1,0,0,0,0,1,NA,3,4,0,"Y","Y",121
"DOLPHD-7969","F",13,"Overseas","SinglePass",10,11,1,1,1,1,0,1,0,0,1,NA,3,4,0,"N","N",146
"DOLPHD-797","M",14,"Overseas","MultiPass",22,8,1,0,0,1,0,0,0,0,3,NA,2,1,1,"N","N",130
"DOLPHD-7970","F",19,"Overseas","MultiPass",10,11,1,0,0,2,1,0,0,0,1,NA,3,3,0,"N","Y",121
"DOLPHD-7975","F",16,"Local","SinglePass",10,11,0,0,1,2,0,1,0,0,1,NA,4,4,0,"N","N",96
"DOLPHD-7976","F",17,"Overseas","SinglePass",10,11,0,0,0,1,0,0,0,0,1,NA,4,4,0,"N","N",21
"DOLPHD-7977","F",13,"Overseas","MultiPass",10,11,1,0,0,1,0,1,0,0,1,NA,3,4,0,"N","N",121
"DOLPHD-7978","F",16,"Overseas","MultiPass",10,11,0,0,0,2,0,1,0,0,1,NA,2,4,0,"N","N",121
"DOLPHD-7979","F",16,"Overseas","SinglePass",10,11,1,1,0,1,0,0,0,0,1,NA,3,3,0,"N","N",96
"DOLPHD-798","F",11,"Overseas","MultiPass",10,10,1,0,0,0,1,1,0,0,3,NA,2,1,1,"N","N",120
"DOLPHD-7980","F",17,"Local","SinglePass",10,11,1,0,1,1,1,0,1,0,1,NA,2,4,0,"N","N",121
"DOLPHD-7981","F",13,"Local","MultiPass",10,11,0,0,0,2,0,1,1,0,1,NA,2,3,0,"N","Y",121
"DOLPHD-7983","F",13,"Local","SinglePass",10,11,0,0,0,1,0,0,1,0,1,NA,3,4,0,"N","N",46
"DOLPHD-7986","F",18,"Overseas","SinglePass",10,11,1,0,1,2,1,0,1,0,1,NA,2,4,0,"Y","Y",121
"DOLPHD-799","M",11,"Overseas","MultiPass",10,8,1,0,0,1,1,0,0,0,2,NA,4,2,1,"N","N",118
"DOLPHD-7990","F",17,"Local","SinglePass",10,11,1,1,0,2,0,1,0,0,1,NA,3,3,0,"N","N",96
"DOLPHD-7991","F",16,"Local","MultiPass",10,11,1,0,1,2,0,1,1,0,1,NA,4,4,0,"N","N",121
"DOLPHD-7997","F",14,"Overseas","SinglePass",10,11,0,0,0,2,0,1,0,0,1,NA,3,3,0,"N","N",46
"DOLPHD-7999","F",17,"Local","MultiPass",10,11,1,0,1,1,1,1,0,0,1,NA,3,4,0,"N","N",121
"DOLPHD-800","M",13,"Overseas","MultiPass",24,10,1,0,0,0,1,0,0,0,2,NA,3,1,1,"N","N",134
"DOLPHD-8003","F",19,"Overseas","SinglePass",10,11,1,0,0,1,0,0,1,0,1,NA,2,3,0,"Y","Y",96
"DOLPHD-8005","F",18,"Overseas","MultiPass",10,11,0,0,1,1,0,0,0,0,1,NA,4,4,0,"Y","Y",121
"DOLPHD-8006","F",17,"Overseas","MultiPass",10,11,1,1,1,2,0,1,0,0,1,NA,3,4,0,"N","N",121
"DOLPHD-8007","F",19,"Local","SinglePass",10,11,1,1,0,2,0,0,1,0,1,NA,2,4,0,"Y","N",121
"DOLPHD-8009","F",15,"Local","MultiPass",10,11,0,0,0,2,0,1,0,0,1,NA,4,4,0,"N","N",121
"DOLPHD-801","M",12,"Overseas","MultiPass",27,9,1,0,0,1,0,1,0,0,3,NA,4,2,1,"Y","Y",136
"DOLPHD-8010","F",18,"Local","SinglePass",10,11,0,0,0,1,0,1,1,0,1,NA,4,4,0,"N","N",71
"DOLPHD-8013","F",14,"Overseas","MultiPass",10,11,1,0,0,2,0,1,0,0,1,NA,3,4,0,"N","N",121
"DOLPHD-8014","F",14,"Overseas","SinglePass",10,11,0,0,0,1,0,1,1,0,1,NA,3,4,0,"N","N",71
"DOLPHD-8015","F",19,"Overseas","SinglePass",10,11,1,1,0,2,1,1,1,0,1,NA,2,4,0,"N","N",171
"DOLPHD-802","F",6,"Overseas","MultiPass",10,12,1,0,1,1,0,1,1,0,2,NA,2,1,1,"N","N",122
"DOLPHD-8020","F",14,"Local","MultiPass",10,11,0,0,0,1,0,0,0,0,1,NA,3,4,0,"N","N",121
"DOLPHD-8022","F",18,"Overseas","SinglePass",10,11,0,0,1,2,0,1,0,0,1,NA,4,4,0,"N","Y",96
"DOLPHD-8023","F",18,"Overseas","MultiPass",10,11,0,1,1,1,0,0,0,0,1,NA,2,4,0,"N","N",121
"DOLPHD-8024","F",14,"Overseas","SinglePass",10,11,1,1,1,2,1,0,0,0,1,NA,3,4,0,"N","N",121
"DOLPHD-8026","F",13,"Local","MultiPass",10,11,1,0,1,2,1,0,0,0,1,NA,3,3,0,"N","Y",121
"DOLPHD-8028","F",18,"Local","SinglePass",10,11,1,0,0,1,0,0,1,0,1,NA,3,4,0,"N","N",71
"DOLPHD-8029","F",15,"Local","SinglePass",10,11,0,0,0,2,0,1,0,0,1,NA,2,3,0,"N","N",71
"DOLPHD-803","F",6,"Local","MultiPass",10,6,1,0,1,1,0,1,1,0,2,NA,2,1,1,"N","N",116
"DOLPHD-8030","F",17,"Overseas","MultiPass",10,11,0,0,0,1,1,0,0,0,1,NA,2,4,0,"N","Y",121
"DOLPHD-8031","F",16,"Overseas","SinglePass",10,11,0,1,0,2,0,0,0,0,1,NA,4,3,0,"N","N",71
"DOLPHD-8035","F",16,"Local","SinglePass",10,11,0,0,0,1,0,1,0,0,1,NA,3,4,0,"N","N",71
"DOLPHD-8038","F",13,"Local","SinglePass",10,11,1,0,0,1,1,1,0,0,1,NA,4,3,0,"N","N",121
"DOLPHD-8039","F",15,"Overseas","SinglePass",10,11,0,0,0,2,0,1,0,0,1,NA,3,3,0,"N","Y",46
"DOLPHD-804","F",13,"Local","MultiPass",29,10,1,0,0,0,0,0,0,0,3,NA,4,2,1,"N","N",139
"DOLPHD-8040","F",14,"Overseas","MultiPass",10,11,0,0,1,2,1,1,0,0,1,NA,2,3,0,"Y","Y",121
"DOLPHD-8042","F",15,"Overseas","SinglePass",10,11,1,0,0,2,0,1,0,0,1,NA,3,4,0,"N","N",96
"DOLPHD-8043","F",19,"Local","SinglePass",10,11,1,0,0,2,0,0,0,0,1,NA,3,4,0,"Y","Y",46
"DOLPHD-8044","F",19,"Local","MultiPass",10,11,0,0,0,1,0,1,1,0,1,NA,3,4,0,"N","N",121
"DOLPHD-8046","F",16,"Local","SinglePass",10,11,1,0,0,1,1,1,1,0,1,NA,2,3,0,"N","Y",146
"DOLPHD-805","F",14,"Overseas","MultiPass",23,7,1,0,0,0,0,1,0,0,3,NA,2,1,1,"Y","Y",130
"DOLPHD-8050","F",19,"Overseas","SinglePass",10,11,0,0,0,2,1,1,0,0,1,NA,2,4,0,"N","N",71
"DOLPHD-8051","F",19,"Overseas","MultiPass",10,11,1,1,1,1,0,0,0,0,1,NA,4,4,0,"N","N",121
"DOLPHD-8053","F",16,"Local","SinglePass",10,11,0,1,1,1,1,1,1,0,1,NA,4,3,0,"N","N",146
"DOLPHD-8054","F",17,"Local","MultiPass",10,11,1,0,1,2,1,0,1,0,1,NA,4,4,0,"N","Y",121
"DOLPHD-8055","F",14,"Local","MultiPass",10,11,1,1,0,1,0,0,0,0,1,NA,4,4,0,"N","N",121
"DOLPHD-8056","F",17,"Local","SinglePass",10,11,1,0,0,1,0,1,0,0,1,NA,2,3,0,"N","N",71
"DOLPHD-8057","F",17,"Overseas","SinglePass",10,11,0,0,1,2,1,0,1,0,1,NA,2,3,0,"N","N",96
"DOLPHD-806","F",10,"Local","MultiPass",10,15,1,0,0,0,0,0,0,0,2,NA,4,2,1,"N","Y",125
"DOLPHD-8064","F",16,"Local","SinglePass",10,11,1,0,0,2,1,1,1,0,1,NA,2,4,0,"N","N",121
"DOLPHD-8066","F",17,"Overseas","SinglePass",10,11,1,0,1,2,0,1,1,0,1,NA,3,4,0,"Y","Y",146
"DOLPHD-8069","F",13,"Overseas","MultiPass",10,11,1,0,1,2,0,0,1,0,1,NA,2,3,0,"Y","Y",121
"DOLPHD-807","F",8,"Local","MultiPass",10,9,1,0,1,1,0,1,1,0,2,NA,3,1,1,"N","N",119
"DOLPHD-8071","F",13,"Local","SinglePass",10,11,1,0,0,1,0,0,1,0,1,NA,3,4,0,"N","N",71
"DOLPHD-8072","F",18,"Local","MultiPass",10,11,0,0,1,2,0,1,1,0,1,NA,4,4,0,"N","N",121
"DOLPHD-8073","F",16,"Local","SinglePass",10,11,0,0,0,1,1,0,0,0,1,NA,4,3,0,"N","N",71
"DOLPHD-8074","F",15,"Local","SinglePass",10,11,1,0,1,1,1,1,1,0,1,NA,2,3,0,"N","N",171
"DOLPHD-8075","F",13,"Overseas","MultiPass",10,11,1,0,0,2,0,1,0,0,1,NA,3,4,0,"N","N",121
"DOLPHD-808","F",7,"Overseas","SinglePass",10,13,1,0,1,1,0,1,1,0,3,NA,4,2,1,"N","N",148
"DOLPHD-8083","F",18,"Local","MultiPass",10,11,1,0,0,2,1,0,0,0,1,NA,2,3,0,"N","N",121
"DOLPHD-809","F",8,"Local","MultiPass",10,7,1,0,1,1,0,1,1,0,3,NA,4,2,1,"N","N",117
"DOLPHD-8090","F",18,"Local","MultiPass",10,11,1,0,0,1,0,0,0,0,1,NA,4,4,0,"N","N",121
"DOLPHD-8093","F",16,"Overseas","MultiPass",10,11,0,1,0,1,0,1,0,0,1,NA,2,3,0,"N","N",121
"DOLPHD-8094","F",13,"Overseas","SinglePass",10,11,1,1,0,1,0,1,0,0,1,NA,2,3,0,"N","N",96
"DOLPHD-8096","F",16,"Overseas","MultiPass",10,11,1,0,1,2,0,1,0,0,1,NA,3,4,0,"Y","Y",121
"DOLPHD-8097","F",17,"Local","MultiPass",10,11,1,0,0,2,0,0,0,0,1,NA,3,4,0,"N","N",121
"DOLPHD-8098","F",16,"Local","SinglePass",10,11,1,0,1,1,0,1,0,0,1,NA,4,4,0,"N","N",96
"DOLPHD-810","F",13,"Local","SinglePass",30,10,1,0,0,1,1,0,0,0,3,NA,3,1,1,"N","N",115
"DOLPHD-8100","F",17,"Local","MultiPass",10,11,1,0,0,2,0,0,0,0,1,NA,4,3,0,"Y","Y",121
"DOLPHD-8101","F",13,"Local","SinglePass",10,11,0,0,1,2,0,1,0,0,1,NA,4,3,0,"N","N",71
"DOLPHD-8103","F",16,"Overseas","MultiPass",10,11,1,0,0,2,0,1,0,0,1,NA,2,4,0,"N","N",121
"DOLPHD-8104","F",15,"Overseas","MultiPass",10,11,1,0,1,2,0,0,0,0,1,NA,3,3,0,"N","Y",121
"DOLPHD-8106","F",13,"Local","SinglePass",10,11,0,0,0,2,0,0,0,0,1,NA,3,4,0,"N","N",46
"DOLPHD-811","F",7,"Overseas","MultiPass",10,7,1,0,1,0,1,0,1,0,2,NA,4,1,1,"N","N",117
"DOLPHD-8115","F",19,"Local","SinglePass",10,11,1,0,0,2,0,1,0,0,1,NA,4,4,0,"N","Y",96
"DOLPHD-8116","F",19,"Local","SinglePass",10,11,0,1,1,1,1,1,1,0,1,NA,3,4,0,"Y","Y",146
"DOLPHD-8119","F",16,"Local","SinglePass",10,11,0,0,0,2,0,1,0,0,1,NA,3,4,0,"N","N",71
"DOLPHD-812","M",12,"Local","SinglePass",15,11,1,0,0,1,0,0,0,0,2,NA,4,2,1,"N","Y",76
"DOLPHD-8123","F",13,"Overseas","SinglePass",10,11,1,1,1,1,0,1,0,0,1,NA,2,4,0,"N","N",121
"DOLPHD-8124","F",16,"Local","MultiPass",10,11,0,1,1,1,0,1,1,0,1,NA,2,4,0,"N","N",121
"DOLPHD-8125","F",15,"Local","MultiPass",10,11,0,0,0,1,0,1,1,0,1,NA,3,4,0,"Y","Y",121
"DOLPHD-8128","F",19,"Local","MultiPass",10,11,0,0,0,1,1,1,1,0,1,NA,2,4,0,"N","N",121
"DOLPHD-813","M",9,"Local","MultiPass",10,5,1,0,1,1,0,0,1,0,2,NA,3,2,1,"N","N",115
"DOLPHD-8131","F",17,"Overseas","MultiPass",10,11,1,1,1,1,0,0,0,0,1,NA,4,4,0,"Y","Y",121
"DOLPHD-8136","F",15,"Local","SinglePass",10,11,0,0,0,1,0,1,0,0,1,NA,3,4,0,"Y","Y",71
"DOLPHD-8138","F",18,"Overseas","MultiPass",10,11,1,1,0,2,1,1,1,0,1,NA,2,4,0,"N","N",121
"DOLPHD-8139","F",13,"Overseas","MultiPass",10,11,1,0,0,1,0,1,0,0,1,NA,3,3,0,"N","N",121
"DOLPHD-814","F",10,"Overseas","SinglePass",10,11,1,0,0,1,0,0,0,0,3,NA,2,1,1,"N","N",71
"DOLPHD-8142","F",16,"Local","MultiPass",10,11,1,0,1,2,1,0,1,0,1,NA,2,3,0,"N","N",121
"DOLPHD-8145","F",19,"Local","MultiPass",10,11,0,0,0,1,1,0,1,0,1,NA,2,3,0,"N","N",121
"DOLPHD-8146","F",15,"Local","MultiPass",10,11,0,0,1,2,0,1,0,0,1,NA,3,4,0,"N","N",121
"DOLPHD-8147","F",19,"Overseas","SinglePass",10,11,1,0,0,1,0,1,0,0,1,NA,4,3,0,"N","N",71
"DOLPHD-8148","F",18,"Overseas","SinglePass",10,11,0,0,0,1,0,1,0,0,1,NA,3,4,0,"Y","Y",71
"DOLPHD-815","M",13,"Local","MultiPass",21,5,1,0,0,0,1,1,0,0,3,NA,2,1,1,"N","N",126
"DOLPHD-8151","F",18,"Local","SinglePass",10,11,0,0,1,1,1,1,1,0,1,NA,2,4,0,"N","N",146
"DOLPHD-8152","F",15,"Local","MultiPass",10,11,1,1,0,2,0,0,0,0,1,NA,3,4,0,"N","N",121
"DOLPHD-8154","F",13,"Local","SinglePass",10,11,1,0,1,1,0,1,0,0,1,NA,4,4,0,"N","N",121
"DOLPHD-8157","F",13,"Overseas","SinglePass",10,11,1,1,0,2,0,1,0,0,1,NA,4,4,0,"N","N",121
"DOLPHD-8158","F",13,"Overseas","SinglePass",10,11,0,0,0,1,1,1,0,0,1,NA,4,3,0,"N","Y",71
"DOLPHD-816","M",11,"Local","SinglePass",10,5,1,0,0,0,1,0,0,0,2,NA,4,2,1,"N","Y",65
"DOLPHD-8161","F",14,"Local","SinglePass",10,11,1,0,0,2,0,0,0,0,1,NA,4,4,0,"Y","Y",46
"DOLPHD-8166","F",17,"Overseas","MultiPass",10,11,0,0,0,2,0,0,0,0,1,NA,2,3,0,"N","Y",121
"DOLPHD-8167","F",19,"Overseas","MultiPass",10,11,0,0,0,2,0,1,0,0,1,NA,2,3,0,"N","N",121
"DOLPHD-8169","F",16,"Local","SinglePass",10,11,1,0,1,1,0,1,1,0,1,NA,2,3,0,"N","N",121
"DOLPHD-817","F",7,"Overseas","MultiPass",10,7,1,0,1,1,0,1,1,0,2,NA,2,1,1,"N","N",117
"DOLPHD-8171","F",16,"Local","SinglePass",10,11,1,0,0,1,0,0,0,0,1,NA,4,3,0,"N","N",71
"DOLPHD-8172","F",19,"Local","SinglePass",10,11,1,1,0,2,1,0,0,0,1,NA,2,3,0,"N","N",121
"DOLPHD-8173","F",16,"Local","MultiPass",10,11,0,0,1,1,0,1,0,0,1,NA,2,4,0,"N","N",121
"DOLPHD-8174","F",13,"Overseas","MultiPass",10,11,0,0,1,1,0,0,0,0,1,NA,3,4,0,"N","N",121
"DOLPHD-8176","F",18,"Overseas","SinglePass",10,11,1,0,0,1,0,1,0,0,1,NA,3,3,0,"N","N",96
"DOLPHD-8177","F",19,"Overseas","MultiPass",10,11,1,0,0,2,0,0,0,0,1,NA,4,3,0,"Y","Y",121
"DOLPHD-8178","F",15,"Local","SinglePass",10,11,0,0,0,1,1,0,0,0,1,NA,2,4,0,"N","N",71
"DOLPHD-8179","F",19,"Local","SinglePass",10,11,0,0,1,2,0,0,0,0,1,NA,3,4,0,"N","N",46
"DOLPHD-818","M",13,"Local","SinglePass",28,6,1,0,0,1,1,0,0,0,2,NA,4,2,1,"N","N",109
"DOLPHD-8181","F",14,"Local","MultiPass",10,11,0,0,0,1,0,1,1,0,1,NA,2,4,0,"N","N",121
"DOLPHD-8184","F",14,"Overseas","MultiPass",10,11,0,0,0,2,0,0,1,0,1,NA,3,4,0,"Y","Y",121
"DOLPHD-8185","F",18,"Overseas","SinglePass",10,11,0,1,0,2,0,0,0,0,1,NA,2,3,0,"N","N",71
"DOLPHD-8188","F",19,"Local","MultiPass",10,11,0,1,0,1,0,0,0,0,1,NA,4,4,0,"N","N",121
"DOLPHD-8189","F",15,"Local","SinglePass",10,11,1,0,1,1,1,1,0,0,1,NA,3,4,0,"N","N",146
"DOLPHD-819","M",6,"Local","MultiPass",10,10,1,0,1,0,0,0,1,0,3,NA,3,1,1,"Y","Y",120
"DOLPHD-8193","F",19,"Overseas","SinglePass",10,11,1,0,0,2,0,0,1,0,1,NA,2,4,0,"N","Y",71
"DOLPHD-8195","F",18,"Overseas","MultiPass",10,11,1,0,0,1,0,0,1,0,1,NA,4,4,0,"N","Y",121
"DOLPHD-8196","F",16,"Local","SinglePass",10,11,1,0,0,1,0,1,0,0,1,NA,4,4,0,"N","N",71
"DOLPHD-8198","F",17,"Local","MultiPass",10,11,1,0,1,1,0,0,0,0,1,NA,3,3,0,"N","N",121
"DOLPHD-8199","F",13,"Local","SinglePass",10,11,0,0,1,2,1,1,1,0,1,NA,2,4,0,"N","Y",121
"DOLPHD-820","F",8,"Overseas","SinglePass",10,9,1,0,1,0,0,1,1,0,3,NA,2,2,1,"N","N",119
"DOLPHD-8202","F",15,"Overseas","MultiPass",10,11,0,0,1,2,0,1,0,0,1,NA,3,3,0,"N","Y",121
"DOLPHD-8203","F",19,"Overseas","SinglePass",10,11,0,0,1,2,1,0,0,0,1,NA,4,3,0,"N","N",71
"DOLPHD-8205","F",13,"Local","MultiPass",10,11,1,0,0,2,1,1,0,0,1,NA,4,4,0,"N","Y",121
"DOLPHD-8209","F",19,"Local","MultiPass",10,11,1,1,1,2,0,1,0,0,1,NA,3,3,0,"N","N",121
"DOLPHD-821","M",8,"Local","MultiPass",10,8,1,0,1,1,0,1,1,0,2,NA,2,2,1,"N","N",118
"DOLPHD-8212","F",14,"Overseas","MultiPass",10,11,0,0,0,2,0,0,0,0,1,NA,2,3,0,"N","N",121
"DOLPHD-8215","F",13,"Local","MultiPass",10,11,1,1,0,1,1,1,0,0,1,NA,3,3,0,"Y","Y",121
"DOLPHD-8216","F",16,"Local","MultiPass",10,11,1,0,0,1,0,1,0,0,1,NA,2,4,0,"N","N",121
"DOLPHD-822","M",8,"Local","SinglePass",10,12,1,0,1,1,0,1,1,0,2,NA,3,2,1,"N","N",147
"DOLPHD-8222","F",13,"Overseas","MultiPass",10,11,1,1,0,1,1,1,0,0,1,NA,4,3,0,"N","N",121
"DOLPHD-8226","F",13,"Local","MultiPass",10,11,1,0,1,1,0,1,0,0,1,NA,3,3,0,"Y","Y",121
"DOLPHD-8227","F",15,"Local","SinglePass",10,11,1,1,0,2,0,1,1,0,1,NA,4,4,0,"N","N",146
"DOLPHD-8229","F",17,"Overseas","MultiPass",10,11,1,1,1,2,0,1,1,0,1,NA,2,3,0,"N","N",121
"DOLPHD-823","F",6,"Overseas","MultiPass",10,10,1,0,1,0,1,0,1,0,2,NA,4,1,1,"N","Y",120
"DOLPHD-8233","F",15,"Local","MultiPass",10,11,0,0,0,1,0,1,0,0,1,NA,2,4,0,"N","N",121
"DOLPHD-8236","F",19,"Local","MultiPass",10,11,1,0,0,2,1,0,0,0,1,NA,2,3,0,"N","N",121
"DOLPHD-8237","F",14,"Overseas","MultiPass",10,11,1,0,0,1,0,1,1,0,1,NA,2,3,0,"N","N",121
"DOLPHD-824","M",13,"Local","SinglePass",34,11,1,0,0,1,0,0,0,0,3,NA,3,2,1,"N","N",95
"DOLPHD-8242","F",16,"Local","SinglePass",10,11,1,0,0,2,0,1,0,0,1,NA,3,4,0,"N","N",96
"DOLPHD-8244","F",18,"Local","MultiPass",10,11,0,0,1,2,0,0,0,0,1,NA,4,4,0,"N","N",121
"DOLPHD-8246","F",15,"Overseas","SinglePass",10,11,1,0,0,2,0,0,0,0,1,NA,3,4,0,"N","Y",46
"DOLPHD-8248","F",18,"Overseas","SinglePass",10,11,1,0,1,2,0,1,1,0,1,NA,4,3,0,"N","Y",121
"DOLPHD-8249","F",16,"Local","SinglePass",10,11,0,1,0,1,0,0,0,0,1,NA,2,4,0,"N","N",46
"DOLPHD-825","M",13,"Local","MultiPass",23,6,1,0,0,1,1,0,0,0,2,NA,3,1,1,"N","N",129
"DOLPHD-8253","F",15,"Local","SinglePass",10,11,1,0,1,1,0,0,0,0,1,NA,4,4,0,"N","Y",96
"DOLPHD-8254","F",19,"Overseas","MultiPass",10,11,1,0,1,2,0,1,0,0,1,NA,3,4,0,"N","N",121
"DOLPHD-8258","F",14,"Local","MultiPass",10,11,0,1,0,2,0,0,0,0,1,NA,4,3,0,"Y","Y",121
"DOLPHD-826","F",14,"Overseas","SinglePass",25,6,1,0,0,1,1,0,0,0,3,NA,4,2,1,"N","N",106
"DOLPHD-8265","F",13,"Overseas","MultiPass",10,11,1,0,0,2,0,1,0,0,1,NA,3,4,0,"N","N",121
"DOLPHD-8266","F",18,"Overseas","SinglePass",10,11,0,1,1,2,0,0,0,0,1,NA,3,3,0,"Y","Y",96
"DOLPHD-8269","F",18,"Local","SinglePass",10,11,0,0,0,1,0,0,0,0,1,NA,4,4,0,"N","Y",46
"DOLPHD-827","M",6,"Local","MultiPass",10,15,1,0,1,0,0,0,1,0,2,NA,4,1,1,"N","N",125
"DOLPHD-8270","F",16,"Local","SinglePass",10,11,0,1,0,1,1,0,1,0,1,NA,2,3,0,"Y","Y",121
"DOLPHD-8272","F",16,"Overseas","MultiPass",10,11,0,0,0,1,1,1,0,0,1,NA,4,3,0,"N","N",121
"DOLPHD-8273","F",17,"Overseas","SinglePass",10,11,1,0,0,2,1,1,0,0,1,NA,3,3,0,"N","N",96
"DOLPHD-8279","F",18,"Overseas","MultiPass",10,11,0,0,0,2,0,1,0,0,1,NA,4,3,0,"N","N",121
"DOLPHD-828","M",12,"Local","SinglePass",21,5,1,0,0,0,0,0,0,0,3,NA,4,2,1,"N","N",51
"DOLPHD-8280","F",15,"Overseas","SinglePass",10,11,1,1,1,2,0,0,0,0,1,NA,3,3,0,"Y","Y",96
"DOLPHD-8281","F",18,"Overseas","SinglePass",10,11,0,0,0,2,1,1,0,0,1,NA,2,4,0,"N","Y",71
"DOLPHD-8284","F",16,"Local","SinglePass",10,11,1,0,0,1,0,1,1,0,1,NA,3,4,0,"Y","Y",96
"DOLPHD-8285","F",15,"Local","MultiPass",10,11,0,0,0,1,0,1,0,0,1,NA,2,3,0,"N","N",121
"DOLPHD-8286","F",17,"Overseas","MultiPass",10,11,0,0,0,2,1,0,0,0,1,NA,2,3,0,"Y","Y",121
"DOLPHD-8288","F",16,"Overseas","SinglePass",10,11,1,0,1,2,1,1,0,0,1,NA,2,3,0,"Y","Y",146
"DOLPHD-8289","F",14,"Local","MultiPass",10,11,1,0,0,1,0,1,0,0,1,NA,4,4,0,"N","Y",121
"DOLPHD-829","F",8,"Overseas","MultiPass",10,8,1,0,1,1,1,0,1,0,3,NA,3,2,1,"N","Y",118
"DOLPHD-8291","F",15,"Local","SinglePass",10,11,1,0,1,1,0,0,0,0,1,NA,4,4,0,"Y","Y",71
"DOLPHD-8295","F",15,"Overseas","SinglePass",10,11,0,0,0,1,0,1,0,0,1,NA,2,4,0,"N","Y",46
"DOLPHD-8299","F",14,"Local","MultiPass",10,11,1,0,0,2,0,1,0,0,1,NA,4,3,0,"N","N",121
"DOLPHD-830","M",10,"Local","SinglePass",10,7,1,0,0,1,1,0,0,0,1,NA,3,3,1,"N","N",92
"DOLPHD-8303","F",14,"Local","MultiPass",10,11,0,0,0,2,0,1,1,0,1,NA,3,4,0,"N","N",121
"DOLPHD-8304","F",15,"Local","SinglePass",10,11,1,1,0,1,1,1,1,0,1,NA,2,4,0,"N","N",171
"DOLPHD-8305","F",18,"Local","SinglePass",10,11,1,1,0,2,0,1,0,0,1,NA,3,4,0,"N","N",121
"DOLPHD-8307","F",13,"Overseas","MultiPass",10,11,1,1,1,1,0,0,1,0,1,NA,4,4,0,"N","Y",121
"DOLPHD-831","M",13,"Local","MultiPass",22,12,0,0,0,1,1,0,0,0,1,NA,2,4,1,"N","N",134
"DOLPHD-8312","F",14,"Local","SinglePass",10,11,0,1,0,1,1,0,1,0,1,NA,4,3,0,"N","N",96
"DOLPHD-8314","F",15,"Overseas","MultiPass",10,11,0,0,0,2,0,1,0,0,1,NA,4,3,0,"N","N",121
"DOLPHD-8315","F",14,"Overseas","SinglePass",10,11,0,1,0,2,1,0,0,0,1,NA,4,4,0,"Y","Y",96
"DOLPHD-8317","F",13,"Local","MultiPass",10,11,1,0,0,2,0,0,1,0,1,NA,4,4,0,"N","N",121
"DOLPHD-8318","F",13,"Local","SinglePass",10,11,0,0,0,1,0,1,0,0,1,NA,4,4,0,"N","N",71
"DOLPHD-8319","F",19,"Local","SinglePass",10,11,1,0,1,2,1,1,1,0,1,NA,2,3,0,"N","N",171
"DOLPHD-832","F",12,"Overseas","SinglePass",28,12,0,0,0,1,0,0,0,0,1,NA,4,3,1,"N","N",65
"DOLPHD-8323","F",13,"Overseas","SinglePass",10,11,1,0,0,2,1,1,0,0,1,NA,4,4,0,"Y","Y",96
"DOLPHD-8325","F",18,"Local","SinglePass",10,11,1,0,0,2,1,1,1,0,1,NA,3,3,0,"N","N",121
"DOLPHD-8326","F",16,"Local","SinglePass",10,11,1,0,1,2,0,1,0,0,1,NA,4,3,0,"N","N",121
"DOLPHD-8327","F",13,"Local","MultiPass",10,11,1,0,1,2,0,1,0,0,1,NA,2,4,0,"N","Y",121
"DOLPHD-833","M",14,"Local","MultiPass",28,7,0,0,0,1,0,1,0,0,1,NA,4,4,1,"N","N",135
"DOLPHD-8330","F",16,"Overseas","SinglePass",10,11,1,0,0,1,0,0,0,0,1,NA,4,4,0,"N","N",71
"DOLPHD-8334","F",13,"Local","MultiPass",10,11,1,0,1,2,1,0,1,0,1,NA,3,3,0,"N","Y",121
"DOLPHD-8335","F",19,"Overseas","MultiPass",10,11,0,0,0,1,0,1,1,0,1,NA,4,3,0,"N","N",121
"DOLPHD-8336","F",17,"Overseas","SinglePass",10,11,0,0,0,1,0,1,0,0,1,NA,2,3,0,"Y","Y",71
"DOLPHD-8337","F",13,"Overseas","SinglePass",10,11,0,0,0,2,0,0,0,0,1,NA,4,4,0,"N","Y",46
"DOLPHD-8339","F",16,"Local","SinglePass",10,11,0,1,0,2,0,0,0,0,1,NA,2,3,0,"N","N",71
"DOLPHD-834","M",9,"Local","SinglePass",10,7,0,0,1,0,1,0,1,0,1,NA,3,4,1,"N","N",92
"DOLPHD-8340","F",13,"Local","SinglePass",10,11,0,0,0,2,1,0,1,0,1,NA,2,4,0,"N","N",96
"DOLPHD-8341","F",14,"Local","MultiPass",10,11,1,0,0,2,0,1,0,0,1,NA,4,4,0,"N","N",121
"DOLPHD-8342","F",13,"Overseas","MultiPass",10,11,1,1,0,1,1,0,0,0,1,NA,3,4,0,"N","N",121
"DOLPHD-8343","F",16,"Overseas","SinglePass",10,11,1,0,0,2,0,0,0,0,1,NA,4,3,0,"N","N",71
"DOLPHD-8347","F",19,"Local","SinglePass",10,11,0,0,0,1,1,1,0,0,1,NA,3,3,0,"N","N",71
"DOLPHD-8349","F",17,"Overseas","MultiPass",10,11,1,0,0,1,0,1,0,0,1,NA,3,3,0,"N","N",121
"DOLPHD-835","F",11,"Overseas","MultiPass",10,6,0,0,0,0,1,1,0,0,1,NA,4,3,1,"N","N",116
"DOLPHD-8351","F",14,"Overseas","SinglePass",10,11,0,0,1,2,0,0,1,0,1,NA,4,4,0,"N","N",96
"DOLPHD-8352","F",15,"Local","MultiPass",10,11,0,0,0,1,1,1,0,0,1,NA,2,3,0,"N","N",121
"DOLPHD-8353","F",18,"Local","SinglePass",10,11,1,0,1,2,0,1,0,0,1,NA,2,3,0,"N","N",96
"DOLPHD-8356","F",13,"Overseas","MultiPass",10,11,0,1,0,2,0,0,0,0,1,NA,3,4,0,"N","N",121
"DOLPHD-8357","F",18,"Overseas","SinglePass",10,11,1,0,1,2,0,1,1,0,1,NA,4,3,0,"N","Y",121
"DOLPHD-8359","F",17,"Local","MultiPass",10,11,1,0,0,1,1,0,0,0,1,NA,3,3,0,"N","N",121
"DOLPHD-836","M",9,"Local","SinglePass",10,5,0,0,1,1,1,0,1,0,1,NA,2,3,1,"Y","Y",115
"DOLPHD-8361","F",18,"Local","SinglePass",10,11,1,1,0,2,1,0,0,0,1,NA,4,4,0,"N","N",96
"DOLPHD-8362","F",17,"Local","MultiPass",10,11,1,0,0,1,0,0,1,0,1,NA,2,3,0,"N","N",121
"DOLPHD-8364","F",13,"Overseas","SinglePass",10,11,0,0,0,2,0,1,1,0,1,NA,2,4,0,"N","N",71
"DOLPHD-8365","F",15,"Overseas","SinglePass",10,11,0,0,0,2,0,0,0,0,1,NA,2,4,0,"N","N",46
"DOLPHD-8366","F",17,"Local","MultiPass",10,11,0,1,0,2,0,0,1,0,1,NA,2,4,0,"N","N",121
"DOLPHD-8367","F",19,"Local","SinglePass",10,11,1,0,0,1,0,0,0,0,1,NA,2,4,0,"N","Y",46
"DOLPHD-8368","F",17,"Local","SinglePass",10,11,0,0,0,1,1,1,0,0,1,NA,4,4,0,"N","N",71
"DOLPHD-837","M",14,"Local","MultiPass",21,5,0,0,0,1,1,0,0,0,1,NA,4,4,1,"Y","N",126
"DOLPHD-8370","F",14,"Overseas","MultiPass",10,11,1,0,1,2,0,1,1,0,1,NA,2,4,0,"N","N",121
"DOLPHD-8371","F",16,"Overseas","SinglePass",10,11,1,0,0,1,1,1,1,0,1,NA,4,4,0,"N","Y",146
"DOLPHD-8375","F",13,"Local","SinglePass",10,11,1,0,0,1,1,1,0,0,1,NA,2,3,0,"N","N",96
"DOLPHD-838","F",6,"Overseas","SinglePass",10,8,0,0,1,1,0,0,1,0,2,NA,3,2,1,"N","N",93
"DOLPHD-8380","F",18,"Local","MultiPass",10,11,0,0,0,1,0,1,0,0,1,NA,4,3,0,"Y","Y",121
"DOLPHD-8381","F",17,"Local","SinglePass",10,11,1,1,0,1,0,1,1,0,1,NA,2,4,0,"N","Y",146
"DOLPHD-8383","F",15,"Local","MultiPass",10,11,1,0,0,2,0,1,1,0,1,NA,4,4,0,"N","N",121
"DOLPHD-8384","F",18,"Overseas","MultiPass",10,11,0,0,0,1,0,0,1,0,1,NA,2,4,0,"N","N",121
"DOLPHD-8387","F",13,"Local","MultiPass",10,11,0,0,1,2,0,1,0,0,1,NA,4,3,0,"N","N",121
"DOLPHD-839","M",13,"Local","MultiPass",27,8,1,0,0,1,0,1,0,0,3,NA,2,2,1,"N","N",135
"DOLPHD-8390","F",13,"Local","MultiPass",10,11,0,1,1,2,1,0,0,0,1,NA,4,4,0,"N","Y",121
"DOLPHD-8392","F",14,"Overseas","SinglePass",10,11,1,0,0,2,0,1,0,0,1,NA,4,3,0,"N","N",71
"DOLPHD-8393","F",17,"Overseas","SinglePass",10,11,1,0,0,1,1,0,0,0,1,NA,2,4,0,"N","N",71
"DOLPHD-8395","F",13,"Local","SinglePass",10,11,1,0,1,2,0,1,1,0,1,NA,3,4,0,"N","N",121
"DOLPHD-8398","F",13,"Overseas","MultiPass",10,11,1,0,1,2,0,0,0,0,1,NA,4,4,0,"N","N",121
"DOLPHD-840","M",7,"Local","SinglePass",10,10,1,0,1,0,1,0,1,0,2,NA,4,2,1,"N","N",120
"DOLPHD-8403","F",15,"Local","SinglePass",10,11,1,0,0,1,1,1,0,0,1,NA,4,3,0,"N","Y",121
"DOLPHD-8404","F",15,"Local","MultiPass",10,11,0,0,0,2,0,1,0,0,1,NA,3,4,0,"Y","Y",121
"DOLPHD-8405","F",13,"Overseas","MultiPass",10,11,1,0,0,2,0,1,1,0,1,NA,3,3,0,"N","Y",121
"DOLPHD-8406","F",17,"Overseas","SinglePass",10,11,1,0,1,1,0,0,0,0,1,NA,4,4,0,"N","Y",96
"DOLPHD-8407","F",13,"Overseas","SinglePass",10,11,1,0,0,2,0,1,0,0,1,NA,4,4,0,"N","N",71
"DOLPHD-8408","F",14,"Local","MultiPass",10,11,1,0,0,1,1,1,0,0,1,NA,4,3,0,"N","N",121
"DOLPHD-8409","F",14,"Local","SinglePass",10,11,0,0,0,1,0,0,0,0,1,NA,4,4,0,"N","Y",46
"DOLPHD-841","F",6,"Overseas","MultiPass",10,14,1,0,1,1,1,0,1,0,2,NA,2,1,1,"N","Y",124
"DOLPHD-8410","F",13,"Local","SinglePass",10,11,1,1,1,2,0,1,0,0,1,NA,4,4,0,"N","N",121
"DOLPHD-8411","F",14,"Local","MultiPass",10,11,0,0,0,2,1,1,0,0,1,NA,2,3,0,"N","N",121
"DOLPHD-8415","F",15,"Local","MultiPass",10,11,0,0,1,1,1,1,0,0,1,NA,3,3,0,"Y","Y",121
"DOLPHD-8419","F",14,"Overseas","MultiPass",10,11,1,0,1,1,1,1,0,0,1,NA,2,4,0,"N","N",121
"DOLPHD-842","M",10,"Local","SinglePass",10,13,1,0,0,0,0,1,0,0,3,NA,4,2,1,"N","N",73
"DOLPHD-8420","F",19,"Overseas","SinglePass",10,11,0,0,0,2,0,0,0,0,1,NA,3,3,0,"N","N",46
"DOLPHD-8422","F",18,"Local","MultiPass",10,11,0,0,0,2,0,0,1,0,1,NA,3,4,0,"N","N",121
"DOLPHD-8426","F",15,"Overseas","MultiPass",10,11,0,0,0,1,0,1,1,0,1,NA,3,3,0,"Y","N",121
"DOLPHD-8429","F",19,"Local","MultiPass",10,11,1,0,0,1,0,1,0,0,1,NA,4,4,0,"N","N",121
"DOLPHD-843","M",14,"Local","MultiPass",34,6,1,0,0,0,0,0,0,0,3,NA,4,2,1,"N","Y",140
"DOLPHD-8434","F",13,"Overseas","SinglePass",10,11,1,0,1,1,0,0,1,0,1,NA,3,4,0,"N","N",121
"DOLPHD-8436","F",18,"Local","MultiPass",10,11,1,0,1,1,1,0,1,0,1,NA,4,3,0,"Y","Y",121
"DOLPHD-8439","F",14,"Local","MultiPass",10,11,1,0,1,1,0,1,0,0,1,NA,2,4,0,"N","Y",121
"DOLPHD-844","F",13,"Overseas","SinglePass",28,15,1,0,0,1,1,1,0,0,3,NA,4,1,1,"N","Y",143
"DOLPHD-8441","F",15,"Overseas","SinglePass",10,11,1,0,1,1,0,1,0,0,1,NA,3,3,0,"N","N",121
"DOLPHD-8445","F",17,"Local","SinglePass",10,11,0,0,0,1,0,0,1,0,1,NA,3,4,0,"N","N",71
"DOLPHD-845","M",14,"Local","MultiPass",15,7,1,0,0,0,0,0,0,0,2,NA,4,2,1,"Y","N",122
"DOLPHD-8455","F",17,"Overseas","SinglePass",10,11,0,0,0,1,1,1,0,0,1,NA,2,4,0,"N","Y",96
"DOLPHD-8456","F",13,"Overseas","SinglePass",10,11,0,1,0,2,0,0,0,0,1,NA,2,4,0,"N","Y",71
"DOLPHD-846","M",12,"Local","SinglePass",16,10,1,0,0,1,0,0,0,0,3,NA,4,1,1,"N","N",76
"DOLPHD-8460","F",17,"Local","MultiPass",10,11,1,0,0,2,0,1,1,0,1,NA,2,3,0,"N","Y",121
"DOLPHD-8461","F",14,"Overseas","MultiPass",10,11,0,0,1,2,0,0,0,0,1,NA,4,3,0,"Y","Y",121
"DOLPHD-8462","F",19,"Overseas","SinglePass",10,11,1,0,0,2,0,1,1,0,1,NA,4,4,0,"N","N",96
"DOLPHD-8463","F",13,"Overseas","SinglePass",10,11,1,0,0,1,1,0,1,0,1,NA,3,4,0,"N","Y",96
"DOLPHD-8464","F",14,"Local","MultiPass",10,11,0,0,0,2,0,0,0,0,1,NA,4,3,0,"Y","Y",121
"DOLPHD-8466","F",13,"Local","SinglePass",10,11,1,0,0,1,0,0,0,0,1,NA,2,4,0,"N","N",71
"DOLPHD-8467","F",19,"Local","MultiPass",10,11,1,1,1,1,0,0,0,0,1,NA,4,4,0,"N","N",121
"DOLPHD-8469","F",16,"Overseas","SinglePass",10,11,1,1,1,2,1,1,1,0,1,NA,2,3,0,"N","N",196
"DOLPHD-847","F",11,"Overseas","MultiPass",10,9,1,0,0,0,1,1,0,0,3,NA,4,1,1,"N","N",119
"DOLPHD-8470","F",14,"Overseas","SinglePass",10,11,1,0,0,1,0,0,0,0,1,NA,4,3,0,"N","N",71
"DOLPHD-8473","F",13,"Local","SinglePass",10,11,1,0,1,1,1,0,0,0,1,NA,3,4,0,"N","N",121
"DOLPHD-8475","F",16,"Overseas","MultiPass",10,11,1,0,0,2,0,0,0,0,1,NA,2,3,0,"N","N",121
"DOLPHD-8476","F",18,"Overseas","SinglePass",10,11,1,0,1,1,0,1,1,0,1,NA,4,4,0,"N","N",121
"DOLPHD-8478","F",18,"Local","MultiPass",10,11,1,1,1,2,0,1,0,0,1,NA,2,4,0,"N","N",121
"DOLPHD-848","M",8,"Local","SinglePass",10,10,1,0,1,1,0,0,1,0,3,NA,4,2,1,"N","N",120
"DOLPHD-8480","F",14,"Local","SinglePass",10,11,1,0,1,2,0,1,0,0,1,NA,3,4,0,"Y","Y",121
"DOLPHD-8481","F",19,"Local","MultiPass",10,11,0,0,0,2,0,0,0,0,1,NA,3,4,0,"Y","Y",121
"DOLPHD-8482","F",16,"Overseas","MultiPass",10,11,0,0,0,2,0,1,1,0,1,NA,2,4,0,"N","N",121
"DOLPHD-8483","F",18,"Overseas","SinglePass",10,11,1,0,0,2,0,1,0,0,1,NA,3,3,0,"N","N",96
"DOLPHD-8485","F",17,"Local","MultiPass",10,11,1,0,1,2,0,0,1,0,1,NA,3,3,0,"N","N",121
"DOLPHD-8489","F",17,"Overseas","MultiPass",10,11,1,1,0,2,1,1,0,0,1,NA,4,3,0,"N","N",121
"DOLPHD-849","M",9,"Local","MultiPass",10,6,1,0,1,0,1,0,1,0,2,NA,2,1,1,"N","N",116
"DOLPHD-8490","F",13,"Overseas","SinglePass",10,11,0,1,0,2,0,1,1,0,1,NA,3,3,0,"N","N",121
"DOLPHD-8491","F",13,"Overseas","SinglePass",10,11,0,0,1,1,0,0,1,0,1,NA,4,3,0,"N","N",96
"DOLPHD-8492","F",13,"Local","MultiPass",10,11,1,0,0,1,0,1,0,0,1,NA,2,3,0,"N","N",121
"DOLPHD-8494","F",13,"Local","SinglePass",10,11,1,0,1,1,0,0,0,0,1,NA,3,4,0,"N","Y",96
"DOLPHD-8499","F",13,"Local","MultiPass",10,11,0,0,1,2,1,1,0,0,1,NA,4,3,0,"N","N",121
"DOLPHD-850","F",10,"Overseas","SinglePass",10,7,1,0,0,1,1,1,0,0,3,NA,2,1,1,"N","N",117
"DOLPHD-8501","F",17,"Local","SinglePass",10,11,1,0,1,1,0,1,0,0,1,NA,2,3,0,"N","N",96
"DOLPHD-8503","F",14,"Overseas","MultiPass",10,11,0,0,0,2,0,1,0,0,1,NA,4,4,0,"N","N",121
"DOLPHD-8504","F",16,"Overseas","SinglePass",10,11,0,0,0,2,0,0,1,0,1,NA,4,4,0,"N","N",46
"DOLPHD-8505","F",18,"Overseas","SinglePass",10,11,1,0,1,2,0,0,0,0,1,NA,3,3,0,"Y","Y",71
"DOLPHD-8506","F",13,"Local","MultiPass",10,11,0,0,1,1,1,1,0,0,1,NA,4,3,0,"N","N",121
"DOLPHD-8507","F",14,"Local","SinglePass",10,11,1,0,0,1,0,1,0,0,1,NA,4,3,0,"N","N",96
"DOLPHD-851","M",6,"Local","MultiPass",10,5,1,0,1,0,1,0,1,0,3,NA,3,1,1,"N","N",115
"DOLPHD-8510","F",15,"Overseas","MultiPass",10,11,0,0,0,2,0,1,1,0,1,NA,4,3,0,"N","N",121
"DOLPHD-8511","F",14,"Overseas","SinglePass",10,11,0,1,0,2,1,1,0,0,1,NA,4,4,0,"N","N",121
"DOLPHD-8515","F",14,"Local","SinglePass",10,11,1,0,0,1,1,1,0,0,1,NA,2,3,0,"N","Y",121
"DOLPHD-8519","F",15,"Overseas","SinglePass",10,11,0,0,0,2,0,1,0,0,1,NA,4,4,0,"N","Y",46
"DOLPHD-852","M",14,"Local","SinglePass",17,9,1,0,0,0,0,0,0,0,2,NA,3,1,1,"N","N",51
"DOLPHD-8523","F",15,"Local","MultiPass",10,11,0,1,0,1,0,0,0,0,1,NA,3,4,0,"N","N",121
"DOLPHD-8524","F",16,"Overseas","MultiPass",10,11,1,0,0,1,1,1,0,0,1,NA,4,3,0,"N","N",121
"DOLPHD-8525","F",18,"Overseas","SinglePass",10,11,1,0,1,1,0,0,1,0,1,NA,3,4,0,"N","N",121
"DOLPHD-8526","F",16,"Overseas","SinglePass",10,11,1,0,0,2,1,1,0,0,1,NA,4,4,0,"N","N",121
"DOLPHD-8528","F",19,"Local","SinglePass",10,11,0,0,0,2,1,1,1,0,1,NA,2,4,0,"N","N",96
"DOLPHD-853","F",12,"Overseas","MultiPass",16,12,1,0,0,0,1,1,0,0,2,NA,2,2,1,"N","N",128
"DOLPHD-8530","F",14,"Local","MultiPass",10,11,1,0,0,1,0,1,0,0,1,NA,2,3,0,"N","N",121
"DOLPHD-8531","F",19,"Overseas","MultiPass",10,11,1,1,1,2,1,1,0,0,1,NA,2,4,0,"N","Y",121
"DOLPHD-8532","F",14,"Overseas","SinglePass",10,11,0,0,1,2,0,0,1,0,1,NA,3,4,0,"N","Y",71
"DOLPHD-8533","F",18,"Overseas","SinglePass",10,11,0,0,1,2,1,1,0,0,1,NA,2,3,0,"Y","Y",121
"DOLPHD-8534","F",18,"Local","MultiPass",10,11,0,1,0,2,0,0,0,0,1,NA,4,3,0,"N","Y",121
"DOLPHD-8535","F",14,"Local","SinglePass",10,11,1,0,1,2,0,0,0,0,1,NA,4,4,0,"N","N",96
"DOLPHD-8538","F",19,"Overseas","MultiPass",10,11,1,0,0,1,0,1,0,0,1,NA,4,4,0,"N","N",121
"DOLPHD-854","M",14,"Local","SinglePass",29,15,1,0,0,0,0,1,0,0,3,NA,4,1,1,"N","N",94
"DOLPHD-8543","F",16,"Local","SinglePass",10,11,0,0,0,2,0,0,0,0,1,NA,3,3,0,"Y","Y",46
"DOLPHD-8546","F",17,"Overseas","SinglePass",10,11,1,0,0,1,1,1,0,0,1,NA,4,4,0,"N","Y",121
"DOLPHD-8548","F",14,"Local","MultiPass",10,11,0,0,1,2,0,1,0,0,1,NA,3,3,0,"N","N",121
"DOLPHD-855","M",12,"Local","MultiPass",28,12,1,0,0,0,1,0,0,0,3,NA,2,1,1,"N","N",140
"DOLPHD-8550","F",19,"Local","SinglePass",10,11,1,0,1,1,0,0,0,0,1,NA,3,4,0,"Y","N",71
"DOLPHD-8551","F",13,"Local","MultiPass",10,11,0,0,0,1,1,0,0,0,1,NA,3,3,0,"N","N",121
"DOLPHD-8552","F",17,"Overseas","MultiPass",10,11,0,0,0,1,0,0,0,0,1,NA,2,4,0,"N","N",121
"DOLPHD-8553","F",14,"Overseas","SinglePass",10,11,0,0,1,2,0,1,0,0,1,NA,4,4,0,"N","N",71
"DOLPHD-8554","F",17,"Overseas","SinglePass",10,11,0,0,0,1,0,0,0,0,1,NA,4,3,0,"N","N",46
"DOLPHD-8559","F",19,"Overseas","MultiPass",10,11,0,0,0,1,1,0,0,0,1,NA,2,4,0,"N","Y",121
"DOLPHD-856","F",7,"Overseas","SinglePass",10,5,1,0,1,0,1,1,1,0,3,NA,2,2,1,"N","N",140
"DOLPHD-8563","F",19,"Local","SinglePass",10,11,1,0,0,1,1,0,0,0,1,NA,3,4,0,"Y","Y",71
"DOLPHD-8566","F",16,"Overseas","MultiPass",10,11,0,0,0,1,0,1,0,0,1,NA,4,4,0,"N","N",121
"DOLPHD-8568","F",17,"Overseas","SinglePass",10,11,1,0,0,2,0,0,0,0,1,NA,2,3,0,"N","Y",71
"DOLPHD-857","M",8,"Local","MultiPass",10,14,1,0,1,1,1,0,1,0,3,NA,2,1,1,"Y","Y",124
"DOLPHD-8570","F",17,"Local","SinglePass",10,11,0,0,0,1,0,1,0,0,1,NA,4,4,0,"N","N",71
"DOLPHD-8571","F",19,"Local","SinglePass",10,11,1,0,0,2,0,0,1,0,1,NA,2,4,0,"N","N",96
"DOLPHD-8572","F",15,"Local","MultiPass",10,11,1,1,0,2,0,1,1,0,1,NA,3,3,0,"N","N",121
"DOLPHD-8575","F",17,"Overseas","SinglePass",10,11,0,1,0,2,0,1,0,0,1,NA,2,3,0,"N","N",96
"DOLPHD-8578","F",17,"Local","SinglePass",10,11,0,0,1,1,0,0,0,0,1,NA,4,4,0,"N","N",46
"DOLPHD-858","M",9,"Overseas","SinglePass",10,6,1,0,1,1,0,1,1,0,3,NA,2,1,1,"N","N",141
"DOLPHD-8580","F",17,"Overseas","MultiPass",10,11,0,0,0,2,0,0,0,0,1,NA,4,4,0,"Y","Y",121
"DOLPHD-8581","F",14,"Overseas","SinglePass",10,11,1,0,0,1,0,1,0,0,1,NA,2,3,0,"Y","Y",96
"DOLPHD-8582","F",18,"Overseas","SinglePass",10,11,0,0,0,2,0,1,0,0,1,NA,3,3,0,"N","N",46
"DOLPHD-8583","F",17,"Local","MultiPass",10,11,1,0,0,2,0,1,1,0,1,NA,2,4,0,"N","N",121
"DOLPHD-8584","F",17,"Local","SinglePass",10,11,1,0,0,2,0,0,0,0,1,NA,2,4,0,"N","N",46
"DOLPHD-8585","F",18,"Local","SinglePass",10,11,0,0,0,2,1,0,1,0,1,NA,3,4,0,"N","N",96
"DOLPHD-8589","F",19,"Overseas","SinglePass",10,11,1,1,0,1,0,0,1,0,1,NA,3,4,0,"N","N",96
"DOLPHD-859","F",14,"Local","MultiPass",17,5,1,0,0,0,1,0,0,0,2,NA,2,2,1,"N","Y",122
"DOLPHD-8591","F",16,"Local","SinglePass",10,11,1,1,0,1,1,0,0,0,1,NA,2,3,0,"N","N",96
"DOLPHD-8593","F",16,"Local","MultiPass",10,11,1,0,0,2,0,0,1,0,1,NA,4,3,0,"Y","Y",121
"DOLPHD-8598","F",15,"Local","SinglePass",10,11,0,0,0,2,0,1,0,0,1,NA,3,4,0,"N","N",71
"DOLPHD-860","M",8,"Local","SinglePass",10,5,1,0,1,1,1,0,1,0,3,NA,4,2,1,"N","N",140
"DOLPHD-8600","F",13,"Local","MultiPass",10,11,0,0,0,1,0,1,1,0,1,NA,3,4,0,"N","N",121
"DOLPHD-8604","F",18,"Local","MultiPass",10,11,0,1,1,1,0,1,1,0,1,NA,2,4,0,"N","N",121
"DOLPHD-8605","F",15,"Local","SinglePass",10,11,1,0,0,2,0,1,0,0,1,NA,3,3,0,"Y","Y",71
"DOLPHD-8606","F",14,"Local","SinglePass",10,11,0,0,0,2,1,1,0,0,1,NA,2,3,0,"N","N",96
"DOLPHD-8607","F",16,"Local","MultiPass",10,11,0,0,0,2,0,1,1,0,1,NA,2,3,0,"N","Y",121
"DOLPHD-8608","F",19,"Overseas","MultiPass",10,11,0,0,0,2,0,0,0,0,1,NA,3,4,0,"N","N",121
"DOLPHD-861","M",10,"Overseas","MultiPass",10,5,1,0,0,0,0,0,0,0,2,NA,4,2,1,"Y","Y",115
"DOLPHD-8613","F",19,"Local","SinglePass",10,11,1,0,1,1,0,1,0,0,1,NA,3,3,0,"N","N",96
"DOLPHD-8614","F",16,"Local","MultiPass",10,11,0,0,0,1,1,0,0,0,1,NA,2,4,0,"N","N",121
"DOLPHD-8615","F",17,"Overseas","MultiPass",10,11,0,1,0,2,0,1,0,0,1,NA,2,4,0,"N","N",121
"DOLPHD-8619","F",17,"Local","SinglePass",10,11,1,0,0,2,1,0,1,0,1,NA,4,3,0,"N","N",96
"DOLPHD-862","F",7,"Local","SinglePass",10,12,1,0,1,0,1,0,1,0,2,NA,3,2,1,"N","Y",122
"DOLPHD-8621","F",18,"Local","MultiPass",10,11,1,1,0,2,0,0,0,0,1,NA,3,3,0,"Y","Y",121
"DOLPHD-8623","F",17,"Overseas","SinglePass",10,11,1,0,1,2,0,1,0,0,1,NA,4,3,0,"N","N",96
"DOLPHD-8626","F",17,"Local","SinglePass",10,11,1,0,0,1,0,0,0,0,1,NA,2,3,0,"N","N",71
"DOLPHD-8628","F",17,"Local","MultiPass",10,11,1,0,0,1,0,0,1,0,1,NA,2,4,0,"N","N",121
"DOLPHD-863","M",8,"Local","MultiPass",10,6,1,0,1,1,0,0,1,0,2,NA,4,2,1,"N","N",116
"DOLPHD-8630","F",14,"Overseas","SinglePass",10,11,0,0,0,1,1,0,0,0,1,NA,3,3,0,"N","N",71
"DOLPHD-8634","F",17,"Local","SinglePass",10,11,1,1,0,2,0,1,0,0,1,NA,4,4,0,"N","N",121
"DOLPHD-8635","F",18,"Local","MultiPass",10,11,1,0,1,1,0,1,0,0,1,NA,3,3,0,"N","Y",121
"DOLPHD-8638","F",18,"Overseas","SinglePass",10,11,0,0,0,2,0,1,1,0,1,NA,2,3,0,"N","Y",71
"DOLPHD-8639","F",19,"Local","MultiPass",10,11,1,1,0,2,0,1,0,0,1,NA,2,4,0,"N","Y",121
"DOLPHD-864","M",14,"Overseas","SinglePass",17,9,1,0,0,1,1,0,0,0,3,NA,2,1,1,"Y","Y",101
"DOLPHD-8640","F",14,"Local","SinglePass",10,11,0,0,0,2,0,0,1,0,1,NA,4,3,0,"N","N",71
"DOLPHD-8641","F",14,"Local","SinglePass",10,11,0,0,1,2,0,1,0,0,1,NA,4,3,0,"N","Y",96
"DOLPHD-8643","F",15,"Overseas","MultiPass",10,11,0,0,0,2,0,1,0,0,1,NA,3,3,0,"N","N",121
"DOLPHD-8645","F",14,"Overseas","SinglePass",10,11,0,0,0,2,0,0,0,0,1,NA,4,3,0,"N","N",46
"DOLPHD-8646","F",15,"Local","MultiPass",10,11,1,0,0,2,0,0,1,0,1,NA,3,3,0,"N","N",121
"DOLPHD-8649","F",13,"Local","MultiPass",10,11,0,0,0,1,1,0,1,0,1,NA,2,3,0,"N","N",121
"DOLPHD-865","F",10,"Local","MultiPass",10,7,1,0,0,1,1,1,0,0,2,NA,4,1,1,"N","Y",117
"DOLPHD-8650","F",16,"Overseas","MultiPass",10,11,0,1,0,2,1,1,1,0,1,NA,3,3,0,"N","N",121
"DOLPHD-8653","F",17,"Local","MultiPass",10,11,1,0,0,1,0,1,0,0,1,NA,4,3,0,"N","N",121
"DOLPHD-8654","F",17,"Local","SinglePass",10,11,1,0,0,1,1,0,0,0,1,NA,3,4,0,"N","Y",96
"DOLPHD-8656","F",15,"Local","MultiPass",10,11,1,0,0,2,0,0,0,0,1,NA,3,3,0,"N","N",121
"DOLPHD-8657","F",19,"Overseas","MultiPass",10,11,1,0,1,2,0,1,0,0,1,NA,3,3,0,"N","N",121
"DOLPHD-8658","F",18,"Overseas","SinglePass",10,11,1,1,0,1,1,1,0,0,1,NA,3,4,0,"N","N",121
"DOLPHD-866","M",8,"Local","SinglePass",10,7,1,0,1,0,0,0,1,0,3,NA,4,1,1,"N","N",92
"DOLPHD-8664","F",13,"Overseas","MultiPass",10,11,1,0,0,1,0,1,0,0,1,NA,3,3,0,"N","N",121
"DOLPHD-8666","F",15,"Overseas","SinglePass",10,11,0,0,1,1,1,0,1,0,1,NA,3,4,0,"N","N",121
"DOLPHD-8669","F",14,"Local","SinglePass",10,11,0,0,1,2,0,0,0,0,1,NA,4,3,0,"Y","Y",71
"DOLPHD-867","M",9,"Overseas","MultiPass",10,0,1,0,1,1,0,0,1,0,2,NA,3,2,1,"N","N",110
"DOLPHD-8671","F",15,"Overseas","MultiPass",10,11,0,0,1,1,0,1,1,0,1,NA,2,3,0,"N","N",121
"DOLPHD-8672","F",15,"Overseas","SinglePass",10,11,0,1,1,1,0,1,0,0,1,NA,2,3,0,"N","N",96
"DOLPHD-8674","F",18,"Local","MultiPass",10,11,1,0,0,2,0,1,1,0,1,NA,3,3,0,"N","N",121
"DOLPHD-8675","F",19,"Local","SinglePass",10,11,1,0,0,1,1,1,0,0,1,NA,2,3,0,"N","Y",121
"DOLPHD-8677","F",13,"Local","MultiPass",10,11,1,0,0,1,0,0,1,0,1,NA,2,3,0,"Y","Y",121
"DOLPHD-868","F",7,"Local","SinglePass",10,0,1,0,1,0,1,1,1,0,2,NA,3,1,1,"Y","Y",135
"DOLPHD-8681","F",19,"Local","MultiPass",10,11,1,0,0,1,1,0,1,0,1,NA,4,4,0,"Y","Y",121
"DOLPHD-8684","F",19,"Local","MultiPass",10,11,1,0,0,1,0,1,1,0,1,NA,4,4,0,"Y","N",121
"DOLPHD-8686","F",13,"Overseas","SinglePass",10,11,1,0,0,1,0,0,0,0,1,NA,3,3,0,"N","N",46
"DOLPHD-8688","F",19,"Local","MultiPass",10,11,1,0,1,1,0,1,1,0,1,NA,3,4,0,"N","N",121
"DOLPHD-869","M",9,"Local","MultiPass",10,4,1,0,1,0,1,0,1,0,3,NA,4,1,1,"N","N",114
"DOLPHD-8695","F",15,"Local","MultiPass",10,11,1,0,0,2,1,0,0,0,1,NA,3,4,0,"N","N",121
"DOLPHD-8696","F",14,"Local","SinglePass",10,11,0,0,0,1,0,0,1,0,1,NA,3,4,0,"N","N",46
"DOLPHD-8697","F",14,"Local","SinglePass",10,11,1,0,1,1,1,0,1,0,1,NA,3,3,0,"N","Y",146
"DOLPHD-8699","F",16,"Overseas","MultiPass",10,11,1,0,0,1,0,0,0,0,1,NA,4,4,0,"N","Y",121
"DOLPHD-870","M",10,"Overseas","SinglePass",10,0,1,0,0,0,0,1,0,0,3,NA,3,2,1,"N","N",60
"DOLPHD-8700","F",15,"Overseas","SinglePass",10,11,1,0,1,2,0,1,0,0,1,NA,2,4,0,"N","Y",121
"DOLPHD-8703","F",16,"Local","SinglePass",10,11,1,0,0,1,0,1,0,0,1,NA,3,3,0,"N","N",96
"DOLPHD-8704","F",13,"Local","SinglePass",10,11,0,0,0,2,0,1,0,0,1,NA,3,3,0,"N","N",46
"DOLPHD-8705","F",19,"Local","MultiPass",10,11,0,0,0,1,0,0,1,0,1,NA,2,3,0,"N","N",121
"DOLPHD-8706","F",13,"Overseas","MultiPass",10,11,0,0,0,2,1,0,0,0,1,NA,2,4,0,"N","Y",121
"DOLPHD-8707","F",13,"Overseas","SinglePass",10,11,1,0,0,1,1,1,1,0,1,NA,2,3,0,"N","Y",146
"DOLPHD-8709","F",14,"Local","MultiPass",10,11,1,0,0,2,0,1,0,0,1,NA,2,4,0,"N","N",121
"DOLPHD-871","F",11,"Local","MultiPass",10,0,1,0,0,0,1,1,0,0,2,NA,2,1,1,"Y","Y",110
"DOLPHD-8713","F",15,"Overseas","MultiPass",10,11,1,1,0,1,1,0,0,0,1,NA,3,4,0,"N","Y",121
"DOLPHD-8716","F",16,"Local","MultiPass",10,11,1,0,0,2,0,1,0,0,1,NA,4,4,0,"N","N",121
"DOLPHD-8717","F",15,"Local","SinglePass",10,11,1,0,1,1,1,1,0,0,1,NA,3,4,0,"N","N",146
"DOLPHD-8719","F",17,"Local","MultiPass",10,11,0,0,0,2,0,1,1,0,1,NA,4,3,0,"N","Y",121
"DOLPHD-872","M",10,"Local","SinglePass",10,20,1,0,0,1,0,0,0,0,3,NA,3,1,1,"N","N",80
"DOLPHD-8722","F",16,"Overseas","SinglePass",10,11,1,0,0,1,0,1,0,0,1,NA,2,3,0,"N","N",96
"DOLPHD-8723","F",13,"Local","MultiPass",10,11,0,0,1,1,0,1,0,0,1,NA,4,3,0,"N","N",121
"DOLPHD-8724","F",19,"Local","SinglePass",10,11,1,0,1,2,0,1,1,0,1,NA,4,3,0,"N","N",146
"DOLPHD-8729","F",19,"Overseas","SinglePass",10,11,0,0,0,2,1,1,0,0,1,NA,4,4,0,"N","N",71
"DOLPHD-873","M",14,"Overseas","MultiPass",15,0,1,0,0,0,1,1,0,0,3,NA,3,1,1,"N","N",115
"DOLPHD-8730","F",15,"Local","MultiPass",10,11,1,1,0,1,0,1,1,0,1,NA,3,3,0,"Y","Y",121
"DOLPHD-8732","F",14,"Local","SinglePass",10,11,1,0,0,1,0,1,1,0,1,NA,3,4,0,"N","N",121
"DOLPHD-8733","F",13,"Local","MultiPass",10,11,1,0,0,1,0,1,0,0,1,NA,4,4,0,"N","N",121
"DOLPHD-8738","F",17,"Local","SinglePass",10,11,1,0,1,1,0,0,0,0,1,NA,2,3,0,"N","Y",71
"DOLPHD-8739","F",14,"Local","SinglePass",10,11,0,0,0,2,0,0,0,0,1,NA,2,4,0,"N","N",21
"DOLPHD-874","F",13,"Local","MultiPass",22,0,1,0,0,1,1,1,0,0,3,NA,2,2,1,"N","N",122
"DOLPHD-8740","F",17,"Local","MultiPass",10,11,1,0,0,1,0,1,0,0,1,NA,3,4,0,"N","Y",121
"DOLPHD-8741","F",19,"Overseas","MultiPass",10,11,1,0,0,2,0,1,0,0,1,NA,3,3,0,"N","N",121
"DOLPHD-8742","F",17,"Overseas","SinglePass",10,11,1,0,0,2,1,1,1,0,1,NA,3,3,0,"N","N",146
"DOLPHD-8743","F",19,"Overseas","SinglePass",10,11,1,0,0,1,0,1,0,0,1,NA,2,3,0,"Y","Y",71
"DOLPHD-8744","F",19,"Local","MultiPass",10,11,0,0,1,2,0,1,1,0,1,NA,3,3,0,"N","Y",121
"DOLPHD-8746","F",17,"Local","SinglePass",10,11,0,0,0,1,0,1,0,0,1,NA,2,4,0,"N","N",46
"DOLPHD-8748","F",15,"Overseas","MultiPass",10,11,1,0,1,1,0,1,0,0,1,NA,4,4,0,"N","N",121
"DOLPHD-875","M",13,"Local","SinglePass",34,5,1,0,0,1,0,1,0,0,3,NA,3,2,1,"N","N",114
"DOLPHD-8755","F",18,"Overseas","MultiPass",10,11,1,0,1,2,0,1,1,0,1,NA,2,4,0,"N","N",121
"DOLPHD-8757","F",16,"Overseas","SinglePass",10,11,1,0,1,2,0,0,1,0,1,NA,2,3,0,"N","N",121
"DOLPHD-8758","F",19,"Local","MultiPass",10,11,1,0,0,2,1,0,0,0,1,NA,4,4,0,"N","N",121
"DOLPHD-876","M",11,"Overseas","SinglePass",10,0,1,0,0,0,0,0,0,0,3,NA,3,2,1,"N","N",35
"DOLPHD-8763","F",19,"Overseas","SinglePass",10,11,0,0,0,1,0,1,1,0,1,NA,4,3,0,"N","N",96
"DOLPHD-8764","F",13,"Overseas","SinglePass",10,11,0,1,0,1,0,1,1,0,1,NA,3,3,0,"N","N",121
"DOLPHD-8768","F",19,"Local","MultiPass",10,11,0,1,1,2,0,0,0,0,1,NA,2,4,0,"N","N",121
"DOLPHD-8769","F",13,"Overseas","MultiPass",10,11,1,0,0,2,0,1,1,0,1,NA,3,3,0,"Y","Y",121
"DOLPHD-877","F",9,"Local","SinglePass",10,20,1,0,1,0,1,0,1,0,3,NA,3,2,1,"N","N",130
"DOLPHD-8770","F",19,"Overseas","SinglePass",10,11,0,0,0,1,0,1,1,0,1,NA,3,4,0,"N","N",96
"DOLPHD-8773","F",16,"Local","SinglePass",10,11,1,0,0,2,0,0,0,0,1,NA,4,4,0,"N","N",46
"DOLPHD-8775","F",19,"Local","MultiPass",10,11,0,0,0,1,0,1,0,0,1,NA,2,4,0,"N","N",121
"DOLPHD-8776","F",19,"Overseas","MultiPass",10,11,1,0,0,2,0,0,0,0,1,NA,4,4,0,"N","N",121
"DOLPHD-8778","F",17,"Overseas","SinglePass",10,11,1,0,1,2,1,1,1,0,1,NA,4,4,0,"N","N",146
"DOLPHD-8779","F",13,"Local","MultiPass",10,11,0,0,0,1,0,1,0,0,1,NA,4,4,0,"N","N",121
"DOLPHD-878","M",9,"Local","SinglePass",10,0,1,0,1,1,1,0,1,0,3,NA,3,2,1,"N","Y",135
"DOLPHD-8782","F",17,"Local","MultiPass",10,11,1,0,1,2,1,1,0,0,1,NA,2,4,0,"N","N",121
"DOLPHD-8783","F",17,"Overseas","MultiPass",10,11,1,1,1,2,0,0,0,0,1,NA,4,3,0,"N","N",121
"DOLPHD-8785","F",17,"Overseas","SinglePass",10,11,1,0,0,1,0,1,0,0,1,NA,3,4,0,"N","N",96
"DOLPHD-8788","F",14,"Local","SinglePass",10,11,0,1,1,2,0,0,1,0,1,NA,4,3,0,"N","N",121
"DOLPHD-879","M",9,"Overseas","SinglePass",10,10,1,0,1,1,1,0,1,0,3,NA,2,2,1,"N","Y",145
"DOLPHD-8792","F",14,"Overseas","SinglePass",10,11,0,0,0,1,0,0,0,0,1,NA,3,3,0,"Y","Y",46
"DOLPHD-8795","F",19,"Local","SinglePass",10,11,1,1,1,2,0,0,0,0,1,NA,4,4,0,"N","N",121
"DOLPHD-880","F",7,"Local","SinglePass",10,0,1,0,1,0,1,0,1,0,3,NA,2,1,1,"N","N",110
"DOLPHD-8801","F",19,"Local","SinglePass",10,11,1,0,1,1,0,1,0,0,1,NA,4,4,0,"N","N",96
"DOLPHD-8802","F",18,"Local","SinglePass",10,11,1,0,0,1,0,0,0,0,1,NA,4,3,0,"N","Y",46
"DOLPHD-8804","F",18,"Overseas","MultiPass",10,11,0,1,0,2,0,1,0,0,1,NA,3,3,0,"N","N",121
"DOLPHD-8805","F",19,"Overseas","SinglePass",10,11,0,0,1,1,0,1,0,0,1,NA,3,3,0,"N","N",96
"DOLPHD-8808","F",14,"Local","SinglePass",10,11,0,0,1,2,0,0,0,0,1,NA,3,4,0,"N","Y",71
"DOLPHD-881","M",10,"Local","SinglePass",10,0,1,0,0,1,0,1,0,0,1,NA,3,4,1,"Y","Y",85
"DOLPHD-8812","F",17,"Overseas","SinglePass",10,11,1,0,0,2,1,1,0,0,1,NA,4,3,0,"N","N",96
"DOLPHD-8817","F",17,"Local","MultiPass",10,11,0,0,0,1,0,1,0,0,1,NA,4,4,0,"N","N",121
"DOLPHD-8818","F",14,"Overseas","MultiPass",10,11,0,1,0,2,0,1,0,0,1,NA,3,4,0,"N","N",121
"DOLPHD-8819","F",14,"Overseas","SinglePass",10,11,1,0,0,1,0,1,0,0,1,NA,2,4,0,"N","N",71
"DOLPHD-882","M",11,"Overseas","SinglePass",10,6,0,0,0,1,0,1,0,0,3,NA,4,1,1,"N","N",66
"DOLPHD-8820","F",13,"Overseas","SinglePass",10,11,1,0,1,1,1,0,1,0,1,NA,2,4,0,"N","N",146
"DOLPHD-8823","F",15,"Local","SinglePass",10,11,0,1,0,1,0,0,0,0,1,NA,2,4,0,"N","N",46
"DOLPHD-8825","F",17,"Overseas","MultiPass",10,11,0,0,0,2,0,0,0,0,1,NA,4,4,0,"Y","Y",121
"DOLPHD-8828","F",16,"Local","MultiPass",10,11,0,0,0,2,0,1,0,0,1,NA,4,3,0,"N","N",121
"DOLPHD-883","F",14,"Local","SinglePass",31,10,1,0,0,0,0,1,0,0,2,NA,4,1,1,"N","N",91
"DOLPHD-8831","F",19,"Local","MultiPass",10,11,1,0,1,1,0,1,0,0,1,NA,2,4,0,"Y","Y",121
"DOLPHD-8836","F",17,"Local","SinglePass",10,11,0,0,0,1,0,1,0,0,1,NA,2,3,0,"N","N",46
"DOLPHD-8837","F",14,"Local","SinglePass",10,11,1,1,0,2,0,1,0,0,1,NA,3,4,0,"N","N",121
"DOLPHD-8838","F",17,"Local","MultiPass",10,11,1,1,1,2,0,1,0,0,1,NA,2,3,0,"N","N",121
"DOLPHD-884","M",14,"Local","SinglePass",27,9,1,0,0,1,0,0,0,0,2,NA,4,2,1,"N","N",86
"DOLPHD-8841","F",14,"Overseas","SinglePass",10,11,1,0,0,2,0,1,0,0,1,NA,4,3,0,"N","N",96
"DOLPHD-8842","F",18,"Local","MultiPass",10,11,0,1,1,1,1,0,0,0,1,NA,4,3,0,"Y","Y",121
"DOLPHD-8844","F",18,"Local","SinglePass",10,11,0,0,1,2,0,0,1,0,1,NA,2,3,0,"N","N",71
"DOLPHD-8845","F",16,"Local","MultiPass",10,11,1,1,1,2,1,0,1,0,1,NA,4,4,0,"N","N",121
"DOLPHD-8847","F",16,"Overseas","SinglePass",10,11,0,0,0,2,1,0,0,0,1,NA,4,3,0,"N","N",71
"DOLPHD-885","M",14,"Overseas","SinglePass",26,7,1,0,0,1,0,0,0,0,3,NA,2,1,1,"N","Y",83
"DOLPHD-8850","F",16,"Local","SinglePass",10,11,0,0,0,2,0,1,0,0,1,NA,4,4,0,"N","N",71
"DOLPHD-8851","F",16,"Local","SinglePass",10,11,0,1,1,2,0,1,1,0,1,NA,2,4,0,"Y","Y",146
"DOLPHD-8852","F",16,"Local","MultiPass",10,11,0,0,0,1,0,0,0,0,1,NA,3,3,0,"N","N",121
"DOLPHD-8855","F",13,"Local","SinglePass",10,11,1,0,1,1,0,1,0,0,1,NA,3,3,0,"N","N",121
"DOLPHD-8857","F",15,"Local","SinglePass",10,11,1,0,0,1,1,0,0,0,1,NA,2,3,0,"N","N",96
"DOLPHD-8858","F",13,"Local","SinglePass",10,11,0,1,1,1,1,1,1,0,1,NA,3,4,0,"N","Y",171
"DOLPHD-886","F",14,"Local","SinglePass",16,10,1,0,0,0,1,0,0,0,1,NA,3,3,1,"N","N",76
"DOLPHD-8861","F",17,"Local","SinglePass",10,11,1,0,0,2,0,0,0,0,1,NA,3,3,0,"N","N",71
"DOLPHD-8863","F",13,"Local","MultiPass",10,11,0,0,1,1,0,0,0,0,1,NA,3,3,0,"N","Y",121
"DOLPHD-887","M",7,"Local","MultiPass",10,5,0,0,1,0,1,0,1,0,2,NA,2,2,1,"Y","N",115
"DOLPHD-8870","F",18,"Local","MultiPass",10,11,0,1,0,1,1,0,0,0,1,NA,4,4,0,"N","N",121
"DOLPHD-8873","F",19,"Local","MultiPass",10,11,0,0,0,1,0,0,1,0,1,NA,4,4,0,"N","N",121
"DOLPHD-8874","F",14,"Local","MultiPass",10,11,1,1,1,1,0,0,0,0,1,NA,2,3,0,"N","N",121
"DOLPHD-8878","F",19,"Local","SinglePass",10,11,1,1,0,2,0,1,0,0,1,NA,4,4,0,"N","Y",121
"DOLPHD-888","M",12,"Overseas","MultiPass",32,4,1,0,0,0,1,0,0,0,3,NA,4,2,1,"N","Y",136
"DOLPHD-8880","F",18,"Local","MultiPass",10,11,0,0,0,1,0,1,0,0,1,NA,3,3,0,"N","Y",121
"DOLPHD-8883","F",18,"Local","SinglePass",10,11,0,0,0,1,0,1,0,0,1,NA,3,4,0,"N","N",46
"DOLPHD-8884","F",19,"Local","MultiPass",10,11,1,0,0,2,0,1,0,0,1,NA,4,3,0,"N","N",121
"DOLPHD-8887","F",17,"Local","MultiPass",10,11,1,0,1,1,0,1,0,0,1,NA,2,3,0,"N","Y",121
"DOLPHD-889","F",13,"Local","SinglePass",21,5,1,0,0,1,0,0,0,0,2,NA,2,1,1,"N","Y",76
"DOLPHD-8890","F",18,"Local","SinglePass",10,11,1,0,1,1,0,0,1,0,1,NA,3,3,0,"N","N",121
"DOLPHD-8892","F",16,"Local","SinglePass",10,11,0,0,1,1,0,0,1,0,1,NA,3,4,0,"N","N",71
"DOLPHD-8896","F",19,"Local","SinglePass",10,11,1,1,1,2,0,0,0,0,1,NA,3,3,0,"N","N",121
"DOLPHD-8897","F",15,"Local","SinglePass",10,11,1,1,0,1,0,0,0,0,1,NA,2,3,0,"N","N",71
"DOLPHD-8899","F",14,"Local","SinglePass",10,11,1,1,0,2,1,1,0,0,1,NA,2,4,0,"N","N",146
"DOLPHD-890","M",13,"Local","SinglePass",29,9,1,0,0,1,0,1,0,0,2,NA,3,1,1,"N","Y",113
"DOLPHD-8901","F",16,"Local","MultiPass",10,11,1,0,1,1,0,0,0,0,1,NA,4,3,0,"N","N",121
"DOLPHD-8902","F",13,"Local","MultiPass",10,11,1,0,1,1,0,0,0,0,1,NA,4,3,0,"N","N",121
"DOLPHD-8904","F",17,"Local","SinglePass",10,11,1,0,0,2,1,1,0,0,1,NA,4,4,0,"N","Y",96
"DOLPHD-8905","F",16,"Local","MultiPass",10,11,1,0,0,1,0,1,0,0,1,NA,4,3,0,"N","N",121
"DOLPHD-8906","F",14,"Overseas","SinglePass",10,11,1,0,1,1,0,1,1,0,1,NA,3,3,0,"N","N",146
"DOLPHD-8907","F",18,"Local","SinglePass",10,11,0,0,1,1,0,1,0,0,1,NA,4,4,0,"N","N",71
"DOLPHD-891","M",13,"Overseas","SinglePass",21,8,1,0,0,1,1,1,0,0,3,NA,2,1,1,"N","N",129
"DOLPHD-8910","F",17,"Local","SinglePass",10,11,0,0,1,2,0,0,0,0,1,NA,4,4,0,"Y","Y",46
"DOLPHD-8911","F",15,"Local","SinglePass",10,11,1,0,1,2,1,0,0,0,1,NA,4,3,0,"N","Y",121
"DOLPHD-8915","F",13,"Overseas","MultiPass",10,11,1,0,1,1,0,0,0,0,1,NA,3,3,0,"N","N",121
"DOLPHD-8917","F",16,"Local","SinglePass",10,11,1,0,0,2,1,1,1,0,1,NA,4,4,0,"Y","Y",146
"DOLPHD-8919","F",17,"Local","MultiPass",10,11,0,0,1,2,1,1,0,0,1,NA,2,4,0,"N","N",121
"DOLPHD-892","F",12,"Local","SinglePass",29,9,1,0,0,1,1,1,0,0,1,NA,4,3,1,"N","N",138
"DOLPHD-8921","F",16,"Overseas","SinglePass",10,11,1,1,0,2,0,0,0,0,1,NA,2,4,0,"N","N",96
"DOLPHD-8924","F",17,"Overseas","SinglePass",10,11,1,0,1,2,1,1,1,0,1,NA,3,4,0,"N","N",171
"DOLPHD-8926","F",17,"Local","MultiPass",10,11,1,0,0,1,0,0,0,0,1,NA,3,3,0,"N","N",121
"DOLPHD-893","M",10,"Local","SinglePass",10,9,0,0,0,1,1,0,0,0,3,NA,4,1,1,"N","Y",69
"DOLPHD-8932","F",15,"Local","SinglePass",10,11,1,0,0,1,0,0,0,0,1,NA,4,4,0,"N","N",46
"DOLPHD-8936","F",16,"Overseas","MultiPass",10,11,0,0,1,2,0,1,0,0,1,NA,3,3,0,"N","N",121
"DOLPHD-8937","F",17,"Local","MultiPass",10,11,0,1,0,1,0,0,0,0,1,NA,3,4,0,"N","N",121
"DOLPHD-894","M",14,"Overseas","SinglePass",22,10,1,0,0,1,0,1,0,0,2,NA,3,2,1,"N","N",107
"DOLPHD-8940","F",17,"Local","MultiPass",10,11,0,0,1,2,1,1,0,0,1,NA,2,4,0,"Y","Y",121
"DOLPHD-8941","F",19,"Local","SinglePass",10,11,0,0,0,1,1,0,1,0,1,NA,3,4,0,"N","N",71
"DOLPHD-8942","F",18,"Overseas","SinglePass",10,11,1,1,1,1,0,1,0,0,1,NA,4,3,0,"N","N",121
"DOLPHD-8943","F",18,"Local","MultiPass",10,11,0,0,1,2,0,1,0,0,1,NA,2,4,0,"N","Y",121
"DOLPHD-8944","F",19,"Local","MultiPass",10,11,1,0,0,2,0,1,1,0,1,NA,4,3,0,"N","N",121
"DOLPHD-8945","F",16,"Overseas","SinglePass",10,11,0,0,0,2,1,1,0,0,1,NA,4,4,0,"N","N",96
"DOLPHD-8949","F",19,"Local","SinglePass",10,11,1,0,1,2,0,0,0,0,1,NA,3,3,0,"Y","Y",96
"DOLPHD-895","F",12,"Local","SinglePass",32,4,1,0,0,1,1,1,0,0,2,NA,4,2,1,"N","N",136
"DOLPHD-8950","F",18,"Local","MultiPass",10,11,1,0,1,1,0,0,1,0,1,NA,4,4,0,"Y","Y",121
"DOLPHD-8951","F",18,"Overseas","MultiPass",10,11,0,0,0,2,0,0,0,0,1,NA,2,3,0,"N","Y",121
"DOLPHD-8952","F",18,"Local","SinglePass",10,11,0,0,0,1,0,0,1,0,1,NA,4,3,0,"N","N",46
"DOLPHD-896","M",14,"Local","SinglePass",27,7,1,0,0,1,0,1,0,0,1,NA,4,3,1,"Y","Y",109
"DOLPHD-8961","F",17,"Local","MultiPass",10,11,0,0,0,2,0,0,0,0,1,NA,4,3,0,"N","N",121
"DOLPHD-897","M",7,"Overseas","SinglePass",10,8,0,0,1,1,1,0,1,0,2,NA,4,2,1,"N","N",118
"DOLPHD-8970","F",19,"Local","SinglePass",10,11,1,0,1,1,1,1,0,0,1,NA,3,3,0,"N","Y",146
"DOLPHD-8971","F",16,"Local","MultiPass",10,11,1,0,0,1,1,1,0,0,1,NA,2,3,0,"Y","N",121
"DOLPHD-8973","F",14,"Local","SinglePass",10,11,0,0,0,2,0,1,1,0,1,NA,3,4,0,"N","N",96
"DOLPHD-8977","F",19,"Local","SinglePass",10,11,1,0,0,1,0,1,0,0,1,NA,3,3,0,"N","N",71
"DOLPHD-898","F",13,"Local","MultiPass",22,10,1,0,0,0,1,1,0,0,0,NA,2,4,1,"N","N",132
"DOLPHD-8983","F",14,"Local","SinglePass",10,11,1,0,0,1,0,1,1,0,1,NA,2,3,0,"N","Y",121
"DOLPHD-8984","F",18,"Overseas","SinglePass",10,11,0,0,0,2,1,0,0,0,1,NA,4,4,0,"N","N",46
"DOLPHD-8987","F",16,"Overseas","SinglePass",10,11,1,1,0,1,0,0,1,0,1,NA,3,3,0,"Y","Y",96
"DOLPHD-8989","F",16,"Local","MultiPass",10,11,1,0,0,2,1,0,0,0,1,NA,3,3,0,"N","N",121
"DOLPHD-899","M",7,"Local","MultiPass",10,5,0,0,1,1,1,0,1,0,2,NA,3,2,1,"N","N",115
"DOLPHD-8992","F",19,"Local","MultiPass",10,11,1,1,1,1,0,1,0,0,1,NA,2,4,0,"Y","Y",121
"DOLPHD-8993","F",16,"Overseas","MultiPass",10,11,1,0,0,2,1,1,1,0,1,NA,4,4,0,"N","N",121
"DOLPHD-8995","F",17,"Local","SinglePass",10,11,1,0,0,1,0,1,0,0,1,NA,4,3,0,"N","N",96
"DOLPHD-900","M",14,"Overseas","SinglePass",15,9,1,0,0,1,0,1,0,0,0,NA,4,4,1,"Y","Y",99
"DOLPHD-9000","F",16,"Local","MultiPass",10,11,0,0,0,2,1,1,1,0,1,NA,3,3,0,"N","N",121
"DOLPHD-9002","F",15,"Overseas","SinglePass",10,11,1,0,0,2,0,1,0,0,1,NA,2,3,0,"N","N",71
"DOLPHD-9003","F",14,"Local","MultiPass",10,11,0,0,0,1,0,0,1,0,1,NA,4,4,0,"N","Y",121
"DOLPHD-9005","F",19,"Overseas","SinglePass",10,11,1,0,1,1,0,0,1,0,1,NA,4,4,0,"N","N",121
"DOLPHD-9007","F",18,"Local","MultiPass",10,11,1,0,0,2,1,1,1,0,1,NA,3,4,0,"N","Y",121
"DOLPHD-901","F",9,"Local","SinglePass",10,5,0,0,1,0,1,1,1,0,3,NA,3,2,1,"N","Y",115
"DOLPHD-9014","F",18,"Overseas","MultiPass",10,11,1,0,0,1,0,1,0,0,1,NA,3,3,0,"N","N",121
"DOLPHD-9015","F",17,"Local","SinglePass",10,11,0,0,0,2,0,1,0,0,1,NA,4,4,0,"N","Y",46
"DOLPHD-9017","F",18,"Overseas","MultiPass",10,11,1,1,0,1,0,1,1,0,1,NA,3,4,0,"N","N",121
"DOLPHD-9018","F",13,"Local","SinglePass",10,11,1,0,0,1,0,0,1,0,1,NA,4,3,0,"Y","Y",96
"DOLPHD-902","M",14,"Local","SinglePass",30,6,1,0,0,1,0,1,0,0,0,NA,2,3,1,"Y","Y",111
"DOLPHD-9020","F",19,"Overseas","MultiPass",10,11,0,0,1,1,0,1,0,0,1,NA,2,4,0,"Y","Y",121
"DOLPHD-9022","F",13,"Local","SinglePass",10,11,1,1,0,2,0,1,0,0,1,NA,3,3,0,"N","Y",96
"DOLPHD-9024","F",15,"Local","MultiPass",10,11,0,0,1,1,0,0,1,0,1,NA,2,3,0,"N","Y",121
"DOLPHD-903","M",7,"Overseas","SinglePass",10,6,0,0,1,0,1,1,1,0,0,NA,4,3,1,"N","N",116
"DOLPHD-9030","F",13,"Local","SinglePass",10,11,1,0,0,2,0,1,0,0,1,NA,2,4,0,"N","N",96
"DOLPHD-9031","F",16,"Local","MultiPass",10,11,0,0,0,1,0,1,0,0,1,NA,2,4,0,"N","Y",121
"DOLPHD-9034","F",19,"Local","MultiPass",10,11,1,1,1,1,0,0,0,0,1,NA,2,4,0,"N","Y",121
"DOLPHD-9035","F",15,"Overseas","MultiPass",10,11,1,0,0,1,0,1,0,0,1,NA,2,3,0,"N","N",121
"DOLPHD-9036","F",16,"Local","SinglePass",10,11,0,0,1,2,1,0,0,0,1,NA,2,4,0,"N","Y",96
"DOLPHD-9037","F",18,"Local","SinglePass",10,11,0,1,0,2,0,0,1,0,1,NA,3,3,0,"Y","Y",96
"DOLPHD-904","F",6,"Local","MultiPass",10,6,0,0,1,1,1,1,1,0,0,NA,2,4,1,"N","N",116
"DOLPHD-9043","F",19,"Local","SinglePass",10,11,1,0,0,1,0,1,0,0,1,NA,2,4,0,"N","N",71
"DOLPHD-9044","F",13,"Overseas","SinglePass",10,11,0,0,1,1,0,0,0,0,1,NA,2,3,0,"N","N",71
"DOLPHD-9046","F",14,"Local","SinglePass",10,11,1,0,0,2,0,0,1,0,1,NA,2,3,0,"Y","Y",96
"DOLPHD-9047","F",16,"Overseas","SinglePass",10,11,1,0,0,2,0,1,0,0,1,NA,2,3,0,"N","N",71
"DOLPHD-9048","F",18,"Local","MultiPass",10,11,0,0,1,1,1,0,1,0,1,NA,3,3,0,"N","N",121
"DOLPHD-905","M",9,"Local","MultiPass",10,7,0,0,1,1,1,1,1,0,3,NA,2,2,1,"N","Y",117
"DOLPHD-9051","F",15,"Local","SinglePass",10,11,1,0,0,2,1,1,0,0,1,NA,4,4,0,"N","N",121
"DOLPHD-9053","F",19,"Overseas","SinglePass",10,11,1,0,1,2,0,1,0,0,1,NA,2,4,0,"N","N",121
"DOLPHD-9054","F",15,"Local","SinglePass",10,11,0,0,1,1,1,1,0,0,1,NA,2,3,0,"N","N",121
"DOLPHD-9056","F",15,"Overseas","MultiPass",10,11,1,0,0,2,0,1,1,0,1,NA,3,3,0,"N","N",121
"DOLPHD-9058","F",15,"Local","SinglePass",10,11,0,0,0,1,0,1,0,0,1,NA,4,4,0,"Y","Y",46
"DOLPHD-906","M",14,"Overseas","SinglePass",15,5,1,0,0,0,0,1,0,0,0,NA,4,3,1,"N","N",70
"DOLPHD-9060","F",16,"Local","SinglePass",10,11,1,1,0,1,0,0,0,0,1,NA,4,4,0,"N","N",71
"DOLPHD-9062","F",17,"Overseas","MultiPass",10,11,1,1,0,1,0,1,0,0,1,NA,2,3,0,"N","N",121
"DOLPHD-9064","F",17,"Local","SinglePass",10,11,1,0,0,1,1,0,1,0,1,NA,3,4,0,"N","N",96
"DOLPHD-907","F",6,"Local","SinglePass",10,7,0,0,1,0,1,1,1,0,0,NA,2,3,1,"N","N",117
"DOLPHD-9070","F",15,"Local","MultiPass",10,11,1,0,0,1,0,0,0,0,1,NA,4,4,0,"N","Y",121
"DOLPHD-9075","F",19,"Local","SinglePass",10,11,1,0,0,2,1,0,0,0,1,NA,3,3,0,"N","N",71
"DOLPHD-9077","F",16,"Overseas","MultiPass",10,11,0,1,1,1,0,1,0,0,1,NA,3,4,0,"N","N",121
"DOLPHD-9078","F",17,"Local","SinglePass",10,11,0,0,0,2,0,1,0,0,1,NA,4,3,0,"N","N",71
"DOLPHD-908","M",7,"Local","SinglePass",10,5,0,0,1,1,1,0,1,0,0,NA,3,3,1,"N","N",115
"DOLPHD-9081","F",13,"Local","SinglePass",10,11,0,0,1,1,0,1,0,0,1,NA,4,3,0,"N","N",96
"DOLPHD-9086","F",16,"Overseas","SinglePass",10,11,0,1,0,2,0,0,1,0,1,NA,3,4,0,"N","N",71
"DOLPHD-9087","F",15,"Local","MultiPass",10,11,0,0,0,2,1,0,1,0,1,NA,4,3,0,"N","N",121
"DOLPHD-9088","F",15,"Local","SinglePass",10,11,1,0,0,2,0,1,1,0,1,NA,2,3,0,"N","N",96
"DOLPHD-909","M",10,"Overseas","SinglePass",10,8,0,0,0,1,1,0,0,0,2,NA,2,1,1,"N","N",68
"DOLPHD-9091","F",17,"Local","MultiPass",10,11,1,0,0,2,0,0,0,0,1,NA,2,4,0,"N","N",121
"DOLPHD-9092","F",19,"Overseas","SinglePass",10,11,1,0,0,1,1,1,0,0,1,NA,2,3,0,"N","N",96
"DOLPHD-9097","F",17,"Local","MultiPass",10,11,0,0,0,1,0,0,0,0,1,NA,2,4,0,"N","N",121
"DOLPHD-9098","F",18,"Overseas","MultiPass",10,11,1,0,0,2,1,0,1,0,1,NA,3,4,0,"Y","Y",121
"DOLPHD-9099","F",16,"Local","SinglePass",10,11,1,0,0,1,0,1,0,0,1,NA,3,4,0,"N","N",96
"DOLPHD-910","F",14,"Local","MultiPass",15,8,1,0,0,0,0,0,0,0,2,NA,2,1,1,"N","N",123
"DOLPHD-9100","F",17,"Local","SinglePass",10,11,1,1,0,2,0,1,1,0,1,NA,4,3,0,"N","N",146
"DOLPHD-9102","F",18,"Local","SinglePass",10,11,0,1,0,2,1,0,1,0,1,NA,3,4,0,"N","Y",96
"DOLPHD-9107","F",14,"Overseas","SinglePass",10,11,1,0,1,1,0,1,0,0,1,NA,3,3,0,"N","Y",96
"DOLPHD-9108","F",17,"Local","MultiPass",10,11,1,1,0,2,0,1,0,0,1,NA,2,4,0,"N","N",121
"DOLPHD-9109","F",14,"Local","SinglePass",10,11,1,0,0,2,1,0,1,0,1,NA,3,3,0,"N","N",96
"DOLPHD-911","M",14,"Local","MultiPass",31,7,1,0,0,0,0,0,0,0,0,NA,4,4,1,"N","N",138
"DOLPHD-9110","F",13,"Overseas","SinglePass",10,11,1,0,0,2,0,1,0,0,1,NA,4,3,0,"N","N",96
"DOLPHD-9111","F",14,"Local","MultiPass",10,11,1,0,0,1,0,1,1,0,1,NA,2,4,0,"N","N",121
"DOLPHD-9114","F",13,"Local","SinglePass",10,11,1,1,1,1,1,0,1,0,1,NA,3,4,0,"N","N",171
"DOLPHD-9116","F",17,"Overseas","SinglePass",10,11,1,0,1,1,0,0,0,0,1,NA,2,4,0,"N","Y",71
"DOLPHD-912","M",10,"Overseas","SinglePass",10,10,0,0,0,0,1,0,0,0,0,NA,3,4,1,"N","N",45
"DOLPHD-9120","F",13,"Local","SinglePass",10,11,1,1,1,1,1,1,0,0,1,NA,4,4,0,"N","N",171
"DOLPHD-9121","F",16,"Local","SinglePass",10,11,0,0,0,1,0,0,0,0,1,NA,3,3,0,"N","N",46
"DOLPHD-9126","F",15,"Local","MultiPass",10,11,1,0,0,1,0,0,1,0,1,NA,3,4,0,"N","N",121
"DOLPHD-9129","F",19,"Local","MultiPass",10,11,1,0,1,1,0,0,1,0,1,NA,2,4,0,"Y","Y",121
"DOLPHD-913","F",8,"Local","SinglePass",10,8,0,0,1,0,1,0,1,0,0,NA,3,4,1,"N","N",93
"DOLPHD-9131","F",15,"Overseas","SinglePass",10,11,0,0,0,1,0,0,0,0,1,NA,3,3,0,"Y","Y",21
"DOLPHD-9133","F",16,"Local","MultiPass",10,11,1,0,0,2,1,1,0,0,1,NA,3,4,0,"N","N",121
"DOLPHD-9135","F",19,"Local","SinglePass",10,11,0,0,0,2,1,1,0,0,1,NA,3,3,0,"N","N",71
"DOLPHD-9138","F",15,"Local","SinglePass",10,11,1,1,1,2,0,0,0,0,1,NA,2,3,0,"N","N",96
"DOLPHD-914","M",6,"Local","SinglePass",10,7,0,0,1,0,1,1,1,0,3,NA,3,1,1,"N","N",117
"DOLPHD-9140","F",16,"Overseas","MultiPass",10,11,0,0,1,2,0,1,0,0,1,NA,2,4,0,"N","N",121
"DOLPHD-9141","F",19,"Local","SinglePass",10,11,1,0,1,1,1,0,1,0,1,NA,2,3,0,"N","N",121
"DOLPHD-9142","F",18,"Local","SinglePass",10,11,0,0,0,2,1,1,0,0,1,NA,2,3,0,"N","N",71
"DOLPHD-9143","F",16,"Overseas","MultiPass",10,11,1,0,1,1,0,0,0,0,1,NA,3,4,0,"N","N",121
"DOLPHD-9145","F",13,"Local","SinglePass",10,11,0,0,0,1,0,0,1,0,1,NA,2,4,0,"N","N",71
"DOLPHD-9146","F",14,"Overseas","MultiPass",10,11,1,0,0,1,0,1,0,0,1,NA,4,4,0,"N","N",121
"DOLPHD-9147","F",16,"Local","MultiPass",10,11,1,0,0,1,0,1,0,0,1,NA,4,3,0,"N","N",121
"DOLPHD-9149","F",16,"Overseas","SinglePass",10,11,1,0,0,1,0,0,0,0,1,NA,3,4,0,"N","N",71
"DOLPHD-915","M",14,"Overseas","SinglePass",16,4,1,0,0,1,0,0,0,0,3,NA,3,2,1,"N","N",70
"DOLPHD-9151","F",14,"Local","SinglePass",10,11,1,0,0,1,0,1,1,0,1,NA,2,4,0,"Y","Y",121
"DOLPHD-9153","F",18,"Local","MultiPass",10,11,1,0,0,1,0,0,0,0,1,NA,2,3,0,"Y","Y",121
"DOLPHD-9154","F",15,"Local","MultiPass",10,11,1,0,1,1,0,0,0,0,1,NA,3,4,0,"N","N",121
"DOLPHD-9155","F",13,"Overseas","SinglePass",10,11,1,0,0,2,0,1,0,0,1,NA,4,4,0,"N","Y",71
"DOLPHD-916","F",13,"Local","MultiPass",34,4,1,0,0,0,1,0,0,0,0,NA,3,4,1,"N","N",138
"DOLPHD-9160","F",13,"Local","MultiPass",10,11,0,0,0,1,0,1,1,0,1,NA,4,4,0,"N","N",121
"DOLPHD-9161","F",17,"Overseas","MultiPass",10,11,1,0,0,1,0,1,0,0,1,NA,2,4,0,"N","N",121
"DOLPHD-9166","F",16,"Local","SinglePass",10,11,1,1,1,1,0,1,0,0,1,NA,2,4,0,"N","N",146
"DOLPHD-9167","F",18,"Overseas","MultiPass",10,11,1,0,0,1,0,0,0,0,1,NA,4,3,0,"N","N",121
"DOLPHD-917","M",9,"Local","MultiPass",10,10,0,0,1,0,1,0,1,0,2,NA,3,2,1,"N","N",120
"DOLPHD-9170","F",13,"Overseas","SinglePass",10,11,1,0,0,1,0,1,0,0,1,NA,4,4,0,"N","Y",96
"DOLPHD-9172","F",18,"Local","SinglePass",10,11,1,1,1,1,0,1,1,0,1,NA,3,4,0,"N","N",171
"DOLPHD-9173","F",16,"Overseas","SinglePass",10,11,0,0,0,2,1,1,1,0,1,NA,3,3,0,"N","N",121
"DOLPHD-9176","F",13,"Overseas","SinglePass",10,11,1,0,1,1,0,0,0,0,1,NA,2,3,0,"N","N",96
"DOLPHD-9177","F",17,"Local","SinglePass",10,11,0,0,1,2,0,1,1,0,1,NA,3,3,0,"N","N",121
"DOLPHD-9179","F",19,"Overseas","SinglePass",10,11,1,0,0,1,0,0,0,0,1,NA,2,3,0,"N","N",46
"DOLPHD-918","M",13,"Overseas","SinglePass",35,4,1,0,0,0,1,0,0,0,0,NA,2,4,1,"N","N",89
"DOLPHD-9180","F",18,"Local","SinglePass",10,11,1,0,0,1,0,1,0,0,1,NA,2,4,0,"N","N",96
"DOLPHD-9182","F",19,"Overseas","MultiPass",10,11,1,0,0,2,1,1,0,0,1,NA,3,4,0,"N","N",121
"DOLPHD-9183","F",18,"Local","SinglePass",10,11,0,0,1,2,0,1,1,0,1,NA,2,3,0,"Y","Y",121
"DOLPHD-9184","F",14,"Local","SinglePass",10,11,1,0,1,1,1,1,1,0,1,NA,2,4,0,"N","N",171
"DOLPHD-9187","F",14,"Local","SinglePass",10,11,0,0,0,2,1,0,1,0,1,NA,3,4,0,"Y","Y",96
"DOLPHD-9189","F",17,"Local","MultiPass",10,11,0,0,0,1,0,0,0,0,1,NA,2,4,0,"N","N",121
"DOLPHD-919","F",11,"Local","SinglePass",10,7,0,0,0,1,1,1,0,0,0,NA,4,3,1,"N","N",92
"DOLPHD-9190","F",16,"Local","SinglePass",10,11,1,0,1,2,0,0,0,0,1,NA,3,4,0,"N","N",96
"DOLPHD-9191","F",17,"Overseas","SinglePass",10,11,1,0,1,2,1,1,0,0,1,NA,3,3,0,"N","N",121
"DOLPHD-9193","F",14,"Local","SinglePass",10,11,1,0,1,2,0,0,1,0,1,NA,2,4,0,"N","N",121
"DOLPHD-9198","F",15,"Local","SinglePass",10,11,0,0,0,1,0,0,0,0,1,NA,3,3,0,"N","N",21
"DOLPHD-920","M",7,"Local","SinglePass",10,4,0,0,1,0,1,0,1,0,0,NA,3,3,1,"N","N",89
"DOLPHD-9202","F",17,"Local","MultiPass",10,11,0,0,0,2,0,0,1,0,1,NA,2,3,0,"N","N",121
"DOLPHD-9203","F",18,"Overseas","MultiPass",10,11,1,0,1,1,0,1,1,0,1,NA,2,3,0,"N","N",121
"DOLPHD-9204","F",19,"Local","SinglePass",10,11,1,1,0,2,0,0,0,0,1,NA,2,4,0,"N","N",71
"DOLPHD-9206","F",13,"Overseas","MultiPass",10,11,0,0,0,2,1,1,1,0,1,NA,3,3,0,"N","N",121
"DOLPHD-9208","F",17,"Local","SinglePass",10,11,1,0,0,1,1,0,0,0,1,NA,3,4,0,"N","N",71
"DOLPHD-9209","F",18,"Overseas","MultiPass",10,11,1,0,0,2,1,0,0,0,1,NA,2,3,0,"N","N",121
"DOLPHD-921","M",8,"Overseas","SinglePass",10,7,0,0,1,1,1,1,1,0,2,NA,4,1,1,"N","N",142
"DOLPHD-9211","F",15,"Local","SinglePass",10,11,0,0,0,1,0,1,0,0,1,NA,4,4,0,"N","N",71
"DOLPHD-9212","F",15,"Overseas","SinglePass",10,11,0,0,1,1,0,1,1,0,1,NA,3,3,0,"Y","Y",96
"DOLPHD-9219","F",13,"Local","SinglePass",10,11,1,0,0,1,0,0,0,0,1,NA,3,3,0,"N","N",71
"DOLPHD-922","F",12,"Local","MultiPass",19,9,1,0,0,0,1,0,0,0,0,NA,4,3,1,"N","N",128
"DOLPHD-9220","F",18,"Local","MultiPass",10,11,1,0,0,2,0,1,1,0,1,NA,2,3,0,"N","Y",121
"DOLPHD-9221","F",14,"Overseas","SinglePass",10,11,1,0,1,1,0,0,0,0,1,NA,4,4,0,"N","N",71
"DOLPHD-9224","F",17,"Overseas","MultiPass",10,11,1,0,0,1,0,0,0,0,1,NA,4,3,0,"N","N",121
"DOLPHD-9227","F",17,"Overseas","MultiPass",10,11,1,0,0,2,0,0,1,0,1,NA,2,3,0,"N","N",121
"DOLPHD-923","M",6,"Local","MultiPass",10,6,0,0,1,0,1,1,1,0,0,NA,4,4,1,"Y","Y",116
"DOLPHD-9230","F",19,"Overseas","MultiPass",10,11,0,0,0,2,0,0,0,0,1,NA,3,3,0,"N","N",121
"DOLPHD-9232","F",16,"Local","SinglePass",10,11,0,0,0,2,0,0,1,0,1,NA,4,3,0,"N","N",71
"DOLPHD-9235","F",14,"Local","SinglePass",10,11,1,0,0,1,0,1,1,0,1,NA,2,4,0,"N","Y",121
"DOLPHD-9237","F",16,"Local","MultiPass",10,11,0,0,0,2,1,1,1,0,1,NA,3,4,0,"N","N",121
"DOLPHD-924","M",10,"Overseas","SinglePass",10,4,0,0,0,1,1,0,0,0,0,NA,3,3,1,"N","Y",64
"DOLPHD-9241","F",18,"Local","MultiPass",10,11,1,1,0,2,0,1,0,0,1,NA,4,4,0,"N","N",121
"DOLPHD-9244","F",18,"Local","MultiPass",10,11,1,0,0,2,1,0,0,0,1,NA,2,3,0,"N","Y",121
"DOLPHD-9247","F",19,"Local","SinglePass",10,11,0,0,0,1,1,0,0,0,1,NA,2,3,0,"N","N",71
"DOLPHD-9248","F",15,"Overseas","MultiPass",10,11,0,0,0,2,1,1,0,0,1,NA,3,3,0,"N","N",121
"DOLPHD-925","F",9,"Local","SinglePass",10,10,0,0,1,1,1,0,1,0,2,NA,2,1,1,"N","N",120
"DOLPHD-9251","F",18,"Overseas","MultiPass",10,11,1,1,0,1,0,0,0,0,1,NA,4,3,0,"N","N",121
"DOLPHD-9252","F",16,"Local","MultiPass",10,11,1,0,0,1,1,0,0,0,1,NA,2,3,0,"N","Y",121
"DOLPHD-9253","F",16,"Local","SinglePass",10,11,0,0,1,1,0,1,0,0,1,NA,4,4,0,"N","N",71
"DOLPHD-9256","F",17,"Local","SinglePass",10,11,1,1,0,2,0,1,0,0,1,NA,4,3,0,"N","N",96
"DOLPHD-9257","F",13,"Overseas","SinglePass",10,11,0,0,0,1,0,0,1,0,1,NA,2,3,0,"N","N",71
"DOLPHD-9259","F",14,"Local","MultiPass",10,11,0,0,1,1,0,1,1,0,1,NA,4,4,0,"N","N",121
"DOLPHD-926","M",12,"Local","SinglePass",16,7,1,0,0,1,1,0,0,0,2,NA,2,2,1,"N","Y",98
"DOLPHD-9260","F",15,"Overseas","SinglePass",10,11,0,0,1,2,0,0,0,0,1,NA,3,4,0,"N","Y",71
"DOLPHD-9261","F",19,"Local","SinglePass",10,11,1,1,1,2,0,1,1,0,1,NA,2,3,0,"Y","Y",171
"DOLPHD-9265","F",18,"Local","MultiPass",10,11,1,0,0,1,0,1,0,0,1,NA,4,4,0,"Y","N",121
"DOLPHD-9267","F",13,"Local","SinglePass",10,11,1,0,0,1,0,1,0,0,1,NA,2,4,0,"N","N",71
"DOLPHD-9269","F",14,"Overseas","MultiPass",10,11,1,0,0,1,0,0,0,0,1,NA,4,4,0,"N","Y",121
"DOLPHD-927","M",14,"Overseas","SinglePass",12,6,1,0,0,1,0,1,0,0,0,NA,2,4,1,"N","N",93
"DOLPHD-9270","F",15,"Local","SinglePass",10,11,1,0,0,1,0,1,0,0,1,NA,4,4,0,"N","N",96
"DOLPHD-9271","F",19,"Local","SinglePass",10,11,1,0,0,2,0,1,0,0,1,NA,4,3,0,"N","N",71
"DOLPHD-9274","F",16,"Local","SinglePass",10,11,0,1,0,1,0,0,0,0,1,NA,4,3,0,"N","Y",71
"DOLPHD-9275","F",19,"Overseas","SinglePass",10,11,1,1,1,2,0,1,0,0,1,NA,2,4,0,"N","N",146
"DOLPHD-928","F",8,"Local","MultiPass",10,10,0,0,1,0,1,0,1,0,0,NA,3,4,1,"N","N",120
"DOLPHD-9285","F",15,"Local","SinglePass",10,11,0,0,0,1,0,1,0,0,1,NA,3,3,0,"N","N",46
"DOLPHD-9286","F",16,"Local","MultiPass",10,11,1,0,1,2,1,0,1,0,1,NA,2,4,0,"N","Y",121
"DOLPHD-9287","F",15,"Overseas","MultiPass",10,11,1,0,0,2,0,0,0,0,1,NA,2,4,0,"N","Y",121
"DOLPHD-9288","F",15,"Local","SinglePass",10,11,0,0,1,2,1,0,1,0,1,NA,3,4,0,"Y","Y",96
"DOLPHD-929","M",10,"Local","MultiPass",10,8,0,0,0,1,1,0,0,0,3,NA,3,2,1,"N","N",118
"DOLPHD-9293","F",14,"Overseas","MultiPass",10,11,1,1,0,2,1,1,0,0,1,NA,4,3,0,"N","N",121
"DOLPHD-9296","F",13,"Overseas","SinglePass",10,11,1,0,0,2,0,1,0,0,1,NA,2,4,0,"N","N",96
"DOLPHD-9297","F",17,"Local","MultiPass",10,11,1,0,1,1,0,0,1,0,1,NA,3,3,0,"N","N",121
"DOLPHD-9298","F",19,"Local","SinglePass",10,11,1,0,0,2,0,1,0,0,1,NA,2,3,0,"N","N",71
"DOLPHD-9299","F",13,"Overseas","SinglePass",10,11,1,0,0,1,0,0,0,0,1,NA,2,4,0,"N","N",71
"DOLPHD-930","M",14,"Overseas","SinglePass",23,10,1,0,0,1,0,0,0,0,3,NA,2,2,1,"N","N",83
"DOLPHD-9300","F",17,"Local","MultiPass",10,11,1,0,0,1,0,1,0,0,1,NA,3,3,0,"Y","Y",121
"DOLPHD-9301","F",15,"Local","MultiPass",10,11,1,1,0,1,0,1,0,0,1,NA,2,3,0,"N","N",121
"DOLPHD-9303","F",18,"Local","SinglePass",10,11,1,1,0,2,0,1,1,0,1,NA,3,4,0,"N","N",146
"DOLPHD-9304","F",15,"Local","MultiPass",10,11,1,0,0,1,1,0,1,0,1,NA,4,3,0,"Y","Y",121
"DOLPHD-9305","F",18,"Overseas","SinglePass",10,11,1,0,0,2,0,0,1,0,1,NA,2,4,0,"Y","Y",71
"DOLPHD-9306","F",19,"Local","SinglePass",10,11,0,1,1,1,0,0,0,0,1,NA,4,4,0,"Y","Y",96
"DOLPHD-9307","F",15,"Local","MultiPass",10,11,1,0,0,1,1,0,1,0,1,NA,3,3,0,"Y","Y",121
"DOLPHD-931","F",13,"Local","SinglePass",16,7,1,0,0,1,1,0,0,0,0,NA,2,3,1,"N","N",98
"DOLPHD-9315","F",17,"Local","MultiPass",10,11,1,0,1,2,0,1,0,0,1,NA,2,4,0,"N","N",121
"DOLPHD-9316","F",18,"Local","SinglePass",10,11,1,1,1,2,1,0,1,0,1,NA,4,3,0,"N","N",146
"DOLPHD-9318","F",14,"Local","MultiPass",10,11,0,0,0,1,0,1,1,0,1,NA,3,3,0,"N","N",121
"DOLPHD-932","M",7,"Local","SinglePass",10,9,0,0,1,0,1,0,1,0,0,NA,4,3,1,"Y","Y",94
"DOLPHD-9322","F",13,"Local","MultiPass",10,11,1,0,0,1,0,1,0,0,1,NA,4,3,0,"N","N",121
"DOLPHD-9325","F",16,"Local","MultiPass",10,11,1,0,0,2,0,1,1,0,1,NA,2,3,0,"Y","Y",121
"DOLPHD-9327","F",19,"Local","SinglePass",10,11,0,1,1,2,0,1,0,0,1,NA,2,3,0,"N","N",96
"DOLPHD-933","M",7,"Overseas","SinglePass",10,6,0,0,1,1,1,1,1,0,0,NA,2,4,1,"N","Y",141
"DOLPHD-9332","F",19,"Overseas","MultiPass",10,11,0,0,0,1,0,1,1,0,1,NA,4,3,0,"N","N",121
"DOLPHD-9336","F",14,"Local","MultiPass",10,11,1,0,0,2,1,1,1,0,1,NA,3,3,0,"N","Y",121
"DOLPHD-934","F",11,"Local","MultiPass",10,9,0,0,0,1,1,0,0,0,0,NA,2,4,1,"N","N",119
"DOLPHD-9344","F",14,"Overseas","SinglePass",10,11,0,0,0,2,0,0,1,0,1,NA,3,4,0,"N","Y",46
"DOLPHD-9347","F",19,"Overseas","SinglePass",10,11,1,0,0,1,0,1,0,0,1,NA,3,4,0,"N","N",96
"DOLPHD-935","M",7,"Local","MultiPass",10,6,0,0,1,1,1,1,1,0,0,NA,2,4,1,"N","N",116
"DOLPHD-9350","F",15,"Overseas","MultiPass",10,11,1,0,0,2,0,0,0,0,1,NA,2,4,0,"Y","Y",121
"DOLPHD-9351","F",15,"Local","SinglePass",10,11,1,1,0,2,0,0,0,0,1,NA,4,3,0,"Y","Y",71
"DOLPHD-9355","F",15,"Local","SinglePass",10,11,0,0,0,2,0,0,0,0,1,NA,4,4,0,"N","N",46
"DOLPHD-9356","F",16,"Overseas","MultiPass",10,11,1,0,1,1,0,0,1,0,1,NA,3,3,0,"N","N",121
"DOLPHD-9358","F",17,"Local","SinglePass",10,11,1,0,0,1,1,1,0,0,1,NA,2,4,0,"N","N",96
"DOLPHD-936","M",11,"Overseas","SinglePass",10,7,0,0,0,0,1,1,0,0,2,NA,3,1,1,"N","Y",67
"DOLPHD-9361","F",18,"Local","SinglePass",10,11,0,0,1,2,1,1,0,0,1,NA,2,3,0,"N","N",121
"DOLPHD-9362","F",17,"Overseas","SinglePass",10,11,1,1,1,2,0,0,0,0,1,NA,2,4,0,"N","N",96
"DOLPHD-9363","F",18,"Local","MultiPass",10,11,0,0,0,2,0,1,0,0,1,NA,3,3,0,"Y","Y",121
"DOLPHD-9364","F",14,"Local","MultiPass",10,11,1,1,0,2,0,0,0,0,1,NA,4,4,0,"N","N",121
"DOLPHD-9365","F",19,"Overseas","SinglePass",10,11,1,0,0,1,1,0,1,0,1,NA,2,4,0,"N","N",121
"DOLPHD-9369","F",13,"Local","SinglePass",10,11,1,1,1,1,0,1,0,0,1,NA,3,4,0,"N","N",121
"DOLPHD-937","F",12,"Local","SinglePass",22,6,1,0,0,0,1,1,0,0,0,NA,4,4,1,"N","N",103
"DOLPHD-9371","F",14,"Overseas","MultiPass",10,11,0,1,0,1,1,1,0,0,1,NA,4,3,0,"N","Y",121
"DOLPHD-9372","F",19,"Local","SinglePass",10,11,1,1,0,2,1,1,0,0,1,NA,2,4,0,"N","N",121
"DOLPHD-9374","F",14,"Overseas","MultiPass",10,11,1,0,1,2,1,0,0,0,1,NA,4,3,0,"N","N",121
"DOLPHD-9376","F",18,"Local","SinglePass",10,11,1,1,1,2,1,1,0,0,1,NA,4,4,0,"N","N",171
"DOLPHD-9378","F",18,"Local","MultiPass",10,11,1,0,1,2,0,0,0,0,1,NA,4,4,0,"N","N",121
"DOLPHD-9379","F",19,"Local","SinglePass",10,11,0,0,1,2,0,1,1,0,1,NA,2,3,0,"N","N",121
"DOLPHD-938","M",7,"Local","SinglePass",10,4,0,0,1,0,1,1,1,0,0,NA,3,3,1,"N","N",114
"DOLPHD-9383","F",14,"Overseas","SinglePass",10,11,1,0,1,1,0,0,0,0,1,NA,3,4,0,"N","N",71
"DOLPHD-9385","F",13,"Local","MultiPass",10,11,1,0,0,2,1,1,1,0,1,NA,3,3,0,"Y","Y",121
"DOLPHD-9386","F",14,"Overseas","SinglePass",10,11,0,0,1,1,0,0,0,0,1,NA,4,4,0,"Y","Y",46
"DOLPHD-9388","F",18,"Local","MultiPass",10,11,0,1,0,2,0,0,0,0,1,NA,4,3,0,"N","N",121
"DOLPHD-9389","F",15,"Overseas","SinglePass",10,11,1,0,1,1,0,0,0,0,1,NA,2,4,0,"N","N",71
"DOLPHD-939","M",6,"Overseas","SinglePass",10,8,0,0,1,1,1,1,1,0,0,NA,3,3,1,"N","N",143
"DOLPHD-9390","F",15,"Local","SinglePass",10,11,1,1,0,2,0,0,1,0,1,NA,2,3,0,"N","N",96
"DOLPHD-9392","F",16,"Overseas","MultiPass",10,11,1,0,0,1,0,0,0,0,1,NA,4,4,0,"N","N",121
"DOLPHD-9393","F",13,"Local","SinglePass",10,11,1,0,0,2,0,0,1,0,1,NA,2,3,0,"N","N",96
"DOLPHD-9397","F",17,"Local","SinglePass",10,11,1,0,0,1,0,1,0,0,1,NA,3,4,0,"Y","Y",96
"DOLPHD-9398","F",14,"Overseas","MultiPass",10,11,0,0,0,2,0,1,0,0,1,NA,3,4,0,"N","N",121
"DOLPHD-9399","F",19,"Local","MultiPass",10,11,1,0,1,2,0,1,0,0,1,NA,3,4,0,"N","N",121
"DOLPHD-940","F",7,"Local","MultiPass",10,10,0,0,1,0,1,0,1,0,0,NA,2,3,1,"N","N",120
"DOLPHD-9402","F",18,"Local","MultiPass",10,11,0,0,1,2,0,0,1,0,1,NA,4,4,0,"N","N",121
"DOLPHD-9403","F",14,"Local","SinglePass",10,11,1,0,0,2,0,1,0,0,1,NA,4,3,0,"N","N",71
"DOLPHD-9407","F",15,"Overseas","SinglePass",10,11,0,0,1,1,0,0,0,0,1,NA,4,3,0,"N","N",71
"DOLPHD-9408","F",19,"Local","SinglePass",10,11,1,0,0,1,0,1,1,0,1,NA,3,3,0,"N","N",121
"DOLPHD-941","M",9,"Local","MultiPass",10,6,0,0,1,1,1,0,1,0,0,NA,2,4,1,"Y","Y",116
"DOLPHD-9410","F",17,"Overseas","SinglePass",10,11,1,0,1,1,0,0,1,0,1,NA,2,3,0,"N","N",121
"DOLPHD-9411","F",18,"Local","SinglePass",10,11,0,0,0,1,0,1,0,0,1,NA,2,3,0,"N","N",71
"DOLPHD-9414","F",19,"Local","SinglePass",10,11,0,0,1,1,0,0,0,0,1,NA,2,4,0,"Y","Y",71
"DOLPHD-9415","F",18,"Local","SinglePass",10,11,0,0,1,1,1,1,1,0,1,NA,3,4,0,"N","N",146
"DOLPHD-9416","F",19,"Overseas","MultiPass",10,11,1,0,0,2,0,0,0,0,1,NA,2,3,0,"Y","Y",121
"DOLPHD-9417","F",15,"Local","SinglePass",10,11,0,1,0,2,0,1,1,0,1,NA,3,4,0,"N","N",96
"DOLPHD-9419","F",16,"Overseas","MultiPass",10,11,0,1,0,1,0,0,0,0,1,NA,3,4,0,"N","N",121
"DOLPHD-942","M",9,"Overseas","SinglePass",10,7,0,0,1,1,1,1,1,0,3,NA,4,1,1,"N","Y",142
"DOLPHD-9423","F",15,"Local","MultiPass",10,11,0,0,0,2,0,0,0,0,1,NA,2,4,0,"N","N",121
"DOLPHD-9424","F",13,"Local","SinglePass",10,11,1,0,1,1,1,0,0,0,1,NA,4,4,0,"N","N",121
"DOLPHD-9425","F",13,"Overseas","SinglePass",10,11,1,0,0,1,0,0,1,0,1,NA,2,3,0,"N","N",96
"DOLPHD-9426","F",16,"Local","MultiPass",10,11,1,0,0,2,0,0,1,0,1,NA,4,3,0,"N","N",121
"DOLPHD-9429","F",19,"Local","SinglePass",10,11,0,0,0,1,0,1,0,0,1,NA,2,4,0,"N","N",71
"DOLPHD-943","F",13,"Local","SinglePass",14,5,1,0,0,1,1,1,0,0,0,NA,3,3,1,"Y","Y",119
"DOLPHD-9432","F",18,"Local","SinglePass",10,11,0,0,0,1,1,0,0,0,1,NA,2,3,0,"N","N",71
"DOLPHD-9433","F",16,"Local","MultiPass",10,11,0,0,1,1,0,0,1,0,1,NA,3,3,0,"N","N",121
"DOLPHD-9434","F",14,"Overseas","MultiPass",10,11,1,0,0,1,0,1,0,0,1,NA,3,4,0,"N","N",121
"DOLPHD-9435","F",15,"Local","SinglePass",10,11,0,1,0,1,0,1,0,0,1,NA,4,4,0,"N","N",71
"DOLPHD-9436","F",16,"Local","SinglePass",10,11,1,0,1,1,0,0,0,0,1,NA,3,3,0,"N","Y",71
"DOLPHD-9437","F",13,"Overseas","MultiPass",10,11,1,0,0,2,0,0,0,0,1,NA,2,3,0,"N","Y",121
"DOLPHD-9438","F",15,"Local","SinglePass",10,11,1,0,0,1,1,0,0,0,1,NA,4,3,0,"N","Y",96
"DOLPHD-9439","F",17,"Local","SinglePass",10,11,1,0,0,2,0,0,1,0,1,NA,2,4,0,"N","N",96
"DOLPHD-944","M",6,"Local","SinglePass",10,10,0,0,1,1,1,0,1,0,3,NA,4,2,1,"N","N",120
"DOLPHD-9449","F",17,"Overseas","SinglePass",10,11,1,0,1,1,0,1,0,0,1,NA,3,3,0,"N","N",96
"DOLPHD-945","M",14,"Overseas","SinglePass",22,9,1,0,0,1,0,0,0,0,3,NA,4,1,1,"N","N",81
"DOLPHD-9452","F",15,"Overseas","SinglePass",10,11,0,1,0,1,0,0,0,0,1,NA,2,4,0,"N","N",46
"DOLPHD-9454","F",19,"Local","MultiPass",10,11,1,1,0,2,0,1,0,0,1,NA,3,3,0,"Y","Y",121
"DOLPHD-9455","F",14,"Overseas","MultiPass",10,11,0,0,0,1,0,0,0,0,1,NA,3,4,0,"N","N",121
"DOLPHD-9456","F",19,"Local","SinglePass",10,11,0,0,0,2,0,1,0,0,1,NA,4,4,0,"Y","Y",46
"DOLPHD-9457","F",19,"Local","SinglePass",10,11,0,1,1,1,0,0,0,0,1,NA,3,4,0,"N","Y",96
"DOLPHD-9459","F",18,"Local","SinglePass",10,11,0,0,0,1,0,1,0,0,1,NA,3,3,0,"N","N",71
"DOLPHD-946","F",13,"Local","MultiPass",17,8,1,0,0,0,1,0,0,0,0,NA,2,3,1,"Y","N",125
"DOLPHD-9463","F",16,"Local","SinglePass",10,11,0,0,0,1,0,0,0,0,1,NA,3,4,0,"N","N",46
"DOLPHD-9466","F",18,"Local","SinglePass",10,11,1,0,1,2,0,0,0,0,1,NA,4,3,0,"N","Y",71
"DOLPHD-947","M",6,"Local","MultiPass",10,7,0,0,1,0,1,0,1,0,0,NA,4,4,1,"Y","Y",117
"DOLPHD-9471","F",17,"Local","SinglePass",10,11,0,0,1,1,0,1,1,0,1,NA,2,3,0,"N","N",121
"DOLPHD-9472","F",18,"Local","MultiPass",10,11,1,1,1,1,1,0,1,0,1,NA,2,4,0,"N","Y",121
"DOLPHD-9475","F",19,"Local","MultiPass",10,11,0,0,0,1,0,1,0,0,1,NA,4,3,0,"N","N",121
"DOLPHD-948","M",8,"Overseas","SinglePass",10,4,0,0,1,0,1,1,1,0,0,NA,4,3,1,"N","Y",114
"DOLPHD-9480","F",16,"Local","SinglePass",10,11,1,1,0,2,1,0,1,0,1,NA,3,4,0,"N","N",146
"DOLPHD-9481","F",18,"Local","SinglePass",10,11,0,0,1,2,0,0,0,0,1,NA,4,4,0,"Y","Y",71
"DOLPHD-9484","F",16,"Local","SinglePass",10,11,1,0,0,1,0,1,0,0,1,NA,3,3,0,"N","N",71
"DOLPHD-9486","F",15,"Local","MultiPass",10,11,1,1,1,2,0,0,1,0,1,NA,2,3,0,"N","N",121
"DOLPHD-9487","F",13,"Local","SinglePass",10,11,0,0,0,2,0,0,1,0,1,NA,2,3,0,"Y","Y",71
"DOLPHD-9488","F",17,"Overseas","SinglePass",10,11,1,0,0,1,1,0,0,0,1,NA,2,4,0,"N","N",96
"DOLPHD-949","F",8,"Local","SinglePass",10,8,0,0,1,0,1,1,1,0,0,NA,3,4,1,"N","Y",118
"DOLPHD-9491","F",17,"Overseas","SinglePass",10,11,1,0,1,1,0,0,0,0,1,NA,2,3,0,"N","N",96
"DOLPHD-9495","F",19,"Local","SinglePass",10,11,1,0,0,1,1,1,1,0,1,NA,4,3,0,"Y","N",146
"DOLPHD-9498","F",13,"Local","SinglePass",10,11,0,0,0,2,0,1,0,0,1,NA,4,4,0,"N","Y",71
"DOLPHD-9499","F",19,"Local","SinglePass",10,11,0,0,0,1,0,1,1,0,1,NA,4,4,0,"N","N",96
"DOLPHD-950","M",7,"Local","SinglePass",10,7,0,0,1,1,1,1,1,0,2,NA,3,2,1,"N","Y",142
"DOLPHD-9507","F",19,"Local","MultiPass",10,11,1,0,0,2,0,0,1,0,1,NA,2,3,0,"N","N",121
"DOLPHD-9508","F",18,"Local","SinglePass",10,11,1,0,0,1,0,0,0,0,1,NA,2,3,0,"N","N",71
"DOLPHD-9509","F",18,"Overseas","SinglePass",10,11,1,0,0,1,1,0,0,0,1,NA,3,3,0,"N","N",71
"DOLPHD-951","M",14,"Overseas","SinglePass",12,9,1,0,0,1,0,1,0,0,0,NA,2,4,1,"N","Y",96
"DOLPHD-9510","F",17,"Local","MultiPass",10,11,1,1,0,1,1,0,1,0,1,NA,4,3,0,"N","N",121
"DOLPHD-9513","F",17,"Local","SinglePass",10,11,1,1,1,2,0,1,1,0,1,NA,4,4,0,"N","N",146
"DOLPHD-9517","F",16,"Local","MultiPass",10,11,0,0,0,1,0,1,0,0,1,NA,4,3,0,"Y","Y",121
"DOLPHD-9519","F",16,"Local","SinglePass",10,11,1,0,0,2,0,0,0,0,1,NA,4,4,0,"Y","Y",46
"DOLPHD-952","F",11,"Local","MultiPass",10,5,0,0,0,0,1,0,0,0,3,NA,4,1,1,"N","N",115
"DOLPHD-9520","F",17,"Local","SinglePass",10,11,1,0,1,1,1,1,0,0,1,NA,4,3,0,"N","Y",146
"DOLPHD-9522","F",16,"Local","SinglePass",10,11,0,0,0,1,0,1,1,0,1,NA,3,4,0,"N","Y",96
"DOLPHD-9526","F",14,"Local","SinglePass",10,11,0,1,0,1,1,1,0,0,1,NA,2,4,0,"N","N",96
"DOLPHD-953","M",12,"Local","MultiPass",23,5,1,0,0,1,1,1,0,0,0,NA,4,4,1,"N","N",128
"DOLPHD-9530","F",15,"Overseas","SinglePass",10,11,1,0,1,1,1,0,0,0,1,NA,3,3,0,"Y","Y",121
"DOLPHD-9531","F",17,"Local","MultiPass",10,11,1,1,0,1,1,1,1,0,1,NA,2,4,0,"N","N",121
"DOLPHD-9532","F",17,"Local","MultiPass",10,11,1,0,1,2,0,1,1,0,1,NA,4,3,0,"N","N",121
"DOLPHD-9533","F",19,"Overseas","SinglePass",10,11,1,0,0,1,0,1,1,0,1,NA,2,4,0,"N","N",121
"DOLPHD-9534","F",19,"Local","SinglePass",10,11,0,0,0,2,0,1,0,0,1,NA,2,3,0,"N","N",46
"DOLPHD-9535","F",19,"Local","MultiPass",10,11,0,1,0,2,0,1,1,0,1,NA,4,3,0,"N","N",121
"DOLPHD-954","M",6,"Overseas","SinglePass",10,6,0,0,1,0,1,0,1,0,2,NA,2,2,1,"N","N",91
"DOLPHD-9542","F",19,"Overseas","MultiPass",10,11,1,1,1,2,0,0,1,0,1,NA,3,3,0,"Y","N",121
"DOLPHD-9545","F",14,"Overseas","MultiPass",10,11,1,0,0,1,0,1,0,0,1,NA,4,3,0,"Y","Y",121
"DOLPHD-9549","F",18,"Local","MultiPass",10,11,1,0,0,2,0,1,0,0,1,NA,4,4,0,"Y","Y",121
"DOLPHD-955","F",13,"Local","SinglePass",16,10,1,0,0,0,1,0,0,0,0,NA,3,3,1,"Y","Y",76
"DOLPHD-9550","F",19,"Local","SinglePass",10,11,0,0,0,2,0,1,0,0,1,NA,4,4,0,"Y","Y",46
"DOLPHD-9555","F",17,"Local","SinglePass",10,11,0,0,0,1,0,0,1,0,1,NA,2,4,0,"N","N",46
"DOLPHD-9556","F",18,"Local","MultiPass",10,11,0,0,0,2,0,0,0,0,1,NA,4,4,0,"Y","Y",121
"DOLPHD-9557","F",13,"Overseas","SinglePass",10,11,1,0,1,2,0,1,1,0,1,NA,2,4,0,"N","N",121
"DOLPHD-9558","F",16,"Local","SinglePass",10,11,0,0,1,2,0,0,1,0,1,NA,4,4,0,"N","Y",71
"DOLPHD-9559","F",13,"Local","MultiPass",10,11,1,0,0,2,0,1,0,0,1,NA,3,4,0,"N","N",121
"DOLPHD-956","M",10,"Local","SinglePass",10,6,0,0,0,0,1,1,0,0,0,NA,3,3,1,"N","N",66
"DOLPHD-9560","F",18,"Overseas","MultiPass",10,11,1,0,0,1,0,1,0,0,1,NA,4,4,0,"N","N",121
"DOLPHD-9561","F",14,"Local","SinglePass",10,11,1,0,0,1,1,0,1,0,1,NA,4,4,0,"N","N",96
"DOLPHD-9562","F",13,"Local","SinglePass",10,11,1,1,1,2,0,1,0,0,1,NA,3,3,0,"Y","Y",121
"DOLPHD-9563","F",16,"Overseas","MultiPass",10,11,1,0,0,2,0,0,0,0,1,NA,4,4,0,"Y","N",121
"DOLPHD-9567","F",13,"Local","MultiPass",10,11,1,0,0,1,0,1,1,0,1,NA,2,4,0,"N","N",121
"DOLPHD-957","M",11,"Overseas","SinglePass",10,7,0,0,0,1,1,1,0,0,3,NA,2,2,1,"N","Y",92
"DOLPHD-9570","F",19,"Local","MultiPass",10,11,1,1,1,1,1,1,0,0,1,NA,3,4,0,"N","N",121
"DOLPHD-9572","F",13,"Overseas","SinglePass",10,11,1,0,0,2,0,0,0,0,1,NA,3,3,0,"N","N",71
"DOLPHD-9575","F",18,"Overseas","SinglePass",10,11,0,0,1,1,1,0,0,0,1,NA,4,4,0,"N","N",71
"DOLPHD-9579","F",17,"Local","SinglePass",10,11,0,0,0,1,0,0,1,0,1,NA,2,3,0,"N","N",46
"DOLPHD-958","F",13,"Local","MultiPass",15,10,1,0,0,1,1,1,0,0,3,NA,2,2,1,"N","N",125
"DOLPHD-9580","F",15,"Local","MultiPass",10,11,0,0,1,1,0,0,0,0,1,NA,3,3,0,"N","Y",121
"DOLPHD-9582","F",14,"Local","SinglePass",10,11,0,0,0,2,1,0,1,0,1,NA,3,4,0,"N","N",96
"DOLPHD-9585","F",17,"Local","SinglePass",10,11,1,0,0,2,0,1,1,0,1,NA,2,3,0,"N","N",96
"DOLPHD-9587","F",15,"Overseas","MultiPass",10,11,0,0,0,2,0,0,0,0,1,NA,4,4,0,"N","N",121
"DOLPHD-959","M",14,"Local","MultiPass",14,10,1,0,0,1,0,0,0,0,0,NA,4,3,1,"N","N",124
"DOLPHD-9594","F",15,"Local","MultiPass",10,11,1,0,1,2,1,0,1,0,1,NA,3,3,0,"N","N",121
"DOLPHD-9595","F",19,"Local","MultiPass",10,11,1,0,0,1,0,1,0,0,1,NA,3,3,0,"N","N",121
"DOLPHD-9597","F",14,"Local","SinglePass",10,11,0,1,1,2,1,1,1,0,1,NA,4,3,0,"N","N",146
"DOLPHD-960","M",6,"Overseas","SinglePass",10,9,0,0,1,1,1,1,1,0,3,NA,3,1,1,"N","N",144
"DOLPHD-9602","F",17,"Overseas","MultiPass",10,11,1,0,0,2,1,1,1,0,1,NA,3,4,0,"N","N",121
"DOLPHD-9603","F",19,"Local","SinglePass",10,11,1,0,0,2,0,0,0,0,1,NA,2,4,0,"N","N",46
"DOLPHD-9605","F",17,"Overseas","MultiPass",10,11,1,0,0,2,1,1,0,0,1,NA,4,4,0,"N","N",121
"DOLPHD-9606","F",16,"Local","SinglePass",10,11,1,0,0,1,1,1,0,0,1,NA,3,4,0,"N","N",96
"DOLPHD-9608","F",18,"Overseas","MultiPass",10,11,1,0,0,1,1,1,0,0,1,NA,4,3,0,"N","N",121
"DOLPHD-961","F",14,"Local","SinglePass",25,4,1,0,0,0,0,1,0,0,0,NA,3,3,1,"Y","Y",79
"DOLPHD-9616","F",19,"Local","MultiPass",10,11,1,0,0,1,0,1,1,0,1,NA,3,4,0,"N","N",121
"DOLPHD-9617","F",19,"Overseas","SinglePass",10,11,1,0,1,2,1,1,0,0,1,NA,2,4,0,"N","Y",146
"DOLPHD-9618","F",18,"Local","SinglePass",10,11,1,0,1,1,0,1,0,0,1,NA,3,4,0,"N","N",96
"DOLPHD-962","M",10,"Local","SinglePass",10,5,0,0,0,1,1,1,0,0,2,NA,4,1,1,"N","N",90
"DOLPHD-9624","F",19,"Local","SinglePass",10,11,1,0,0,1,0,1,0,0,1,NA,3,3,0,"N","N",71
"DOLPHD-9625","F",13,"Local","SinglePass",10,11,1,0,1,1,0,1,1,0,1,NA,3,4,0,"N","N",146
"DOLPHD-963","M",12,"Overseas","SinglePass",18,9,1,0,0,0,1,1,0,0,0,NA,3,4,1,"N","N",102
"DOLPHD-9632","F",14,"Overseas","SinglePass",10,11,0,0,0,2,0,0,0,0,1,NA,2,3,0,"N","N",46
"DOLPHD-9636","F",16,"Local","MultiPass",10,11,0,0,0,2,0,1,1,0,1,NA,4,4,0,"N","N",121
"DOLPHD-9639","F",13,"Local","SinglePass",10,11,0,0,1,1,0,1,0,0,1,NA,2,3,0,"N","N",96
"DOLPHD-964","F",6,"Local","MultiPass",10,5,0,0,1,1,1,1,1,0,3,NA,4,1,1,"N","N",115
"DOLPHD-9640","F",16,"Local","MultiPass",10,11,1,0,0,1,0,1,0,0,1,NA,2,3,0,"N","N",121
"DOLPHD-9641","F",17,"Overseas","SinglePass",10,11,1,1,0,1,0,1,0,0,1,NA,2,4,0,"N","N",121
"DOLPHD-9643","F",18,"Local","MultiPass",10,11,1,0,0,1,0,1,0,0,1,NA,3,4,0,"N","Y",121
"DOLPHD-9645","F",16,"Local","SinglePass",10,11,0,0,0,1,0,0,0,0,1,NA,4,4,0,"N","N",21
"DOLPHD-9646","F",14,"Local","SinglePass",10,11,1,1,0,1,0,0,1,0,1,NA,2,3,0,"N","N",96
"DOLPHD-9648","F",18,"Local","SinglePass",10,11,0,0,0,1,0,1,0,0,1,NA,2,4,0,"Y","Y",71
"DOLPHD-965","M",12,"Local","MultiPass",13,4,1,0,0,1,1,1,0,0,0,NA,3,4,1,"N","N",117
"DOLPHD-9650","M",15,"Overseas","MultiPass",10,11,1,1,0,1,0,1,1,0,1,NA,4,3,0,"Y","Y",121
"DOLPHD-9653","M",18,"Overseas","SinglePass",10,11,0,0,0,1,0,0,0,0,1,NA,3,4,0,"N","N",21
"DOLPHD-9655","M",13,"Local","SinglePass",10,11,0,0,0,1,0,0,0,0,1,NA,4,3,0,"N","N",46
"DOLPHD-9657","M",19,"Local","MultiPass",10,11,1,0,0,2,0,0,0,0,1,NA,4,3,0,"Y","Y",121
"DOLPHD-966","M",11,"Overseas","SinglePass",10,8,0,0,0,0,1,0,0,0,0,NA,3,4,1,"N","N",43
"DOLPHD-9660","M",17,"Local","SinglePass",10,11,0,0,1,2,1,0,1,0,1,NA,4,4,0,"N","N",96
"DOLPHD-9661","M",16,"Local","MultiPass",10,11,1,0,1,2,0,1,0,0,1,NA,3,3,0,"N","N",121
"DOLPHD-9664","M",19,"Local","MultiPass",10,11,0,0,0,1,0,0,0,0,1,NA,4,3,0,"N","N",121
"DOLPHD-9665","M",14,"Overseas","MultiPass",10,11,0,0,0,2,0,0,0,0,1,NA,3,3,0,"Y","Y",121
"DOLPHD-9668","M",13,"Overseas","MultiPass",10,11,0,0,1,2,0,0,1,0,1,NA,2,3,0,"N","N",121
"DOLPHD-967","F",7,"Local","SinglePass",10,6,0,0,1,0,1,0,1,0,0,NA,4,3,1,"N","N",91
"DOLPHD-9671","M",16,"Overseas","MultiPass",10,11,1,0,0,1,0,1,0,0,1,NA,4,4,0,"N","N",121
"DOLPHD-9679","M",18,"Local","MultiPass",10,11,1,0,1,2,0,1,0,0,1,NA,3,4,0,"N","N",121
"DOLPHD-968","M",7,"Local","SinglePass",10,7,0,0,1,0,1,0,1,0,3,NA,2,2,1,"N","N",92
"DOLPHD-9680","M",15,"Overseas","SinglePass",10,11,1,0,1,1,0,1,1,0,1,NA,4,3,0,"N","N",146
"DOLPHD-9683","M",15,"Overseas","SinglePass",10,11,1,0,1,1,0,1,0,0,1,NA,4,3,0,"N","N",96
"DOLPHD-9686","M",18,"Overseas","MultiPass",10,11,1,0,0,2,0,0,0,0,1,NA,4,4,0,"N","N",121
"DOLPHD-9688","M",15,"Local","SinglePass",10,11,1,1,0,2,0,0,0,0,1,NA,4,4,0,"N","Y",71
"DOLPHD-9689","M",19,"Overseas","MultiPass",10,11,0,0,0,2,1,0,1,0,1,NA,3,4,0,"Y","Y",121
"DOLPHD-969","M",12,"Overseas","SinglePass",24,8,1,0,0,0,1,1,0,0,0,NA,4,3,1,"N","N",107
"DOLPHD-9691","M",13,"Local","SinglePass",10,11,1,0,1,1,0,0,0,0,1,NA,2,3,0,"N","N",71
"DOLPHD-9692","M",18,"Overseas","MultiPass",10,11,0,0,0,2,0,1,0,0,1,NA,2,3,0,"Y","Y",121
"DOLPHD-9695","M",14,"Overseas","SinglePass",10,11,1,1,0,1,0,1,0,0,1,NA,2,3,0,"N","N",121
"DOLPHD-9696","M",17,"Local","MultiPass",10,11,0,1,1,1,0,1,0,0,1,NA,4,4,0,"N","Y",121
"DOLPHD-9698","M",16,"Overseas","SinglePass",10,11,1,0,1,1,0,1,1,0,1,NA,4,4,0,"N","N",121
"DOLPHD-9699","M",19,"Local","MultiPass",10,11,0,1,0,1,0,1,0,0,1,NA,4,4,0,"N","N",121
"DOLPHD-970","F",11,"Local","MultiPass",10,10,0,0,0,0,1,0,0,0,2,NA,4,2,1,"N","N",120
"DOLPHD-9701","M",16,"Overseas","SinglePass",10,11,0,0,1,1,0,0,0,0,1,NA,4,3,0,"N","N",71
"DOLPHD-9702","M",15,"Local","SinglePass",10,11,1,1,1,2,0,1,0,0,1,NA,3,3,0,"Y","Y",146
"DOLPHD-9703","M",19,"Local","MultiPass",10,11,1,0,0,1,0,0,0,0,1,NA,3,4,0,"N","Y",121
"DOLPHD-9709","M",16,"Local","SinglePass",10,11,0,0,0,2,0,0,1,0,1,NA,3,4,0,"N","Y",71
"DOLPHD-971","M",14,"Local","MultiPass",23,7,1,0,0,0,0,0,0,0,2,NA,3,2,1,"N","N",130
"DOLPHD-9710","M",18,"Overseas","MultiPass",10,11,1,0,0,2,0,0,0,0,1,NA,3,3,0,"Y","Y",121
"DOLPHD-9711","M",19,"Local","SinglePass",10,11,1,0,0,2,1,1,1,0,1,NA,4,4,0,"N","N",121
"DOLPHD-9712","M",15,"Local","SinglePass",10,11,1,0,0,2,0,1,1,0,1,NA,3,3,0,"N","Y",96
"DOLPHD-9713","M",15,"Overseas","MultiPass",10,11,1,0,0,1,0,0,1,0,1,NA,4,3,0,"N","N",121
"DOLPHD-9716","M",13,"Overseas","SinglePass",10,11,0,0,1,1,0,0,1,0,1,NA,4,3,0,"N","Y",71
"DOLPHD-972","M",13,"Overseas","SinglePass",12,6,1,0,0,0,1,1,0,0,0,NA,4,4,1,"N","Y",93
"DOLPHD-9720","M",14,"Local","MultiPass",10,11,0,0,0,2,1,1,0,0,1,NA,3,3,0,"N","N",121
"DOLPHD-9722","M",17,"Overseas","SinglePass",10,11,0,0,0,2,1,1,1,0,1,NA,3,3,0,"N","N",96
"DOLPHD-9723","M",15,"Local","SinglePass",10,11,1,0,1,1,0,0,1,0,1,NA,3,4,0,"Y","Y",121
"DOLPHD-9726","M",14,"Local","SinglePass",10,11,0,0,0,2,0,0,0,0,1,NA,2,4,0,"N","N",46
"DOLPHD-9727","M",14,"Local","MultiPass",10,11,0,0,0,2,0,1,0,0,1,NA,4,3,0,"N","N",121
"DOLPHD-9728","M",16,"Overseas","MultiPass",10,11,1,0,1,1,0,0,1,0,1,NA,2,4,0,"N","N",121
"DOLPHD-9729","M",16,"Local","SinglePass",10,11,1,0,0,2,0,0,0,0,1,NA,3,4,0,"N","N",71
"DOLPHD-973","F",11,"Local","SinglePass",10,7,0,0,0,0,1,1,0,0,3,NA,3,2,1,"N","N",67
"DOLPHD-9730","M",18,"Local","SinglePass",10,11,1,0,1,1,0,1,1,0,1,NA,3,4,0,"N","N",146
"DOLPHD-9734","M",15,"Overseas","MultiPass",10,11,1,0,0,1,0,0,1,0,1,NA,2,4,0,"N","N",121
"DOLPHD-9735","M",14,"Local","MultiPass",10,11,1,0,0,2,0,0,0,0,1,NA,3,4,0,"N","Y",121
"DOLPHD-9736","M",17,"Local","SinglePass",10,11,1,0,0,2,0,1,0,0,1,NA,4,4,0,"N","N",96
"DOLPHD-974","M",12,"Local","SinglePass",25,10,1,0,0,1,1,1,0,0,0,NA,3,3,1,"N","N",135
"DOLPHD-9741","M",15,"Local","MultiPass",10,11,0,0,0,2,0,1,1,0,1,NA,4,4,0,"Y","Y",121
"DOLPHD-9742","M",15,"Local","MultiPass",10,11,1,0,1,2,0,0,0,0,1,NA,2,4,0,"N","N",121
"DOLPHD-9743","M",17,"Overseas","SinglePass",10,11,0,1,1,2,0,0,1,0,1,NA,2,4,0,"N","N",121
"DOLPHD-9749","M",16,"Overseas","MultiPass",10,11,0,1,1,2,0,1,0,0,1,NA,4,3,0,"N","Y",121
"DOLPHD-975","M",7,"Overseas","SinglePass",10,7,0,0,1,1,1,1,1,0,0,NA,4,4,1,"Y","Y",142
"DOLPHD-9750","M",14,"Local","SinglePass",10,11,1,0,0,2,0,0,0,0,1,NA,4,4,0,"N","N",46
"DOLPHD-9751","M",15,"Local","SinglePass",10,11,1,0,0,2,0,1,0,0,1,NA,2,3,0,"N","N",71
"DOLPHD-9752","M",15,"Overseas","MultiPass",10,11,0,0,0,2,0,1,0,0,1,NA,3,3,0,"N","N",121
"DOLPHD-9753","M",13,"Local","SinglePass",10,11,1,0,1,2,0,0,0,0,1,NA,3,3,0,"N","Y",71
"DOLPHD-9755","M",18,"Overseas","MultiPass",10,11,0,0,1,1,0,0,1,0,1,NA,2,3,0,"N","Y",121
"DOLPHD-9758","M",16,"Overseas","SinglePass",10,11,0,1,1,1,0,0,1,0,1,NA,4,4,0,"N","N",121
"DOLPHD-976","F",8,"Local","MultiPass",0,9,0,0,1,1,1,0,1,0,0,NA,4,3,1,"N","N",109
"DOLPHD-9761","M",17,"Overseas","SinglePass",10,11,1,0,1,2,0,0,0,0,1,NA,3,3,0,"N","Y",71
"DOLPHD-9763","M",19,"Local","MultiPass",10,11,1,0,0,1,0,1,1,0,1,NA,4,3,0,"N","N",121
"DOLPHD-9765","M",16,"Local","SinglePass",10,11,0,0,0,1,0,0,0,0,1,NA,2,3,0,"N","N",46
"DOLPHD-9769","M",15,"Local","MultiPass",10,11,1,0,0,2,1,1,1,0,1,NA,4,4,0,"N","Y",121
"DOLPHD-977","M",7,"Local","MultiPass",0,6,0,0,1,0,1,0,1,0,0,NA,4,3,1,"N","N",106
"DOLPHD-9773","M",17,"Overseas","MultiPass",10,11,1,1,1,1,0,0,0,0,1,NA,2,3,0,"Y","Y",121
"DOLPHD-9774","M",14,"Local","SinglePass",10,11,0,1,0,2,1,0,0,0,1,NA,4,3,0,"N","Y",71
"DOLPHD-9775","M",19,"Local","SinglePass",10,11,0,0,0,1,0,1,0,0,1,NA,3,3,0,"N","N",46
"DOLPHD-978","M",7,"Overseas","SinglePass",0,7,0,0,1,1,1,0,1,0,0,NA,4,4,1,"N","N",107
"DOLPHD-9781","M",18,"Local","SinglePass",10,11,1,1,0,1,1,0,1,0,1,NA,2,3,0,"N","Y",146
"DOLPHD-9784","M",13,"Local","MultiPass",10,11,0,0,0,2,1,1,1,0,1,NA,4,3,0,"N","N",121
"DOLPHD-9786","M",19,"Local","SinglePass",10,11,0,1,0,1,0,1,0,0,1,NA,3,3,0,"N","N",71
"DOLPHD-9787","M",16,"Local","MultiPass",10,11,1,0,1,2,0,1,1,0,1,NA,2,3,0,"Y","Y",121
"DOLPHD-9789","M",14,"Local","SinglePass",10,11,0,0,0,1,1,0,0,0,1,NA,3,4,0,"N","N",71
"DOLPHD-979","F",9,"Overseas","SinglePass",0,8,0,0,1,0,1,0,1,0,0,NA,2,3,1,"Y","Y",83
"DOLPHD-9792","M",18,"Local","SinglePass",10,11,1,1,0,2,0,0,0,0,1,NA,2,3,0,"N","Y",71
"DOLPHD-9794","M",13,"Overseas","MultiPass",10,11,0,0,0,1,0,1,1,0,1,NA,4,4,0,"N","Y",121
"DOLPHD-9795","M",19,"Local","SinglePass",10,11,1,1,0,2,1,0,0,0,1,NA,3,4,0,"N","N",121
"DOLPHD-9796","M",17,"Local","SinglePass",10,11,1,0,1,2,0,0,0,0,1,NA,4,4,0,"N","N",71
"DOLPHD-9798","M",16,"Local","MultiPass",10,11,1,0,0,2,0,1,1,0,1,NA,2,3,0,"N","N",121
"DOLPHD-9799","M",19,"Local","SinglePass",10,11,1,0,1,1,0,1,1,0,1,NA,2,4,0,"N","N",146
"DOLPHD-980","M",7,"Overseas","SinglePass",0,4,0,0,1,1,1,1,1,0,3,NA,3,1,1,"N","N",129
"DOLPHD-9800","M",17,"Overseas","SinglePass",10,11,0,1,0,2,1,0,1,0,1,NA,2,4,0,"N","N",96
"DOLPHD-9802","M",17,"Local","SinglePass",10,11,1,1,1,2,0,0,1,0,1,NA,3,3,0,"N","N",146
"DOLPHD-9804","M",15,"Local","MultiPass",10,11,0,0,0,1,0,1,0,0,1,NA,3,4,0,"N","N",121
"DOLPHD-9805","M",15,"Local","MultiPass",10,11,1,0,1,1,0,1,1,0,1,NA,2,4,0,"N","Y",121
"DOLPHD-9808","M",15,"Local","MultiPass",10,11,1,1,0,2,0,1,1,0,1,NA,2,3,0,"N","N",121
"DOLPHD-981","M",12,"Overseas","SinglePass",0,5,1,0,0,0,1,1,0,0,2,NA,4,1,1,"N","N",80
"DOLPHD-9810","M",17,"Local","SinglePass",10,11,1,0,1,1,1,1,0,0,1,NA,2,4,0,"N","N",146
"DOLPHD-9817","M",16,"Local","SinglePass",10,11,0,0,0,2,0,0,0,0,1,NA,4,3,0,"N","N",46
"DOLPHD-9819","M",14,"Local","MultiPass",10,11,1,0,1,1,0,0,1,0,1,NA,2,3,0,"Y","Y",121
"DOLPHD-982","F",13,"Overseas","MultiPass",0,9,1,0,0,0,1,1,0,0,0,NA,3,3,1,"N","N",109
"DOLPHD-9820","M",14,"Local","SinglePass",10,11,1,0,1,1,0,1,0,0,1,NA,4,4,0,"N","N",121
"DOLPHD-9821","M",16,"Overseas","SinglePass",10,11,0,0,0,1,0,0,0,0,1,NA,2,3,0,"N","Y",46
"DOLPHD-9827","M",18,"Overseas","SinglePass",10,11,1,0,0,2,1,0,1,0,1,NA,3,4,0,"N","N",121
"DOLPHD-9828","M",16,"Local","SinglePass",10,11,0,0,0,2,0,1,1,0,1,NA,3,3,0,"N","N",96
"DOLPHD-9829","M",15,"Local","MultiPass",10,11,0,0,0,1,0,0,0,0,1,NA,4,4,0,"N","N",121
"DOLPHD-983","M",11,"Overseas","MultiPass",0,9,0,0,0,1,1,0,0,0,3,NA,3,2,1,"N","N",109
"DOLPHD-9833","M",19,"Overseas","MultiPass",10,11,1,0,0,2,0,0,1,0,1,NA,3,4,0,"N","Y",121
"DOLPHD-9836","M",19,"Overseas","MultiPass",10,11,1,1,0,2,0,1,0,0,1,NA,2,3,0,"Y","N",121
"DOLPHD-9839","M",14,"Overseas","MultiPass",10,11,0,0,1,2,0,0,0,0,1,NA,2,3,0,"N","N",121
"DOLPHD-984","M",11,"Overseas","SinglePass",0,0,0,0,0,0,1,1,0,0,2,NA,3,2,1,"Y","Y",50
"DOLPHD-9840","M",15,"Local","MultiPass",10,11,1,0,0,2,0,0,0,0,1,NA,4,4,0,"N","N",121
"DOLPHD-9842","M",16,"Overseas","SinglePass",10,11,1,0,0,1,0,1,1,0,1,NA,4,4,0,"N","N",96
"DOLPHD-9843","M",19,"Local","MultiPass",10,11,1,0,0,1,0,1,0,0,1,NA,4,4,0,"N","N",121
"DOLPHD-9844","M",19,"Local","SinglePass",10,11,0,0,0,2,0,1,1,0,1,NA,3,4,0,"N","N",96
"DOLPHD-9847","M",14,"Local","MultiPass",10,11,1,1,0,1,0,1,0,0,1,NA,2,4,0,"N","N",121
"DOLPHD-9848","M",14,"Overseas","SinglePass",10,11,1,0,1,1,0,1,1,0,1,NA,4,4,0,"N","N",121
"DOLPHD-985","F",11,"Overseas","SinglePass",15,0,0,0,0,1,1,1,0,0,2,NA,4,2,1,"N","N",90
"DOLPHD-9850","M",19,"Local","MultiPass",10,11,0,0,1,2,0,0,0,0,1,NA,3,3,0,"N","N",121
"DOLPHD-9853","M",20,"Local","MultiPass",5,16,0,0,0,1,1,0,0,0,1,NA,4,4,0,"N","N",121
"DOLPHD-9855","M",25,"Local","SinglePass",5,16,0,0,0,2,1,1,0,0,1,NA,2,3,0,"N","N",71
"DOLPHD-9857","M",20,"Overseas","MultiPass",5,16,1,0,0,1,0,1,1,0,1,NA,3,4,0,"N","N",121
"DOLPHD-986","M",6,"Overseas","SinglePass",0,0,0,0,1,0,1,1,1,0,3,NA,3,1,1,"N","N",100
"DOLPHD-9860","M",21,"Overseas","MultiPass",5,16,0,1,0,1,0,0,1,0,1,NA,3,3,0,"N","N",121
"DOLPHD-9861","M",24,"Local","MultiPass",5,16,0,1,0,2,0,0,1,0,1,NA,2,3,0,"N","N",121
"DOLPHD-9862","M",23,"Local","SinglePass",5,16,1,1,0,2,0,1,0,0,1,NA,4,4,0,"N","N",96
"DOLPHD-9864","M",24,"Local","MultiPass",5,16,1,0,1,2,0,0,0,0,1,NA,4,3,0,"N","Y",121
"DOLPHD-9865","M",21,"Local","SinglePass",5,16,0,0,0,1,0,0,0,0,1,NA,2,4,0,"N","N",46
"DOLPHD-987","M",6,"Overseas","SinglePass",0,0,0,0,1,1,1,1,1,0,3,NA,4,2,1,"N","N",125
"DOLPHD-9871","M",22,"Local","MultiPass",5,16,0,0,0,1,0,0,0,0,1,NA,4,3,0,"N","Y",121
"DOLPHD-9874","M",24,"Local","MultiPass",5,16,0,0,1,1,0,1,0,0,1,NA,2,4,0,"N","N",121
"DOLPHD-9876","M",24,"Local","SinglePass",5,16,0,1,1,2,0,1,0,0,1,NA,3,3,0,"N","Y",121
"DOLPHD-9877","M",23,"Local","SinglePass",5,16,0,0,0,1,1,1,0,0,1,NA,4,3,0,"N","N",96
"DOLPHD-9878","M",25,"Overseas","MultiPass",5,16,1,0,0,2,0,1,1,0,1,NA,3,3,0,"N","N",121
"DOLPHD-988","F",12,"Overseas","MultiPass",0,0,1,0,0,0,1,1,0,0,1,NA,4,3,1,"N","Y",100
"DOLPHD-9880","M",25,"Local","SinglePass",5,16,1,0,1,2,0,0,1,0,1,NA,2,4,0,"N","N",96
"DOLPHD-9881","M",21,"Overseas","MultiPass",5,16,1,1,1,2,0,1,1,0,1,NA,4,3,0,"N","N",121
"DOLPHD-9882","M",24,"Local","MultiPass",5,16,0,0,0,1,1,0,0,0,1,NA,3,4,0,"N","Y",121
"DOLPHD-9885","M",24,"Local","MultiPass",5,16,0,0,0,1,0,0,1,0,1,NA,3,3,0,"N","Y",121
"DOLPHD-9886","M",24,"Local","SinglePass",5,16,0,0,1,1,0,0,1,0,1,NA,3,3,0,"Y","Y",96
"DOLPHD-9888","M",21,"Local","MultiPass",5,16,1,1,1,1,0,0,1,0,1,NA,3,4,0,"N","N",121
"DOLPHD-989","M",10,"Overseas","MultiPass",0,0,0,0,0,1,1,0,0,0,1,NA,4,3,1,"N","N",100
"DOLPHD-9893","M",22,"Overseas","SinglePass",5,16,1,1,0,1,0,0,0,0,1,NA,2,4,0,"N","N",71
"DOLPHD-9898","M",25,"Local","SinglePass",5,16,1,0,1,1,0,1,0,0,1,NA,4,4,0,"N","N",121
"DOLPHD-9899","M",20,"Overseas","MultiPass",5,16,0,0,0,2,0,0,0,0,1,NA,2,4,0,"N","Y",121
"DOLPHD-990","M",13,"Overseas","SinglePass",0,0,1,0,0,1,1,1,0,0,1,NA,2,4,1,"N","N",100
"DOLPHD-9901","M",23,"Local","SinglePass",5,16,1,0,1,2,0,0,0,0,1,NA,2,4,0,"N","N",71
"DOLPHD-9902","M",20,"Overseas","MultiPass",5,16,1,0,1,2,0,0,1,0,1,NA,3,3,0,"N","Y",121
"DOLPHD-9905","M",22,"Overseas","SinglePass",5,16,1,0,1,1,0,1,1,0,1,NA,4,3,0,"N","N",121
"DOLPHD-9908","M",24,"Overseas","SinglePass",5,16,0,0,1,1,0,1,0,0,1,NA,4,3,0,"N","N",96
"DOLPHD-991","F",14,"Overseas","SinglePass",0,0,1,0,0,1,0,0,0,0,1,NA,3,4,1,"N","N",50
"DOLPHD-9912","M",23,"Local","SinglePass",5,16,0,1,0,2,0,0,1,0,1,NA,3,4,0,"N","N",96
"DOLPHD-9915","M",22,"Local","SinglePass",5,16,0,0,0,2,0,1,0,0,1,NA,4,3,0,"N","N",71
"DOLPHD-9916","M",23,"Local","MultiPass",5,16,1,0,0,1,0,0,0,0,1,NA,4,3,0,"N","N",121
"DOLPHD-9917","M",22,"Overseas","MultiPass",5,16,1,1,1,2,0,1,0,0,1,NA,4,3,0,"N","N",121
"DOLPHD-9918","M",22,"Local","SinglePass",5,16,0,0,0,2,0,1,0,0,1,NA,2,3,0,"N","N",46
"DOLPHD-992","M",10,"Overseas","SinglePass",0,0,0,0,0,0,1,0,0,0,3,NA,3,1,1,"N","N",25
"DOLPHD-9920","M",22,"Overseas","MultiPass",5,16,1,0,0,2,0,0,1,0,1,NA,3,3,0,"N","N",121
"DOLPHD-9923","M",22,"Overseas","MultiPass",5,16,0,0,0,2,0,1,0,0,1,NA,3,3,0,"N","N",121
"DOLPHD-9925","M",23,"Local","SinglePass",5,16,0,1,0,2,0,1,0,0,1,NA,4,3,0,"N","N",96
"DOLPHD-9928","M",25,"Local","SinglePass",5,16,1,0,0,1,1,0,1,0,1,NA,3,3,0,"N","N",121
"DOLPHD-993","M",11,"Overseas","SinglePass",0,0,0,0,0,0,1,0,0,0,3,NA,4,1,1,"N","Y",25
"DOLPHD-9930","M",23,"Local","MultiPass",5,16,1,1,0,1,0,0,0,0,1,NA,4,4,0,"Y","Y",121
"DOLPHD-9932","M",22,"Overseas","SinglePass",5,16,1,0,0,2,0,0,1,0,1,NA,3,4,0,"N","N",71
"DOLPHD-9934","M",23,"Local","MultiPass",5,16,0,0,0,2,0,0,1,0,1,NA,4,4,0,"N","N",121
"DOLPHD-9936","M",20,"Local","SinglePass",5,16,0,1,1,1,1,1,0,0,1,NA,3,3,0,"N","N",146
"DOLPHD-9938","M",21,"Overseas","MultiPass",5,16,1,0,0,2,0,1,1,0,1,NA,3,3,0,"N","N",121
"DOLPHD-994","F",10,"Overseas","MultiPass",0,0,0,0,0,0,1,1,0,0,3,NA,2,2,1,"N","N",100
"DOLPHD-9940","M",23,"Local","SinglePass",5,16,1,0,1,2,0,0,1,0,1,NA,2,3,0,"N","Y",121
"DOLPHD-9941","M",21,"Overseas","MultiPass",5,16,0,0,1,1,0,0,0,0,1,NA,4,4,0,"N","N",121
"DOLPHD-9945","M",23,"Local","MultiPass",5,16,0,1,0,1,0,1,0,0,1,NA,2,4,0,"N","N",121
"DOLPHD-9947","M",23,"Overseas","SinglePass",5,16,1,0,1,1,1,1,1,0,1,NA,4,3,0,"N","Y",146
"DOLPHD-9948","M",25,"Local","MultiPass",5,16,1,0,1,1,0,1,1,0,1,NA,2,4,0,"N","N",121
"DOLPHD-995","M",14,"Overseas","MultiPass",15,0,1,0,0,0,0,1,0,0,1,NA,2,3,1,"N","Y",115
"DOLPHD-9953","M",21,"Overseas","SinglePass",5,16,1,0,0,2,1,0,0,0,1,NA,3,3,0,"N","Y",71
"DOLPHD-9955","M",24,"Local","MultiPass",5,16,1,0,1,1,1,1,0,0,1,NA,3,4,0,"N","N",121
"DOLPHD-9956","M",20,"Overseas","SinglePass",5,16,0,0,1,1,0,1,0,0,1,NA,2,4,0,"N","N",96
"DOLPHD-9958","M",21,"Local","MultiPass",5,16,0,0,0,1,0,1,1,0,1,NA,2,4,0,"N","N",121
"DOLPHD-996","M",13,"Overseas","SinglePass",15,0,1,0,0,0,1,1,0,0,1,NA,4,4,1,"N","Y",90
"DOLPHD-9961","M",20,"Local","SinglePass",5,16,1,0,0,2,1,0,0,0,1,NA,2,3,0,"N","Y",96
"DOLPHD-9965","M",25,"Overseas","MultiPass",5,16,1,0,1,1,0,0,0,0,1,NA,2,4,0,"N","N",121
"DOLPHD-9968","M",25,"Overseas","SinglePass",5,16,1,0,0,2,0,1,0,0,1,NA,4,3,0,"N","N",96
"DOLPHD-997","F",14,"Overseas","SinglePass",15,0,1,0,0,0,0,0,0,0,3,NA,4,2,1,"N","N",40
"DOLPHD-9977","M",25,"Overseas","SinglePass",5,16,1,1,1,2,0,0,0,0,1,NA,3,3,0,"N","Y",96
"DOLPHD-9978","M",22,"Local","SinglePass",5,16,1,0,1,2,0,0,0,0,1,NA,2,3,0,"N","N",71
"DOLPHD-998","M",6,"Overseas","SinglePass",0,0,0,0,1,0,1,0,1,0,1,NA,2,4,1,"Y","Y",75
"DOLPHD-9980","M",25,"Overseas","MultiPass",5,16,1,0,0,1,0,0,0,0,1,NA,3,3,0,"N","N",121
"DOLPHD-9983","M",20,"Overseas","MultiPass",5,16,0,0,1,1,0,1,0,0,1,NA,3,4,0,"N","N",121
"DOLPHD-9988","M",22,"Local","SinglePass",5,16,1,1,0,1,0,1,1,0,1,NA,2,3,0,"N","N",121
"DOLPHD-999","M",12,"Local","SinglePass",0,0,1,1,0,1,1,0,0,0,2,NA,2,1,1,"N","Y",100
"DOLPHD-9990","M",25,"Local","MultiPass",5,16,1,0,0,1,0,0,0,0,1,NA,4,4,0,"Y","Y",121
"DOLPHD-9991","M",20,"Local","SinglePass",5,16,0,0,0,1,0,1,0,0,1,NA,4,4,0,"N","N",71
